 No Angle  Input   Output  Absorbed Compton back/trans   Rayleigh back/tr  Heat
 1  9.2   0.2392   0.2331  0.00604  0.00003  0.00003  0.00002  0.00004  0.00593
  ENERGY(eV)  SOURCE FLUX   1st FLUX   2nd FLUX
 1.0000E+005 2.0560E+012 2.0554E+012
 9.9900E+004 2.1660E+012 2.1654E+012
 9.9800E+004 2.4240E+012 2.4233E+012
 9.9700E+004 2.8190E+012 2.8182E+012
 9.9600E+004 3.3830E+012 3.3821E+012
 9.9500E+004 4.2510E+012 4.2498E+012
 9.9400E+004 5.6770E+012 5.6754E+012
 9.9300E+004 7.9500E+012 7.9478E+012
 9.9200E+004 1.1130E+013 1.1127E+013
 9.9100E+004 1.4780E+013 1.4776E+013
 9.9000E+004 1.8010E+013 1.8005E+013
 9.8900E+004 1.9980E+013 1.9974E+013
 9.8800E+004 2.0460E+013 2.0454E+013
 9.8700E+004 1.9880E+013 1.9874E+013
 9.8600E+004 1.8900E+013 1.8895E+013
 9.8500E+004 1.7880E+013 1.7875E+013
 9.8400E+004 1.6750E+013 1.6745E+013
 9.8300E+004 1.5260E+013 1.5256E+013
 9.8200E+004 1.3270E+013 1.3266E+013
 9.8100E+004 1.0920E+013 1.0917E+013
 9.8000E+004 8.5500E+012 8.5476E+012
 9.7900E+004 6.6050E+012 6.6031E+012
 9.7800E+004 5.4060E+012 5.4045E+012
 9.7700E+004 5.0720E+012 5.0706E+012
 9.7600E+004 5.4860E+012 5.4844E+012
 9.7500E+004 6.3930E+012 6.3912E+012
 9.7400E+004 7.4600E+012 7.4579E+012
 9.7300E+004 8.3820E+012 8.3796E+012
 9.7200E+004 8.9410E+012 8.9384E+012
 9.7100E+004 9.0290E+012 9.0264E+012
 9.7000E+004 8.6550E+012 8.6525E+012
 9.6900E+004 7.9030E+012 7.9007E+012
 9.6800E+004 6.9210E+012 6.9190E+012
 9.6700E+004 5.8670E+012 5.8653E+012
 9.6600E+004 4.8920E+012 4.8906E+012
 9.6500E+004 4.1100E+012 4.1088E+012
 9.6400E+004 3.5950E+012 3.5940E+012
 9.6300E+004 3.3700E+012 3.3690E+012
 9.6200E+004 3.4170E+012 3.4160E+012
 9.6100E+004 3.6900E+012 3.6889E+012
 9.6000E+004 4.1130E+012 4.1118E+012
 9.5900E+004 4.6060E+012 4.6047E+012
 9.5800E+004 5.0910E+012 5.0895E+012
 9.5700E+004 5.4950E+012 5.4934E+012
 9.5600E+004 5.7700E+012 5.7683E+012
 9.5500E+004 5.8790E+012 5.8773E+012
 9.5400E+004 5.8110E+012 5.8093E+012
 9.5300E+004 5.5790E+012 5.5774E+012
 9.5200E+004 5.2300E+012 5.2285E+012
 9.5100E+004 4.8700E+012 4.8686E+012
 9.5000E+004 4.7200E+012 4.7186E+012
 9.4900E+004 5.1360E+012 5.1345E+012
 9.4800E+004 6.5180E+012 6.5161E+012
 9.4700E+004 9.0760E+012 9.0734E+012
 9.4600E+004 1.2580E+013 1.2576E+013
 9.4500E+004 1.6340E+013 1.6335E+013
 9.4400E+004 1.9480E+013 1.9474E+013
 9.4300E+004 2.1220E+013 2.1214E+013
 9.4200E+004 2.1130E+013 2.1124E+013
 9.4100E+004 1.9300E+013 1.9294E+013
 9.4000E+004 1.6400E+013 1.6395E+013
 9.3900E+004 1.3430E+013 1.3426E+013
 9.3800E+004 1.1300E+013 1.1297E+013
 9.3700E+004 1.0470E+013 1.0467E+013
 9.3600E+004 1.0860E+013 1.0857E+013
 9.3500E+004 1.1980E+013 1.1976E+013
 9.3400E+004 1.3170E+013 1.3166E+013
 9.3300E+004 1.3890E+013 1.3886E+013
 9.3200E+004 1.3820E+013 1.3816E+013
 9.3100E+004 1.2920E+013 1.2916E+013
 9.3000E+004 1.1390E+013 1.1387E+013
 9.2900E+004 9.5440E+012 9.5412E+012
 9.2800E+004 7.7190E+012 7.7167E+012
 9.2700E+004 6.1930E+012 6.1912E+012
 9.2600E+004 5.1440E+012 5.1425E+012
 9.2500E+004 4.6370E+012 4.6356E+012
 9.2400E+004 4.6290E+012 4.6276E+012
 9.2300E+004 5.0040E+012 5.0025E+012
 9.2200E+004 5.6190E+012 5.6173E+012
 9.2100E+004 6.3000E+012 6.2981E+012
 9.2000E+004 6.9030E+012 6.9009E+012
 9.1900E+004 7.3140E+012 7.3118E+012
 9.1800E+004 7.4610E+012 7.4588E+012
 9.1700E+004 7.3210E+012 7.3188E+012
 9.1600E+004 6.9090E+012 6.9069E+012
 9.1500E+004 6.2680E+012 6.2661E+012
 9.1400E+004 5.4680E+012 5.4664E+012
 9.1300E+004 4.5890E+012 4.5876E+012
 9.1200E+004 3.7070E+012 3.7059E+012
 9.1100E+004 2.8960E+012 2.8951E+012
 9.1000E+004 2.2150E+012 2.2143E+012
 9.0900E+004 1.7030E+012 1.7025E+012
 9.0800E+004 1.3880E+012 1.3876E+012
 9.0700E+004 1.2900E+012 1.2896E+012
 9.0600E+004 1.4580E+012 1.4576E+012
 9.0500E+004 2.0480E+012 2.0474E+012
 9.0400E+004 3.4280E+012 3.4270E+012
 9.0300E+004 6.1490E+012 6.1471E+012
 9.0200E+004 1.0560E+013 1.0557E+013
 9.0100E+004 1.6170E+013 1.6165E+013
 9.0000E+004 2.1470E+013 2.1463E+013
 8.9900E+004 2.4720E+013 2.4712E+013
 8.9800E+004 2.5280E+013 2.5272E+013
 8.9700E+004 2.4050E+013 2.4043E+013
 8.9600E+004 2.2500E+013 2.2493E+013
 8.9500E+004 2.1570E+013 2.1563E+013
 8.9400E+004 2.1180E+013 2.1174E+013
 8.9300E+004 2.0660E+013 2.0654E+013
 8.9200E+004 1.9320E+013 1.9314E+013
 8.9100E+004 1.6950E+013 1.6945E+013
 8.9000E+004 1.3870E+013 1.3866E+013
 8.8900E+004 1.0670E+013 1.0667E+013
 8.8800E+004 7.9760E+012 7.9735E+012
 8.8700E+004 6.2160E+012 6.2141E+012
 8.8600E+004 5.5260E+012 5.5243E+012
 8.8500E+004 5.7660E+012 5.7642E+012
 8.8400E+004 6.6460E+012 6.6439E+012
 8.8300E+004 7.8000E+012 7.7976E+012
 8.8200E+004 8.8850E+012 8.8822E+012
 8.8100E+004 9.6390E+012 9.6360E+012
 8.8000E+004 9.9160E+012 9.9129E+012
 8.7900E+004 9.6760E+012 9.6730E+012
 8.7800E+004 8.9730E+012 8.9702E+012
 8.7700E+004 7.9290E+012 7.9265E+012
 8.7600E+004 6.6950E+012 6.6929E+012
 8.7500E+004 5.4310E+012 5.4293E+012
 8.7400E+004 4.2790E+012 4.2777E+012
 8.7300E+004 3.3490E+012 3.3479E+012
 8.7200E+004 2.7100E+012 2.7091E+012
 8.7100E+004 2.3910E+012 2.3902E+012
 8.7000E+004 2.3810E+012 2.3803E+012
 8.6900E+004 2.6400E+012 2.6392E+012
 8.6800E+004 3.1080E+012 3.1070E+012
 8.6700E+004 3.7080E+012 3.7068E+012
 8.6600E+004 4.3640E+012 4.3626E+012
 8.6500E+004 5.0030E+012 5.0014E+012
 8.6400E+004 5.5620E+012 5.5602E+012
 8.6300E+004 5.9980E+012 5.9961E+012
 8.6200E+004 6.2940E+012 6.2920E+012
 8.6100E+004 6.4940E+012 6.4919E+012
 8.6000E+004 6.7860E+012 6.7838E+012
 8.5900E+004 7.5960E+012 7.5936E+012
 8.5800E+004 9.5450E+012 9.5420E+012
 8.5700E+004 1.3040E+013 1.3036E+013
 8.5600E+004 1.7770E+013 1.7764E+013
 8.5500E+004 2.2710E+013 2.2703E+013
 8.5400E+004 2.6690E+013 2.6681E+013
 8.5300E+004 2.8850E+013 2.8841E+013
 8.5200E+004 2.8680E+013 2.8671E+013
 8.5100E+004 2.6080E+013 2.6072E+013
 8.5000E+004 2.1590E+013 2.1583E+013
 8.4900E+004 1.6440E+013 1.6435E+013
 8.4800E+004 1.2020E+013 1.2016E+013
 8.4700E+004 9.3440E+012 9.3410E+012
 8.4600E+004 8.7010E+012 8.6982E+012
 8.4500E+004 9.6810E+012 9.6779E+012
 8.4400E+004 1.1510E+013 1.1506E+013
 8.4300E+004 1.3350E+013 1.3346E+013
 8.4200E+004 1.4560E+013 1.4555E+013
 8.4100E+004 1.4800E+013 1.4795E+013
 8.4000E+004 1.4050E+013 1.4045E+013
 8.3900E+004 1.2530E+013 1.2526E+013
 8.3800E+004 1.0560E+013 1.0557E+013
 8.3700E+004 8.4980E+012 8.4952E+012
 8.3600E+004 6.6620E+012 6.6598E+012
 8.3500E+004 5.2710E+012 5.2693E+012
 8.3400E+004 4.4350E+012 4.4335E+012
 8.3300E+004 4.1710E+012 4.1696E+012
 8.3200E+004 4.4080E+012 4.4066E+012
 8.3100E+004 5.0210E+012 5.0193E+012
 8.3000E+004 5.8580E+012 5.8561E+012
 8.2900E+004 6.7610E+012 6.7588E+012
 8.2800E+004 7.5910E+012 7.5885E+012
 8.2700E+004 8.2310E+012 8.2283E+012
 8.2600E+004 8.6120E+012 8.6092E+012
 8.2500E+004 8.6920E+012 8.6891E+012
 8.2400E+004 8.4700E+012 8.4672E+012
 8.2300E+004 7.9720E+012 7.9694E+012
 8.2200E+004 7.2520E+012 7.2496E+012
 8.2100E+004 6.3700E+012 6.3679E+012
 8.2000E+004 5.3990E+012 5.3972E+012
 8.1900E+004 4.4100E+012 4.4085E+012
 8.1800E+004 3.4690E+012 3.4678E+012
 8.1700E+004 2.6370E+012 2.6361E+012
 8.1600E+004 1.9920E+012 1.9913E+012
 8.1500E+004 1.7070E+012 1.7064E+012
 8.1400E+004 2.2420E+012 2.2412E+012
 8.1300E+004 4.5060E+012 4.5045E+012
 8.1200E+004 9.4950E+012 9.4918E+012
 8.1100E+004 1.7070E+013 1.7064E+013
 8.1000E+004 2.4920E+013 2.4912E+013
 8.0900E+004 2.9660E+013 2.9650E+013
 8.0800E+004 2.9630E+013 2.9620E+013
 8.0700E+004 2.6310E+013 2.6301E+013
 8.0600E+004 2.2760E+013 2.2752E+013
 8.0500E+004 2.1180E+013 2.1173E+013
 8.0400E+004 2.1650E+013 2.1643E+013
 8.0300E+004 2.2980E+013 2.2972E+013
 8.0200E+004 2.3570E+013 2.3562E+013
 8.0100E+004 2.2580E+013 2.2572E+013
 8.0000E+004 1.9960E+013 1.9953E+013
 7.9900E+004 1.6340E+013 1.6334E+013
 7.9800E+004 1.2570E+013 1.2566E+013
 7.9700E+004 9.3660E+012 9.3628E+012
 7.9600E+004 7.2000E+012 7.1975E+012
 7.9500E+004 6.2140E+012 6.2119E+012
 7.9400E+004 6.2910E+012 6.2888E+012
 7.9300E+004 7.1510E+012 7.1485E+012
 7.9200E+004 8.4270E+012 8.4241E+012
 7.9100E+004 9.7660E+012 9.7626E+012
 7.9000E+004 1.0880E+013 1.0876E+013
 7.8900E+004 1.1550E+013 1.1546E+013
 7.8800E+004 1.1710E+013 1.1706E+013
 7.8700E+004 1.1310E+013 1.1306E+013
 7.8600E+004 1.0450E+013 1.0446E+013
 7.8500E+004 9.2190E+012 9.2158E+012
 7.8400E+004 7.7720E+012 7.7693E+012
 7.8300E+004 6.2520E+012 6.2498E+012
 7.8200E+004 4.7940E+012 4.7923E+012
 7.8100E+004 3.5110E+012 3.5098E+012
 7.8000E+004 2.4810E+012 2.4801E+012
 7.7900E+004 1.7540E+012 1.7534E+012
 7.7800E+004 1.3440E+012 1.3435E+012
 7.7700E+004 1.2400E+012 1.2396E+012
 7.7600E+004 1.4050E+012 1.4045E+012
 7.7500E+004 1.7890E+012 1.7884E+012
 7.7400E+004 2.3330E+012 2.3322E+012
 7.7300E+004 2.9740E+012 2.9729E+012
 7.7200E+004 3.6580E+012 3.6567E+012
 7.7100E+004 4.3680E+012 4.3664E+012
 7.7000E+004 5.2200E+012 5.2181E+012
 7.6900E+004 6.6760E+012 6.6736E+012
 7.6800E+004 9.6560E+012 9.6525E+012
 7.6700E+004 1.4990E+013 1.4985E+013
 7.6600E+004 2.2210E+013 2.2202E+013
 7.6500E+004 2.9360E+013 2.9349E+013
 7.6400E+004 3.4700E+013 3.4688E+013
 7.6300E+004 3.7760E+013 3.7746E+013
 7.6200E+004 3.8450E+013 3.8436E+013
 7.6100E+004 3.6330E+013 3.6317E+013
 7.6000E+004 3.1350E+013 3.1339E+013
 7.5900E+004 2.4460E+013 2.4451E+013
 7.5800E+004 1.7430E+013 1.7424E+013
 7.5700E+004 1.1960E+013 1.1956E+013
 7.5600E+004 8.9900E+012 8.9867E+012
 7.5500E+004 8.5340E+012 8.5309E+012
 7.5400E+004 9.9050E+012 9.9014E+012
 7.5300E+004 1.2160E+013 1.2156E+013
 7.5200E+004 1.4380E+013 1.4375E+013
 7.5100E+004 1.5910E+013 1.5904E+013
 7.5000E+004 1.6410E+013 1.6404E+013
 7.4900E+004 1.5830E+013 1.5824E+013
 7.4800E+004 1.4330E+013 1.4325E+013
 7.4700E+004 1.2220E+013 1.2215E+013
 7.4600E+004 9.8350E+012 9.8314E+012
 7.4500E+004 7.5010E+012 7.4982E+012
 7.4400E+004 5.4770E+012 5.4750E+012
 7.4300E+004 3.9400E+012 3.9385E+012
 7.4200E+004 2.9790E+012 2.9779E+012
 7.4100E+004 2.5980E+012 2.5970E+012
 7.4000E+004 2.7440E+012 2.7430E+012
 7.3900E+004 3.3100E+012 3.3088E+012
 7.3800E+004 4.1690E+012 4.1674E+012
 7.3700E+004 5.1820E+012 5.1801E+012
 7.3600E+004 6.2210E+012 6.2187E+012
 7.3500E+004 7.1710E+012 7.1683E+012
 7.3400E+004 7.9450E+012 7.9420E+012
 7.3300E+004 8.4860E+012 8.4828E+012
 7.3200E+004 8.7590E+012 8.7557E+012
 7.3100E+004 8.7590E+012 8.7557E+012
 7.3000E+004 8.5010E+012 8.4978E+012
 7.2900E+004 8.0200E+012 8.0170E+012
 7.2800E+004 7.3610E+012 7.3582E+012
 7.2700E+004 6.5800E+012 6.5775E+012
 7.2600E+004 5.7470E+012 5.7448E+012
 7.2500E+004 5.0010E+012 4.9991E+012
 7.2400E+004 4.7740E+012 4.7722E+012
 7.2300E+004 6.2450E+012 6.2426E+012
 7.2200E+004 1.1390E+013 1.1386E+013
 7.2100E+004 2.1230E+013 2.1222E+013
 7.2000E+004 3.2850E+013 3.2837E+013
 7.1900E+004 4.0050E+013 4.0035E+013
 7.1800E+004 3.8800E+013 3.8785E+013
 7.1700E+004 3.1180E+013 3.1168E+013
 7.1600E+004 2.2920E+013 2.2911E+013
 7.1500E+004 1.8440E+013 1.8433E+013
 7.1400E+004 1.8570E+013 1.8563E+013
 7.1300E+004 2.1410E+013 2.1402E+013
 7.1200E+004 2.4360E+013 2.4350E+013
 7.1100E+004 2.5630E+013 2.5620E+013
 7.1000E+004 2.4610E+013 2.4600E+013
 7.0900E+004 2.1650E+013 2.1642E+013
 7.0800E+004 1.7590E+013 1.7583E+013
 7.0700E+004 1.3320E+013 1.3315E+013
 7.0600E+004 9.5990E+012 9.5952E+012
 7.0500E+004 6.9050E+012 6.9023E+012
 7.0400E+004 5.4240E+012 5.4219E+012
 7.0300E+004 5.1070E+012 5.1050E+012
 7.0200E+004 5.7350E+012 5.7327E+012
 7.0100E+004 7.0150E+012 7.0122E+012
 7.0000E+004 8.6060E+012 8.6026E+012
 6.9900E+004 1.0210E+013 1.0206E+013
 6.9800E+004 1.1570E+013 1.1565E+013
 6.9700E+004 1.2520E+013 1.2515E+013
 6.9600E+004 1.2980E+013 1.2975E+013
 6.9500E+004 1.2900E+013 1.2895E+013
 6.9400E+004 1.2340E+013 1.2335E+013
 6.9300E+004 1.1370E+013 1.1365E+013
 6.9200E+004 1.0080E+013 1.0076E+013
 6.9100E+004 8.6170E+012 8.6135E+012
 6.9000E+004 7.0770E+012 7.0741E+012
 6.8900E+004 5.5710E+012 5.5687E+012
 6.8800E+004 4.1870E+012 4.1853E+012
 6.8700E+004 2.9940E+012 2.9928E+012
 6.8600E+004 2.0370E+012 2.0362E+012
 6.8500E+004 1.3370E+012 1.3365E+012
 6.8400E+004 8.9930E+011 8.9893E+011
 6.8300E+004 7.1110E+011 7.1081E+011
 6.8200E+004 7.4900E+011 7.4869E+011
 6.8100E+004 9.9470E+011 9.9429E+011
 6.8000E+004 1.5110E+012 1.5104E+012
 6.7900E+004 2.7350E+012 2.7339E+012
 6.7800E+004 6.0010E+012 5.9985E+012
 6.7700E+004 1.3140E+013 1.3135E+013
 6.7600E+004 2.3780E+013 2.3770E+013
 6.7500E+004 3.3840E+013 3.3826E+013
 6.7400E+004 3.9850E+013 3.9833E+013
 6.7300E+004 4.2770E+013 4.2752E+013
 6.7200E+004 4.4590E+013 4.4571E+013
 6.7100E+004 4.4690E+013 4.4671E+013
 6.7000E+004 4.1440E+013 4.1422E+013
 6.6900E+004 3.4620E+013 3.4605E+013
 6.6800E+004 2.5940E+013 2.5929E+013
 6.6700E+004 1.7750E+013 1.7742E+013
 6.6600E+004 1.1840E+013 1.1835E+013
 6.6500E+004 8.8850E+012 8.8812E+012
 6.6400E+004 8.6140E+012 8.6103E+012
 6.6300E+004 1.0270E+013 1.0266E+013
 6.6200E+004 1.2860E+013 1.2854E+013
 6.6100E+004 1.5530E+013 1.5523E+013
 6.6000E+004 1.7620E+013 1.7612E+013
 6.5900E+004 1.8750E+013 1.8742E+013
 6.5800E+004 1.8790E+013 1.8782E+013
 6.5700E+004 1.7820E+013 1.7812E+013
 6.5600E+004 1.6020E+013 1.6013E+013
 6.5500E+004 1.3680E+013 1.3674E+013
 6.5400E+004 1.1070E+013 1.1065E+013
 6.5300E+004 8.4690E+012 8.4653E+012
 6.5200E+004 6.1020E+012 6.0993E+012
 6.5100E+004 4.1250E+012 4.1232E+012
 6.5000E+004 2.6380E+012 2.6368E+012
 6.4900E+004 1.6760E+012 1.6753E+012
 6.4800E+004 1.2230E+012 1.2225E+012
 6.4700E+004 1.2250E+012 1.2245E+012
 6.4600E+004 1.6020E+012 1.6013E+012
 6.4500E+004 2.2560E+012 2.2550E+012
 6.4400E+004 3.0860E+012 3.0846E+012
 6.4300E+004 3.9960E+012 3.9942E+012
 6.4200E+004 4.8990E+012 4.8968E+012
 6.4100E+004 5.7240E+012 5.7214E+012
 6.4000E+004 6.4170E+012 6.4141E+012
 6.3900E+004 6.9410E+012 6.9379E+012
 6.3800E+004 7.2790E+012 7.2757E+012
 6.3700E+004 7.4270E+012 7.4236E+012
 6.3600E+004 7.4020E+012 7.3986E+012
 6.3500E+004 7.2570E+012 7.2537E+012
 6.3400E+004 7.2560E+012 7.2527E+012
 6.3300E+004 8.5050E+012 8.5011E+012
 6.3200E+004 1.3960E+013 1.3954E+013
 6.3100E+004 2.6990E+013 2.6978E+013
 6.3000E+004 4.5180E+013 4.5159E+013
 6.2900E+004 5.8010E+013 5.7983E+013
 6.2800E+004 5.6590E+013 5.6564E+013
 6.2700E+004 4.3240E+013 4.3220E+013
 6.2600E+004 2.7710E+013 2.7697E+013
 6.2500E+004 1.7870E+013 1.7862E+013
 6.2400E+004 1.5650E+013 1.5643E+013
 6.2300E+004 1.8670E+013 1.8661E+013
 6.2200E+004 2.3420E+013 2.3409E+013
 6.2100E+004 2.7180E+013 2.7167E+013
 6.2000E+004 2.8620E+013 2.8607E+013
 6.1900E+004 2.7530E+013 2.7517E+013
 6.1800E+004 2.4390E+013 2.4378E+013
 6.1700E+004 2.0020E+013 2.0011E+013
 6.1600E+004 1.5250E+013 1.5243E+013
 6.1500E+004 1.0780E+013 1.0775E+013
 6.1400E+004 7.1200E+012 7.1166E+012
 6.1300E+004 4.5350E+012 4.5328E+012
 6.1200E+004 3.1010E+012 3.0995E+012
 6.1100E+004 2.7330E+012 2.7317E+012
 6.1000E+004 3.2420E+012 3.2404E+012
 6.0900E+004 4.3850E+012 4.3829E+012
 6.0800E+004 5.9000E+012 5.8971E+012
 6.0700E+004 7.5480E+012 7.5443E+012
 6.0600E+004 9.1140E+012 9.1096E+012
 6.0500E+004 1.0440E+013 1.0435E+013
 6.0400E+004 1.1430E+013 1.1424E+013
 6.0300E+004 1.2000E+013 1.1994E+013
 6.0200E+004 1.2160E+013 1.2154E+013
 6.0100E+004 1.1920E+013 1.1914E+013
 6.0000E+004 1.1340E+013 1.1334E+013
 5.9900E+004 1.0470E+013 1.0465E+013
 5.9800E+004 9.4030E+012 9.3983E+012
 5.9700E+004 8.2090E+012 8.2049E+012
 5.9600E+004 6.9640E+012 6.9605E+012
 5.9500E+004 5.7350E+012 5.7321E+012
 5.9400E+004 4.5800E+012 4.5777E+012
 5.9300E+004 3.5440E+012 3.5422E+012
 5.9200E+004 2.6610E+012 2.6597E+012
 5.9100E+004 1.9590E+012 1.9580E+012
 5.9000E+004 1.4910E+012 1.4902E+012
 5.8900E+004 1.5820E+012 1.5812E+012
 5.8800E+004 3.8160E+012 3.8141E+012
 5.8700E+004 1.1900E+013 1.1894E+013
 5.8600E+004 2.7150E+013 2.7136E+013
 5.8500E+004 4.1290E+013 4.1269E+013
 5.8400E+004 4.5470E+013 4.5447E+013
 5.8300E+004 4.4000E+013 4.3977E+013
 5.8200E+004 4.4860E+013 4.4837E+013
 5.8100E+004 4.8110E+013 4.8085E+013
 5.8000E+004 4.8790E+013 4.8765E+013
 5.7900E+004 4.4220E+013 4.4197E+013
 5.7800E+004 3.5490E+013 3.5471E+013
 5.7700E+004 2.5400E+013 2.5387E+013
 5.7600E+004 1.6490E+013 1.6481E+013
 5.7500E+004 1.0170E+013 1.0165E+013
 5.7400E+004 6.8620E+012 6.8584E+012
 5.7300E+004 6.2350E+012 6.2317E+012
 5.7200E+004 7.6240E+012 7.6199E+012
 5.7100E+004 1.0200E+013 1.0195E+013
 5.7000E+004 1.3190E+013 1.3183E+013
 5.6900E+004 1.5980E+013 1.5971E+013
 5.6800E+004 1.8150E+013 1.8140E+013
 5.6700E+004 1.9440E+013 1.9429E+013
 5.6600E+004 1.9790E+013 1.9779E+013
 5.6500E+004 1.9250E+013 1.9240E+013
 5.6400E+004 1.7940E+013 1.7930E+013
 5.6300E+004 1.6060E+013 1.6051E+013
 5.6200E+004 1.3830E+013 1.3822E+013
 5.6100E+004 1.1430E+013 1.1424E+013
 5.6000E+004 9.0530E+012 9.0480E+012
 5.5900E+004 6.8440E+012 6.8402E+012
 5.5800E+004 4.9060E+012 4.9033E+012
 5.5700E+004 3.3120E+012 3.3102E+012
 5.5600E+004 2.0940E+012 2.0928E+012
 5.5500E+004 1.2580E+012 1.2573E+012
 5.5400E+004 7.8040E+011 7.7996E+011
 5.5300E+004 6.2050E+011 6.2015E+011
 5.5200E+004 7.2510E+011 7.2469E+011
 5.5100E+004 1.0360E+012 1.0354E+012
 5.5000E+004 1.4960E+012 1.4951E+012
 5.4900E+004 2.0450E+012 2.0438E+012
 5.4800E+004 2.6350E+012 2.6335E+012
 5.4700E+004 3.2240E+012 3.2221E+012
 5.4600E+004 3.7820E+012 3.7798E+012
 5.4500E+004 4.2970E+012 4.2945E+012
 5.4400E+004 4.8470E+012 4.8442E+012
 5.4300E+004 6.1230E+012 6.1194E+012
 5.4200E+004 1.1380E+013 1.1373E+013
 5.4100E+004 2.7450E+013 2.7434E+013
 5.4000E+004 5.5210E+013 5.5178E+013
 5.3900E+004 7.8580E+013 7.8534E+013
 5.3800E+004 7.9770E+013 7.9723E+013
 5.3700E+004 6.0690E+013 6.0654E+013
 5.3600E+004 3.6720E+013 3.6698E+013
 5.3500E+004 1.9900E+013 1.9888E+013
 5.3400E+004 1.3350E+013 1.3342E+013
 5.3300E+004 1.4570E+013 1.4561E+013
 5.3200E+004 1.9660E+013 1.9648E+013
 5.3100E+004 2.5400E+013 2.5385E+013
 5.3000E+004 2.9790E+013 2.9772E+013
 5.2900E+004 3.1880E+013 3.1861E+013
 5.2800E+004 3.1560E+013 3.1541E+013
 5.2700E+004 2.9190E+013 2.9172E+013
 5.2600E+004 2.5370E+013 2.5354E+013
 5.2500E+004 2.0760E+013 2.0747E+013
 5.2400E+004 1.5970E+013 1.5960E+013
 5.2300E+004 1.1490E+013 1.1483E+013
 5.2200E+004 7.6670E+012 7.6622E+012
 5.2100E+004 4.6860E+012 4.6831E+012
 5.2000E+004 2.6230E+012 2.6213E+012
 5.1900E+004 1.4500E+012 1.4491E+012
 5.1800E+004 1.0670E+012 1.0663E+012
 5.1700E+004 1.3270E+012 1.3262E+012
 5.1600E+004 2.0630E+012 2.0617E+012
 5.1500E+004 3.1080E+012 3.1060E+012
 5.1400E+004 4.3050E+012 4.3022E+012
 5.1300E+004 5.5190E+012 5.5154E+012
 5.1200E+004 6.6410E+012 6.6367E+012
 5.1100E+004 7.5930E+012 7.5881E+012
 5.1000E+004 8.3210E+012 8.3156E+012
 5.0900E+004 8.8000E+012 8.7942E+012
 5.0800E+004 9.0240E+012 9.0181E+012
 5.0700E+004 9.0030E+012 8.9971E+012
 5.0600E+004 8.7660E+012 8.7602E+012
 5.0500E+004 8.3460E+012 8.3405E+012
 5.0400E+004 7.7830E+012 7.7778E+012
 5.0300E+004 7.1170E+012 7.1122E+012
 5.0200E+004 6.3940E+012 6.3897E+012
 5.0100E+004 5.6560E+012 5.6522E+012
 5.0000E+004 4.9570E+012 4.9536E+012
 4.9900E+004 4.4630E+012 4.4600E+012
 4.9800E+004 5.4300E+012 5.4263E+012
 4.9700E+004 1.3630E+013 1.3621E+013
 4.9600E+004 3.6400E+013 3.6375E+013
 4.9500E+004 5.9780E+013 5.9739E+013
 4.9400E+004 5.9260E+013 5.9219E+013
 4.9300E+004 4.5470E+013 4.5438E+013
 4.9200E+004 4.1450E+013 4.1421E+013
 4.9100E+004 4.7980E+013 4.7946E+013
 4.9000E+004 5.4280E+013 5.4242E+013
 4.8900E+004 5.4100E+013 5.4062E+013
 4.8800E+004 4.7650E+013 4.7616E+013
 4.8700E+004 3.7680E+013 3.7653E+013
 4.8600E+004 2.6940E+013 2.6921E+013
 4.8500E+004 1.7370E+013 1.7358E+013
 4.8400E+004 1.0070E+013 1.0063E+013
 4.8300E+004 5.3560E+012 5.3521E+012
 4.8200E+004 3.1070E+012 3.1047E+012
 4.8100E+004 2.9110E+012 2.9089E+012
 4.8000E+004 4.2070E+012 4.2039E+012
 4.7900E+004 6.4110E+012 6.4063E+012
 4.7800E+004 9.0010E+012 8.9944E+012
 4.7700E+004 1.1550E+013 1.1541E+013
 4.7600E+004 1.3760E+013 1.3750E+013
 4.7500E+004 1.5430E+013 1.5418E+013
 4.7400E+004 1.6460E+013 1.6448E+013
 4.7300E+004 1.6830E+013 1.6817E+013
 4.7200E+004 1.6590E+013 1.6577E+013
 4.7100E+004 1.5830E+013 1.5818E+013
 4.7000E+004 1.4660E+013 1.4649E+013
 4.6900E+004 1.3190E+013 1.3180E+013
 4.6800E+004 1.1540E+013 1.1531E+013
 4.6700E+004 9.8210E+012 9.8134E+012
 4.6600E+004 8.1240E+012 8.1177E+012
 4.6500E+004 6.5240E+012 6.5189E+012
 4.6400E+004 5.0770E+012 5.0730E+012
 4.6300E+004 3.8160E+012 3.8130E+012
 4.6200E+004 2.7660E+012 2.7638E+012
 4.6100E+004 1.9320E+012 1.9305E+012
 4.6000E+004 1.3080E+012 1.3070E+012
 4.5900E+004 8.8190E+011 8.8119E+011
 4.5800E+004 6.3400E+011 6.3349E+011
 4.5700E+004 5.4210E+011 5.4166E+011
 4.5600E+004 5.8550E+011 5.8503E+011
 4.5500E+004 7.4970E+011 7.4909E+011
 4.5400E+004 1.0460E+012 1.0451E+012
 4.5300E+004 1.7310E+012 1.7296E+012
 4.5200E+004 5.2260E+012 5.2217E+012
 4.5100E+004 2.1430E+013 2.1412E+013
 4.5000E+004 5.9470E+013 5.9420E+013
 4.4900E+004 9.8090E+013 9.8008E+013
 4.4800E+004 1.0480E+014 1.0471E+014
 4.4700E+004 8.0870E+013 8.0802E+013
 4.4600E+004 4.9010E+013 4.8968E+013
 4.4500E+004 2.4690E+013 2.4669E+013
 4.4400E+004 1.1680E+013 1.1670E+013
 4.4300E+004 8.0230E+012 8.0161E+012
 4.4200E+004 1.0360E+013 1.0351E+013
 4.4100E+004 1.5620E+013 1.5606E+013
 4.4000E+004 2.1490E+013 2.1471E+013
 4.3900E+004 2.6500E+013 2.6477E+013
 4.3800E+004 2.9850E+013 2.9824E+013
 4.3700E+004 3.1310E+013 3.1282E+013
 4.3600E+004 3.0950E+013 3.0922E+013
 4.3500E+004 2.9100E+013 2.9074E+013
 4.3400E+004 2.6160E+013 2.6136E+013
 4.3300E+004 2.2540E+013 2.2520E+013
 4.3200E+004 1.8630E+013 1.8613E+013
 4.3100E+004 1.4770E+013 1.4757E+013
 4.3000E+004 1.1180E+013 1.1170E+013
 4.2900E+004 8.0490E+012 8.0416E+012
 4.2800E+004 5.4630E+012 5.4579E+012
 4.2700E+004 3.4620E+012 3.4588E+012
 4.2600E+004 2.0330E+012 2.0311E+012
 4.2500E+004 1.1260E+012 1.1249E+012
 4.2400E+004 6.7330E+011 6.7266E+011
 4.2300E+004 5.9140E+011 5.9084E+011
 4.2200E+004 7.9350E+011 7.9274E+011
 4.2100E+004 1.1960E+012 1.1949E+012
 4.2000E+004 1.7220E+012 1.7203E+012
 4.1900E+004 2.3050E+012 2.3028E+012
 4.1800E+004 2.8900E+012 2.8872E+012
 4.1700E+004 3.4350E+012 3.4316E+012
 4.1600E+004 3.9100E+012 3.9061E+012
 4.1500E+004 4.2940E+012 4.2897E+012
 4.1400E+004 4.5800E+012 4.5754E+012
 4.1300E+004 4.7660E+012 4.7612E+012
 4.1200E+004 4.8590E+012 4.8541E+012
 4.1100E+004 4.8760E+012 4.8711E+012
 4.1000E+004 4.8460E+012 4.8411E+012
 4.0900E+004 4.8360E+012 4.8311E+012
 4.0800E+004 5.3920E+012 5.3865E+012
 4.0700E+004 1.2240E+013 1.2227E+013
 4.0600E+004 4.5310E+013 4.5263E+013
 4.0500E+004 9.1260E+013 9.1165E+013
 4.0400E+004 8.3890E+013 8.3802E+013
 4.0300E+004 4.5780E+013 4.5732E+013
 4.0200E+004 3.2430E+013 3.2396E+013
 4.0100E+004 4.1810E+013 4.1765E+013
 4.0000E+004 5.3870E+013 5.3812E+013
 3.9900E+004 5.9750E+013 5.9685E+013
 3.9800E+004 5.8690E+013 5.8626E+013
 3.9700E+004 5.2540E+013 5.2483E+013
 3.9600E+004 4.3530E+013 4.3482E+013
 3.9500E+004 3.3590E+013 3.3553E+013
 3.9400E+004 2.4130E+013 2.4103E+013
 3.9300E+004 1.6000E+013 1.5982E+013
 3.9200E+004 9.6560E+012 9.6451E+012
 3.9100E+004 5.1800E+012 5.1741E+012
 3.9000E+004 2.4460E+012 2.4432E+012
 3.8900E+004 1.2030E+012 1.2016E+012
 3.8800E+004 1.1190E+012 1.1177E+012
 3.8700E+004 1.8660E+012 1.8638E+012
 3.8600E+004 3.1300E+012 3.1263E+012
 3.8500E+004 4.6420E+012 4.6365E+012
 3.8400E+004 6.1870E+012 6.1797E+012
 3.8300E+004 7.6050E+012 7.5960E+012
 3.8200E+004 8.7870E+012 8.7765E+012
 3.8100E+004 9.6700E+012 9.6584E+012
 3.8000E+004 1.0230E+013 1.0218E+013
 3.7900E+004 1.0470E+013 1.0457E+013
 3.7800E+004 1.0410E+013 1.0397E+013
 3.7700E+004 1.0100E+013 1.0088E+013
 3.7600E+004 9.5800E+012 9.5681E+012
 3.7500E+004 8.9000E+012 8.8889E+012
 3.7400E+004 8.1110E+012 8.1008E+012
 3.7300E+004 7.2590E+012 7.2498E+012
 3.7200E+004 6.3840E+012 6.3759E+012
 3.7100E+004 5.5220E+012 5.5149E+012
 3.7000E+004 4.7020E+012 4.6959E+012
 3.6900E+004 3.9420E+012 3.9369E+012
 3.6800E+004 3.2600E+012 3.2557E+012
 3.6700E+004 2.6680E+012 2.6645E+012
 3.6600E+004 2.1750E+012 2.1721E+012
 3.6500E+004 1.7950E+012 1.7926E+012
 3.6400E+004 1.5500E+012 1.5479E+012
 3.6300E+004 1.5300E+012 1.5279E+012
 3.6200E+004 2.7660E+012 2.7622E+012
 3.6100E+004 1.4960E+013 1.4940E+013
 3.6000E+004 6.0780E+013 6.0696E+013
 3.5900E+004 1.1790E+014 1.1774E+014
 3.5800E+004 1.3170E+014 1.3152E+014
 3.5700E+004 1.0570E+014 1.0555E+014
 3.5600E+004 6.9790E+013 6.9691E+013
 3.5500E+004 3.9700E+013 3.9643E+013
 3.5400E+004 1.9270E+013 1.9242E+013
 3.5300E+004 7.8540E+012 7.8427E+012
 3.5200E+004 3.3900E+012 3.3851E+012
 3.5100E+004 3.6670E+012 3.6616E+012
 3.5000E+004 6.6770E+012 6.6672E+012
 3.4900E+004 1.0890E+013 1.0874E+013
 3.4800E+004 1.5190E+013 1.5167E+013
 3.4700E+004 1.8880E+013 1.8852E+013
 3.4600E+004 2.1600E+013 2.1567E+013
 3.4500E+004 2.3190E+013 2.3155E+013
 3.4400E+004 2.3690E+013 2.3654E+013
 3.4300E+004 2.3220E+013 2.3184E+013
 3.4200E+004 2.1980E+013 2.1946E+013
 3.4100E+004 2.0170E+013 2.0138E+013
 3.4000E+004 1.7980E+013 1.7952E+013
 3.3900E+004 1.5610E+013 1.5585E+013
 3.3800E+004 1.3210E+013 1.3189E+013
 3.3700E+004 1.0890E+013 1.0872E+013
 3.3600E+004 8.7440E+012 8.7297E+012
 3.3500E+004 6.8280E+012 6.8168E+012
 3.3400E+004 5.1750E+012 5.1664E+012
 3.3300E+004 3.7960E+012 3.7897E+012
 3.3200E+004 2.6850E+012 2.6805E+012
 3.3100E+004 1.8240E+012 1.8209E+012
 3.3000E+004 1.1890E+012 1.1870E+012
 3.2900E+004 7.4970E+011 7.4841E+011
 3.2800E+004 4.7480E+011 4.7398E+011
 3.2700E+004 3.3320E+011 3.3262E+011
 3.2600E+004 2.9560E+011 2.9508E+011
 3.2500E+004 3.3610E+011 3.3550E+011
 3.2400E+004 4.3280E+011 4.3203E+011
 3.2300E+004 5.6850E+011 5.6748E+011
 3.2200E+004 7.3170E+011 7.3037E+011
 3.2100E+004 9.1870E+011 9.1702E+011
 3.2000E+004 1.1390E+012 1.1369E+012
 3.1900E+004 1.4330E+012 1.4303E+012
 3.1800E+004 1.9840E+012 1.9803E+012
 3.1700E+004 5.5950E+012 5.5844E+012
 3.1600E+004 4.4450E+013 4.4365E+013
 3.1500E+004 1.3840E+014 1.3813E+014
 3.1400E+004 1.2080E+014 1.2057E+014
 3.1300E+004 4.1440E+013 4.1359E+013
 3.1200E+004 1.6570E+013 1.6537E+013
 3.1100E+004 2.4810E+013 2.4761E+013
 3.1000E+004 3.8610E+013 3.8533E+013
 3.0900E+004 4.9140E+013 4.9041E+013
 3.0800E+004 5.4430E+013 5.4319E+013
 3.0700E+004 5.4860E+013 5.4747E+013
 3.0600E+004 5.1590E+013 5.1483E+013
 3.0500E+004 4.5900E+013 4.5804E+013
 3.0400E+004 3.8950E+013 3.8868E+013
 3.0300E+004 3.1660E+013 3.1593E+013
 3.0200E+004 2.4670E+013 2.4617E+013
 3.0100E+004 1.8410E+013 1.8370E+013
 3.0000E+004 1.3110E+013 1.3081E+013
 2.9900E+004 8.8560E+012 8.8365E+012
 2.9800E+004 5.6180E+012 5.6055E+012
 2.9700E+004 3.2860E+012 3.2786E+012
 2.9600E+004 1.7510E+012 1.7470E+012
 2.9500E+004 8.7170E+011 8.6972E+011
 2.9400E+004 4.9390E+011 4.9277E+011
 2.9300E+004 4.8140E+011 4.8028E+011
 2.9200E+004 7.1480E+011 7.1313E+011
 2.9100E+004 1.0940E+012 1.0914E+012
 2.9000E+004 1.5390E+012 1.5353E+012
 2.8900E+004 1.9910E+012 1.9862E+012
 2.8800E+004 2.4060E+012 2.4002E+012
 2.8700E+004 2.7560E+012 2.7493E+012
 2.8600E+004 3.0260E+012 3.0185E+012
 2.8500E+004 3.2100E+012 3.2020E+012
 2.8400E+004 3.3110E+012 3.3027E+012
 2.8300E+004 3.3350E+012 3.3265E+012
 2.8200E+004 3.2920E+012 3.2836E+012
 2.8100E+004 3.1930E+012 3.1847E+012
 2.8000E+004 3.0520E+012 3.0440E+012
 2.7900E+004 2.8820E+012 2.8744E+012
 2.7800E+004 2.6960E+012 2.6888E+012
 2.7700E+004 2.5090E+012 2.5022E+012
 2.7600E+004 2.3340E+012 2.3277E+012
 2.7500E+004 2.1880E+012 2.1820E+012
 2.7400E+004 2.1030E+012 2.0972E+012
 2.7300E+004 2.1390E+012 2.1330E+012
 2.7200E+004 2.6040E+012 2.5966E+012
 2.7100E+004 8.8080E+012 8.7829E+012
 2.7000E+004 5.6070E+013 5.5908E+013
 2.6900E+004 1.3130E+014 1.3092E+014
 2.6800E+004 1.5090E+014 1.5046E+014
 2.6700E+004 1.2890E+014 1.2852E+014
 2.6600E+004 9.6790E+013 9.6499E+013
 2.6500E+004 6.6720E+013 6.6518E+013
 2.6400E+004 4.2430E+013 4.2300E+013
 2.6300E+004 2.4640E+013 2.4564E+013
 2.6200E+004 1.2740E+013 1.2700E+013
 2.6100E+004 5.6400E+012 5.6222E+012
 2.6000E+004 2.1290E+012 2.1222E+012
 2.5900E+004 1.1310E+012 1.1273E+012
 2.5800E+004 1.7190E+012 1.7134E+012
 2.5700E+004 3.1750E+012 3.1645E+012
 2.5600E+004 4.9720E+012 4.9554E+012
 2.5500E+004 6.7510E+012 6.7283E+012
 2.5400E+004 8.2850E+012 8.2568E+012
 2.5300E+004 9.4540E+012 9.4215E+012
 2.5200E+004 1.0210E+013 1.0174E+013
 2.5100E+004 1.0570E+013 1.0533E+013
 2.5000E+004 1.0560E+013 1.0522E+013
 2.4900E+004 1.0250E+013 1.0213E+013
 2.4800E+004 9.7120E+012 9.6767E+012
 2.4700E+004 9.0040E+012 8.9709E+012
 2.4600E+004 8.1870E+012 8.1566E+012
 2.4500E+004 7.3160E+012 7.2885E+012
 2.4400E+004 6.4320E+012 6.4075E+012
 2.4300E+004 5.5730E+012 5.5516E+012
 2.4200E+004 4.7640E+012 4.7455E+012
 2.4100E+004 4.0180E+012 4.0022E+012
 2.4000E+004 3.3480E+012 3.3347E+012
 2.3900E+004 2.7590E+012 2.7479E+012
 2.3800E+004 2.2520E+012 2.2428E+012
 2.3700E+004 1.8230E+012 1.8155E+012
 2.3600E+004 1.4700E+012 1.4639E+012
 2.3500E+004 1.1850E+012 1.1800E+012
 2.3400E+004 9.6410E+011 9.5998E+011
 2.3300E+004 8.0250E+011 7.9903E+011
 2.3200E+004 6.9890E+011 6.9584E+011
 2.3100E+004 6.5670E+011 6.5379E+011
 2.3000E+004 6.9120E+011 6.8810E+011
 2.2900E+004 8.4840E+011 8.4455E+011
 2.2800E+004 1.2770E+012 1.2711E+012
 2.2700E+004 2.8090E+012 2.7959E+012
 2.2600E+004 3.1020E+013 3.0874E+013
 2.2500E+004 2.1510E+014 2.1407E+014
 2.2400E+004 1.7410E+014 1.7326E+014
 2.2300E+004 4.3220E+013 4.3009E+013
 2.2200E+004 8.3930E+012 8.3515E+012
 2.2100E+004 6.5190E+012 6.4863E+012
 2.2000E+004 1.3920E+013 1.3849E+013
 2.1900E+004 2.2540E+013 2.2424E+013
 2.1800E+004 2.9470E+013 2.9316E+013
 2.1700E+004 3.3820E+013 3.3641E+013
 2.1600E+004 3.5620E+013 3.5430E+013
 2.1500E+004 3.5300E+013 3.5109E+013
 2.1400E+004 3.3380E+013 3.3197E+013
 2.1300E+004 3.0420E+013 3.0251E+013
 2.1200E+004 2.6860E+013 2.6709E+013
 2.1100E+004 2.3090E+013 2.2958E+013
 2.1000E+004 1.9370E+013 1.9258E+013
 2.0900E+004 1.5880E+013 1.5787E+013
 2.0800E+004 1.2750E+013 1.2674E+013
 2.0700E+004 1.0020E+013 9.9596E+012
 2.0600E+004 7.7170E+012 7.6698E+012
 2.0500E+004 5.8240E+012 5.7879E+012
 2.0400E+004 4.2960E+012 4.2690E+012
 2.0300E+004 3.0970E+012 3.0773E+012
 2.0200E+004 2.1800E+012 2.1659E+012
 2.0100E+004 1.4970E+012 1.4872E+012
 2.0000E+004 1.0030E+012 9.9633E+011
 1.9900E+004 6.5730E+011 6.5286E+011
 1.9800E+004 4.2540E+011 4.2249E+011
 1.9700E+004 2.7850E+011 2.7657E+011
 1.9600E+004 1.9310E+011 1.9174E+011
 1.9500E+004 1.5090E+011 1.4982E+011
 1.9400E+004 1.3770E+011 1.3670E+011
 1.9300E+004 1.4320E+011 1.4215E+011
 1.9200E+004 1.6000E+011 1.5880E+011
 1.9100E+004 1.8360E+011 1.8221E+011
 1.9000E+004 2.1120E+011 2.0957E+011
 1.8900E+004 2.4210E+011 2.4021E+011
 1.8800E+004 2.7700E+011 2.7480E+011
 1.8700E+004 3.1860E+011 3.1603E+011
 1.8600E+004 3.7220E+011 3.6915E+011
 1.8500E+004 4.4790E+011 4.4418E+011
 1.8400E+004 5.6560E+011 5.6083E+011
 1.8300E+004 7.7250E+011 7.6588E+011
 1.8200E+004 1.2150E+012 1.2044E+012
 1.8100E+004 3.2400E+012 3.2113E+012
 1.8000E+004 4.0980E+013 4.0612E+013
 1.7900E+004 1.2250E+014 1.2138E+014
 1.7800E+004 1.4090E+014 1.3959E+014
 1.7700E+004 1.2850E+014 1.2729E+014
 1.7600E+004 1.0700E+014 1.0597E+014
 1.7500E+004 8.4340E+013 8.3518E+013
 1.7400E+004 6.3680E+013 6.3049E+013
 1.7300E+004 4.6310E+013 4.5843E+013
 1.7200E+004 3.2480E+013 3.2147E+013
 1.7100E+004 2.1930E+013 2.1702E+013
 1.7000E+004 1.4210E+013 1.4059E+013
 1.6900E+004 8.7920E+012 8.6972E+012
 1.6800E+004 5.1510E+012 5.0945E+012
 1.6700E+004 2.7840E+012 2.7529E+012
 1.6600E+004 1.3970E+012 1.3811E+012
 1.6500E+004 6.5120E+011 6.4368E+011
 1.6400E+004 3.2310E+011 3.1930E+011
 1.6300E+004 2.4480E+011 2.4187E+011
 1.6200E+004 3.0090E+011 2.9724E+011
 1.6100E+004 4.1370E+011 4.0857E+011
 1.6000E+004 5.3550E+011 5.2874E+011
 1.5900E+004 6.3960E+011 6.3138E+011
 1.5800E+004 7.1370E+011 7.0436E+011
 1.5700E+004 7.5390E+011 7.4385E+011
 1.5600E+004 7.6300E+011 7.5264E+011
 1.5500E+004 7.4650E+011 7.3617E+011
 1.5400E+004 7.1080E+011 7.0078E+011
 1.5300E+004 6.6230E+011 6.5279E+011
 1.5200E+004 6.0710E+011 5.9821E+011
 1.5100E+004 5.4990E+011 5.4170E+011
 1.5000E+004 4.9450E+011 4.8698E+011
 1.4900E+004 4.4400E+011 4.3711E+011
 1.4800E+004 4.0080E+011 3.9446E+011
 1.4700E+004 3.6620E+011 3.6030E+011
 1.4600E+004 3.4170E+011 3.3608E+011
 1.4500E+004 3.2900E+011 3.2348E+011
 1.4400E+004 3.3010E+011 3.2445E+011
 1.4300E+004 3.4860E+011 3.4251E+011
 1.4200E+004 3.9070E+011 3.8374E+011
 1.4100E+004 4.6870E+011 4.6018E+011
 1.4000E+004 6.0760E+011 5.9632E+011
 1.3900E+004 8.6650E+011 8.5008E+011
 1.3800E+004 1.4100E+012 1.3827E+012
 1.3700E+004 2.8830E+012 2.8260E+012
 1.3600E+004 1.2650E+013 1.2395E+013
 1.3550E+004 8.7830E+013 8.6039E+013
 1.3500E+004 3.3460E+014 3.2770E+014
 1.3400E+004 2.1630E+014 2.1174E+014
 1.3300E+004 6.9160E+013 6.7672E+013
 1.3200E+004 2.3640E+013 2.3120E+013
 1.3100E+004 6.9980E+012 6.8407E+012
 1.3000E+004 1.8640E+012 1.8212E+012
 1.2900E+004 1.5800E+012 1.5429E+012
 1.2800E+004 2.9740E+012 2.9025E+012
 1.2700E+004 4.6120E+012 4.4986E+012
 1.2600E+004 5.8750E+012 5.7272E+012
 1.2500E+004 6.5850E+012 6.4155E+012
 1.2400E+004 6.7680E+012 6.5897E+012
 1.2300E+004 6.5350E+012 6.3588E+012
 1.2200E+004 6.0120E+012 5.8461E+012
 1.2100E+004 5.3250E+012 5.1745E+012
 1.2000E+004 4.5700E+012 4.4378E+012
 1.1900E+004 3.8200E+012 3.7068E+012
 1.1800E+004 3.1220E+012 3.0272E+012
 1.1700E+004 2.5000E+012 2.4222E+012
 1.1600E+004 1.9680E+012 1.9052E+012
 1.1500E+004 1.5270E+012 1.4771E+012
 1.1400E+004 1.1690E+012 1.1298E+012
 1.1300E+004 8.8550E+011 8.5507E+011
 1.1200E+004 6.6600E+011 6.4252E+011
 1.1100E+004 4.9920E+011 4.8114E+011
 1.1000E+004 3.7460E+011 3.6070E+011
 1.0900E+004 2.8310E+011 2.7231E+011
 1.0800E+004 2.1730E+011 2.0880E+011
 1.0700E+004 1.7090E+011 1.6404E+011
 1.0600E+004 1.3900E+011 1.3327E+011
 1.0500E+004 1.1800E+011 1.1300E+011
 1.0400E+004 1.0520E+011 1.0062E+011
 1.0300E+004 9.8410E+010 9.4005E+010
 1.0200E+004 9.6440E+010 9.2002E+010
 1.0100E+004 9.8470E+010 9.3809E+010
 1.0000E+004 1.0420E+011 9.9127E+010
 9.9000E+003 1.1370E+011 1.0801E+011
 9.8000E+003 1.2780E+011 1.2121E+011
 9.7000E+003 1.4790E+011 1.4005E+011
 9.6000E+003 1.7680E+011 1.6714E+011
 9.5000E+003 2.2000E+011 2.0762E+011
 9.4000E+003 2.8830E+011 2.7159E+011
 9.3000E+003 4.0740E+011 3.8307E+011
 9.2000E+003 6.5240E+011 6.1225E+011
 9.1000E+003 1.3840E+012 1.2962E+012
 9.0000E+003 2.0210E+013 1.8887E+013
 8.9000E+003 7.5630E+013 7.0523E+013
 8.8000E+003 8.2250E+013 7.6519E+013
 8.7000E+003 7.3770E+013 6.8464E+013
 8.6000E+003 6.0620E+013 5.6117E+013
 8.5000E+003 4.7080E+013 4.3468E+013
 8.4000E+003 3.5060E+013 3.2280E+013
 8.3000E+003 2.5220E+013 2.3153E+013
 8.2000E+003 1.7620E+013 1.6127E+013
 8.1000E+003 1.1980E+013 1.0930E+013
 8.0000E+003 7.9600E+012 7.2379E+012
 7.9000E+003 5.1770E+012 4.6910E+012
 7.8000E+003 3.3050E+012 2.9838E+012
 7.7000E+003 2.0770E+012 1.8679E+012
 7.6000E+003 1.2930E+012 1.1581E+012
 7.5000E+003 8.0210E+011 7.1540E+011
 7.4000E+003 5.0150E+011 4.4529E+011
 7.3000E+003 3.2140E+011 2.8404E+011
 7.2000E+003 2.1530E+011 1.8933E+011
 7.1000E+003 1.5410E+011 1.3480E+011
 7.0000E+003 1.1940E+011 1.0387E+011
 6.9000E+003 1.0040E+011 8.6835E+010
 6.8000E+003 9.0280E+010 7.7602E+010
 6.7000E+003 8.5350E+010 7.2887E+010
 6.6000E+003 8.3400E+010 7.0731E+010
 6.5000E+003 8.3170E+010 7.0021E+010
 6.4000E+003 8.4010E+010 7.0185E+010
 6.3000E+003 8.5630E+010 7.0956E+010
 6.2000E+003 8.8040E+010 7.2322E+010
 6.1000E+003 9.1460E+010 7.4441E+010
 6.0000E+003 9.6320E+010 7.7631E+010
 5.9000E+003 1.0330E+011 8.2392E+010
 5.8000E+003 1.1340E+011 8.9446E+010
 5.7000E+003 1.2770E+011 9.9535E+010
 5.6000E+003 1.4800E+011 1.1390E+011
 5.5000E+003 1.7630E+011 1.3385E+011
 5.4000E+003 2.1580E+011 1.6148E+011
 5.3000E+003 2.7110E+011 1.9972E+011
 5.2000E+003 3.5000E+011 2.5356E+011
 5.1000E+003 4.6580E+011 3.3143E+011
 5.0000E+003 6.4580E+011 4.5068E+011
 4.9000E+003 9.5010E+011 6.4949E+011
 4.8000E+003 1.5410E+012 1.0303E+012
 4.7000E+003 2.9940E+012 1.9542E+012
 4.6000E+003 9.0150E+012 5.7334E+012
 4.5500E+003 2.7370E+013 1.7169E+013
 4.5250E+003 1.5010E+014 9.3490E+013
 4.5125E+003 3.1970E+014 1.9841E+014
 4.5000E+003 5.0300E+014 3.1103E+014
 4.4750E+003 5.9000E+014 3.6214E+014
 4.4500E+003 3.8780E+014 2.3624E+014
 4.4000E+003 2.0180E+014 1.2103E+014
 4.3000E+003 7.7450E+013 4.4937E+013
 4.2000E+003 3.1920E+013 1.7863E+013
 4.1000E+003 1.3120E+013 7.0582E+012
 4.0000E+003 5.3530E+012 2.7582E+012
 3.9000E+003 2.2390E+012 1.1003E+012
 3.8000E+003 1.0240E+012 4.7773E+011
 3.7000E+003 5.4940E+011 2.4203E+011
 3.6000E+003 3.5290E+011 1.4592E+011
 3.5000E+003 2.5880E+011 9.9759E+010
 3.4000E+003 2.0400E+011 7.2873E+010
 3.3000E+003 1.6650E+011 5.4660E+010
 3.2000E+003 1.3820E+011 4.1297E+010
 3.1000E+003 1.1640E+011 3.1314E+010
 3.0000E+003 9.9120E+010 2.3701E+010
 2.9000E+003 8.5610E+010 1.7928E+010
 2.8000E+003 7.5100E+010 1.3537E+010
 2.7000E+003 6.7010E+010 1.0187E+010
 2.6000E+003 6.0780E+010 7.6083E+009
 2.5000E+003 5.5940E+010 5.6032E+009
 2.4000E+003 5.2080E+010 4.0490E+009
 2.3000E+003 4.8840E+010 2.8329E+009
 2.2000E+003 4.5960E+010 1.8959E+009
 2.1000E+003 4.3240E+010 1.1963E+009
 2.0000E+003 4.0570E+010 7.0032E+008
 1.9000E+003 3.7900E+010 4.3066E+008
 1.8000E+003 3.5250E+010 2.1791E+010
 1.7000E+003 3.2670E+010 1.8638E+010
 1.6000E+003 3.0230E+010 1.5613E+010
 1.5000E+003 2.7990E+010 1.2759E+010
 1.4000E+003 2.6020E+010 1.0114E+010
 1.3000E+003 2.4360E+010 7.6989E+009
 1.2000E+003 2.3000E+010 5.5381E+009
 1.1000E+003 2.1940E+010 3.6569E+009
 1.0000E+003 2.1120E+010 2.1097E+009
