  13.000     0.000            6        48        13                             
  1.54994D+00  1.19048D-01  8.11955D-02  8.07119D-02  1.01568D-02  4.87855D-03  
 1.60000D-02  2.00000D-02  3.50000D-02  5.50000D-02  7.80000D-02  8.20000D-02   
 1.10000D-01  1.20000D-01  1.50000D-01  3.00000D-01  5.00000D-01  7.50000D-01   
 1.00000D+00  1.30000D+00  1.50000D+00  1.56000D+00  1.85000D+00  2.00000D+00   
 2.50000D+00  3.50000D+00  5.00000D+00  6.50000D+00  8.00000D+00  1.00000D+01   
 1.25000D+01  1.50000D+01  2.00000D+01  2.50000D+01  3.00000D+01  3.50000D+01   
 4.00000D+01  4.50000D+01  5.00000D+01  6.00000D+01  7.50000D+01  9.00000D+01   
 1.00000D+02  1.20000D+02  1.50000D+02  1.75000D+02  2.00000D+02  2.40000D+02   
 2.80000D+02  3.30000D+02  3.90000D+02  4.40000D+02  4.95000D+02  5.00000D+02   
 0.00000D+00  0.00000D+00  0.00000D+00  0.00000D+00  7.02228D-01  8.29249D-01   
 0.00000D+00  0.00000D+00  0.00000D+00  0.00000D+00  2.45445D+00  7.32273D-01   
 0.00000D+00  0.00000D+00  0.00000D+00  0.00000D+00  1.55556D+01  5.16825D+00   
 0.00000D+00  0.00000D+00  0.00000D+00  0.00000D+00  4.18928D+01  1.75750D+01   
 0.00000D+00  0.00000D+00  0.00000D+00  0.00000D+00  7.58706D+01  3.24664D+01   
 0.00000D+00  0.00000D+00  4.23740D+02  9.59036D+02  8.20440D+01  3.49128D+01   
 0.00000D+00  0.00000D+00  2.47691D+03  4.98168D+03  1.27586D+02  5.09024D+01   
 0.00000D+00  9.90901D+02  3.08231D+03  6.17688D+03  1.44700D+02  5.61312D+01   
 0.00000D+00  1.69207D+03  4.39226D+03  8.75174D+03  1.98508D+02  7.07943D+01   
 0.00000D+00  6.18408D+03  7.44954D+03  1.47596D+04  5.11885D+02  1.23399D+02   
 0.00000D+00  1.22747D+04  8.73371D+03  1.72553D+04  9.30100D+02  1.51874D+02   
 0.00000D+00  1.90647D+04  9.01470D+03  1.77712D+04  1.38771D+03  1.60484D+02   
 0.00000D+00  2.48580D+04  8.82924D+03  1.73766D+04  1.78260D+03  1.60288D+02   
 0.00000D+00  3.06670D+04  8.41010D+03  1.65245D+04  2.18113D+03  1.55236D+02   
 0.00000D+00  3.39679D+04  8.09554D+03  1.58914D+04  2.41239D+03  1.50678D+02   
 6.11231D+05  3.48800D+04  8.00068D+03  1.57008D+04  2.47613D+03  1.49124D+02   
 7.15926D+05  3.88623D+04  7.55092D+03  1.47999D+04  2.75484D+03  1.42002D+02   
 7.44541D+05  4.06772D+04  7.32881D+03  1.43559D+04  2.88329D+03  1.38293D+02   
 8.23270D+05  4.57806D+04  6.65395D+03  1.30093D+04  3.24375D+03  1.26480D+02   
 9.22755D+05  5.29679D+04  5.58598D+03  1.08862D+04  3.75570D+03  1.07166D+02   
 9.99719D+05  5.95080D+04  4.47563D+03  8.69232D+03  4.22557D+03  8.65516D+01   
 1.03759D+06  6.33549D+04  3.71803D+03  7.19842D+03  4.50448D+03  7.21564D+01   
 1.05642D+06  6.56962D+04  3.16799D+03  6.11352D+03  4.67549D+03  6.17140D+01   
 1.06601D+06  6.74722D+04  2.63394D+03  5.06082D+03  4.80687D+03  5.14454D+01   
 1.06521D+06  6.84770D+04  2.16552D+03  4.14153D+03  4.88322D+03  4.23674D+01   
 1.05750D+06  6.87188D+04  1.83247D+03  3.49111D+03  4.90411D+03  3.59841D+01   
 1.03404D+06  6.81557D+04  1.39402D+03  2.63506D+03  4.86878D+03  2.73824D+01   
 1.00774D+06  6.70342D+04  1.12120D+03  2.10597D+03  4.79187D+03  2.20481D+01   
 9.81938D+05  6.57411D+04  9.36187D+02  1.74834D+03  4.70181D+03  1.84395D+01   
 9.57632D+05  6.44265D+04  8.03596D+02  1.49225D+03  4.60963D+03  1.58072D+01   
 9.35096D+05  6.31576D+04  7.04479D+02  1.29906D+03  4.52005D+03  1.38659D+01   
 9.14321D+05  6.19513D+04  6.27729D+02  1.15178D+03  4.43440D+03  1.23719D+01   
 8.95214D+05  6.08153D+04  5.66380D+02  1.03345D+03  4.35359D+03  1.11135D+01   
 8.61435D+05  5.87512D+04  4.75250D+02  8.57529D+02  4.20669D+03  9.35686D+00   
 8.19820D+05  5.61345D+04  3.85350D+02  6.84077D+02  4.02018D+03  7.59395D+00   
 7.86434D+05  5.39836D+04  3.26835D+02  5.69786D+02  3.86696D+03  6.44892D+00   
 7.67692D+05  5.27636D+04  2.97118D+02  5.14593D+02  3.78006D+03  5.89087D+00   
 7.36764D+05  5.07398D+04  2.53472D+02  4.37925D+02  3.63564D+03  5.02720D+00   
 7.02712D+05  4.84951D+04  2.10850D+02  3.58990D+02  3.47547D+03  4.19180D+00   
 6.82587D+05  4.71676D+04  1.88023D+02  3.17663D+02  3.38063D+03  3.72936D+00   
 6.68034D+05  4.62070D+04  1.71684D+02  2.91477D+02  3.31186D+03  3.39705D+00   
 6.53479D+05  4.52542D+04  1.54526D+02  2.58114D+02  3.24369D+03  3.06344D+00   
 6.47017D+05  4.48444D+04  1.43192D+02  2.35171D+02  3.21451D+03  2.82575D+00   
 6.47381D+05  4.49014D+04  1.32892D+02  2.15175D+02  3.21804D+03  2.69294D+00   
 6.57042D+05  4.55999D+04  1.24643D+02  2.07961D+02  3.26731D+03  2.44299D+00   
 6.70977D+05  4.65837D+04  1.18331D+02  2.02566D+02  3.33719D+03  2.54421D+00   
 6.91189D+05  4.79914D+04  1.12819D+02  1.94893D+02  3.44247D+03  2.20969D+00   
 6.93241D+05  4.81336D+04  1.12450D+02  1.94343D+02  3.44768D+03  2.42362D+00   
 0.00000D+00  0.00000D+00  0.00000D+00  0.00000D+00  1.00000D+00  1.00000D+00   
 0.00000D+00  0.00000D+00  0.00000D+00  0.00000D+00  1.00000D+00  1.00000D+00   
 0.00000D+00  0.00000D+00  0.00000D+00  0.00000D+00  1.00000D+00  1.00000D+00   
 0.00000D+00  0.00000D+00  0.00000D+00  0.00000D+00  1.00000D+00  1.00000D+00   
 0.00000D+00  0.00000D+00  0.00000D+00  0.00000D+00  1.00000D+00  1.00000D+00   
 0.00000D+00  0.00000D+00  1.00000D+00  1.00000D+00  1.00000D+00  1.00000D+00   
 0.00000D+00  0.00000D+00  1.00000D+00  1.00000D+00  1.00000D+00  1.00000D+00   
 0.00000D+00  1.00000D+00  1.00000D+00  1.00000D+00  1.00000D+00  1.00000D+00   
 0.00000D+00  1.00000D+00  1.00000D+00  1.00000D+00  1.00000D+00  1.00000D+00   
 0.00000D+00  1.00000D+00  1.00000D+00  1.00000D+00  1.00000D+00  1.00000D+00   
 0.00000D+00  1.00000D+00  1.00000D+00  1.00000D+00  1.00000D+00  1.00000D+00   
 0.00000D+00  1.00000D+00  1.00000D+00  1.00000D+00  1.00000D+00  1.00000D+00   
 0.00000D+00  1.00000D+00  1.00000D+00  1.00000D+00  1.00000D+00  1.00000D+00   
 0.00000D+00  1.00000D+00  1.00000D+00  1.00000D+00  1.00000D+00  1.00000D+00   
 0.00000D+00  1.00000D+00  1.00000D+00  1.00000D+00  1.00000D+00  1.00000D+00   
 1.00000D+00  1.00000D+00  1.00000D+00  1.00000D+00  1.00000D+00  1.00000D+00   
 1.00000D+00  1.00000D+00  1.00000D+00  1.00000D+00  1.00000D+00  1.00000D+00   
 1.00000D+00  1.00000D+00  1.00000D+00  1.00000D+00  1.00000D+00  1.00000D+00   
 1.00000D+00  1.00000D+00  1.00000D+00  1.00000D+00  1.00000D+00  1.00000D+00   
 1.00000D+00  1.00000D+00  1.00000D+00  1.00000D+00  1.00000D+00  1.00000D+00   
 1.00000D+00  1.00000D+00  1.00000D+00  1.00000D+00  1.00000D+00  1.00000D+00   
 1.00000D+00  1.00000D+00  1.00000D+00  1.00000D+00  1.00000D+00  1.00000D+00   
 1.00000D+00  1.00000D+00  1.00000D+00  1.00000D+00  1.00000D+00  1.00000D+00   
 1.00000D+00  1.00000D+00  1.00000D+00  1.00000D+00  1.00000D+00  1.00000D+00   
 1.00000D+00  1.00000D+00  1.00000D+00  1.00000D+00  1.00000D+00  1.00000D+00   
 1.00000D+00  1.00000D+00  1.00000D+00  1.00000D+00  1.00000D+00  1.00000D+00   
 1.00000D+00  1.00000D+00  1.00000D+00  1.00000D+00  1.00000D+00  1.00000D+00   
 1.00000D+00  1.00000D+00  1.00000D+00  1.00000D+00  1.00000D+00  1.00000D+00   
 1.00000D+00  1.00000D+00  1.00000D+00  1.00000D+00  1.00000D+00  1.00000D+00   
 1.00000D+00  1.00000D+00  1.00000D+00  1.00000D+00  1.00000D+00  1.00000D+00   
 1.00000D+00  1.00000D+00  1.00000D+00  1.00000D+00  1.00000D+00  1.00000D+00   
 1.00000D+00  1.00000D+00  1.00000D+00  1.00000D+00  1.00000D+00  1.00000D+00   
 1.00000D+00  1.00000D+00  1.00000D+00  1.00000D+00  1.00000D+00  1.00000D+00   
 1.00000D+00  1.00000D+00  1.00000D+00  1.00000D+00  1.00000D+00  1.00000D+00   
 1.00000D+00  1.00000D+00  1.00000D+00  1.00000D+00  1.00000D+00  1.00000D+00   
 1.00000D+00  1.00000D+00  1.00000D+00  1.00000D+00  1.00000D+00  1.00000D+00   
 1.00000D+00  1.00000D+00  1.00000D+00  1.00000D+00  1.00000D+00  1.00000D+00   
 1.00000D+00  1.00000D+00  1.00000D+00  1.00000D+00  1.00000D+00  1.00000D+00   
 1.00000D+00  1.00000D+00  1.00000D+00  1.00000D+00  1.00000D+00  1.00000D+00   
 1.00000D+00  1.00000D+00  1.00000D+00  1.00000D+00  1.00000D+00  1.00000D+00   
 1.00000D+00  1.00000D+00  1.00000D+00  1.00000D+00  1.00000D+00  1.00000D+00   
 1.00000D+00  1.00000D+00  1.00000D+00  1.00000D+00  1.00000D+00  1.00000D+00   
 1.00000D+00  1.00000D+00  1.00000D+00  1.00000D+00  1.00000D+00  1.00000D+00   
 1.00000D+00  1.00000D+00  1.00000D+00  1.00000D+00  1.00000D+00  1.00000D+00   
 1.00000D+00  1.00000D+00  1.00000D+00  1.00000D+00  1.00000D+00  1.00000D+00   
 1.00000D+00  1.00000D+00  1.00000D+00  1.00000D+00  1.00000D+00  1.00000D+00   
 1.00000D+00  1.00000D+00  1.00000D+00  1.00000D+00  1.00000D+00  1.00000D+00   
 1.00000D+00  1.00000D+00  1.00000D+00  1.00000D+00  1.00000D+00  1.00000D+00   
 0.00000D+00  0.00000D+00  0.00000D+00  0.00000D+00 -4.73100D-02  1.52230D-02   
 0.00000D+00  0.00000D+00  0.00000D+00  0.00000D+00 -1.30450D-02  6.01940D-03   
 0.00000D+00  0.00000D+00  0.00000D+00  0.00000D+00  2.11234D-02 -8.87969D-03   
 0.00000D+00  0.00000D+00  0.00000D+00  0.00000D+00  2.39009D-02 -2.32403D-03   
 0.00000D+00  0.00000D+00  0.00000D+00  0.00000D+00  1.63154D-02  4.22571D-03   
 0.00000D+00  0.00000D+00  5.68732D-03  4.92512D-03  1.48765D-02  5.29107D-03   
 0.00000D+00  0.00000D+00  7.06408D-03  7.21067D-03  6.21737D-03  1.20433D-02   
 0.00000D+00  3.97427D-03  9.24862D-03  9.37692D-03  3.83847D-03  1.41566D-02   
 0.00000D+00  5.53788D-02  1.53448D-02  1.54881D-02 -1.31057D-03  1.99739D-02   
 0.00000D+00 -6.51929D-03  4.60718D-02  4.62343D-02 -5.04526D-03  4.80418D-02   
 0.00000D+00  9.36419D-04  7.82432D-02  7.84118D-02  9.48043D-03  7.84411D-02   
 0.00000D+00  2.46380D-02  1.10462D-01  1.10618D-01  3.34361D-02  1.10283D-01   
 0.00000D+00  4.81081D-02  1.37492D-01  1.37621D-01  5.54774D-02  1.37388D-01   
 0.00000D+00  7.38312D-02  1.65393D-01  1.65472D-01  7.96945D-02  1.63608D-01   
 0.00000D+00  8.95804D-02  1.81945D-01  1.81987D-01  9.47012D-02  1.81289D-01   
-1.77795D-02  9.41053D-02  1.86647D-01  1.86678D-01  9.91800D-02  1.86198D-01   
 3.08443D-02  1.14824D-01  2.07948D-01  2.07925D-01  1.19142D-01  2.06363D-01   
 5.18656D-02  1.24863D-01  2.18167D-01  2.18119D-01  1.28789D-01  2.16965D-01   
 1.02672D-01  1.55540D-01  2.49303D-01  2.49155D-01  1.58946D-01  2.47532D-01   
 1.71549D-01  2.07474D-01  3.02497D-01  3.01988D-01  2.10085D-01  3.01106D-01   
 2.45681D-01  2.70620D-01  3.68897D-01  3.67737D-01  2.72379D-01  3.68254D-01   
 3.03969D-01  3.23381D-01  4.25670D-01  4.23976D-01  3.24801D-01  4.24518D-01   
 3.53354D-01  3.69566D-01  4.76397D-01  4.74151D-01  3.70876D-01  4.74551D-01   
 4.10335D-01  4.23759D-01  5.35866D-01  5.33682D-01  4.24776D-01  5.36097D-01   
 4.72011D-01  4.83389D-01  6.01363D-01  5.97357D-01  4.84283D-01  6.00070D-01   
 5.26342D-01  5.36740D-01  6.59571D-01  6.52716D-01  5.37482D-01  6.58744D-01   
 6.20230D-01  6.28713D-01  7.60560D-01  7.50569D-01  6.29394D-01  7.57913D-01   
 7.00800D-01  7.08389D-01  8.47794D-01  8.34198D-01  7.08850D-01  8.48970D-01   
 7.72217D-01  7.78734D-01  9.22392D-01  9.08989D-01  7.79142D-01  9.25172D-01   
 8.36788D-01  8.42483D-01  9.89530D-01  9.75281D-01  8.42916D-01  9.91455D-01   
 8.95948D-01  9.00951D-01  1.05079D+00  1.03980D+00  9.01432D-01  1.05103D+00   
 9.50677D-01  9.55273D-01  1.10822D+00  1.09133D+00  9.55744D-01  1.11130D+00   
 1.00168D+00  1.00585D+00  1.16446D+00  1.14274D+00  1.00631D+00  1.15697D+00   
 1.09455D+00  1.09821D+00  1.26966D+00  1.23379D+00  1.09871D+00  1.26464D+00   
 1.21630D+00  1.22001D+00  1.40167D+00  1.36031D+00  1.22024D+00  1.40004D+00   
 1.32245D+00  1.32600D+00  1.50975D+00  1.46059D+00  1.32602D+00  1.50677D+00   
 1.38643D+00  1.38964D+00  1.57754D+00  1.51795D+00  1.38969D+00  1.57464D+00   
 1.50107D+00  1.50351D+00  1.69071D+00  1.62450D+00  1.50361D+00  1.69921D+00   
 1.64619D+00  1.64768D+00  1.81834D+00  1.75285D+00  1.64780D+00  1.82038D+00   
 1.74789D+00  1.74890D+00  1.91120D+00  1.82227D+00  1.74907D+00  1.91799D+00   
 1.83578D+00  1.83650D+00  1.98448D+00  1.92146D+00  1.83664D+00  1.98440D+00   
 1.95328D+00  1.95390D+00  2.08650D+00  2.00351D+00  1.95398D+00  2.09771D+00   
 2.04794D+00  2.04844D+00  2.17058D+00  2.06474D+00  2.04856D+00  2.16209D+00   
 2.14084D+00  2.14126D+00  2.23632D+00  2.12101D+00  2.14108D+00  2.24311D+00   
 2.22287D+00  2.22320D+00  2.29221D+00  2.19620D+00  2.22251D+00  2.27641D+00   
 2.27269D+00  2.27308D+00  2.31178D+00  2.23540D+00  2.27189D+00  2.32714D+00   
 2.31215D+00  2.31201D+00  2.33461D+00  2.25458D+00  2.31420D+00  2.27228D+00   
 2.31505D+00  2.31488D+00  2.33377D+00  2.25667D+00  2.31235D+00  2.33888D+00   
 0.00000D+00  0.00000D+00  0.00000D+00  0.00000D+00 -9.98736D-01 -6.88447D-01   
 0.00000D+00  0.00000D+00  0.00000D+00  0.00000D+00 -9.99889D-01  3.12667D-02   
 0.00000D+00  0.00000D+00  0.00000D+00  0.00000D+00 -9.99979D-01 -3.61610D-01   
 0.00000D+00  0.00000D+00  0.00000D+00  0.00000D+00 -9.99609D-01 -6.49677D-01   
 0.00000D+00  0.00000D+00  0.00000D+00  0.00000D+00 -9.99310D-01 -7.45761D-01   
 0.00000D+00  0.00000D+00 -2.15423D-01 -1.40120D-01 -9.99275D-01 -7.54172D-01   
 0.00000D+00  0.00000D+00 -4.66347D-01 -4.70689D-01 -9.99153D-01 -7.85407D-01   
 0.00000D+00 -9.99669D-01 -5.42460D-01 -5.45660D-01 -9.99149D-01 -7.90031D-01   
 0.00000D+00 -9.98345D-01 -6.60422D-01 -6.62338D-01 -9.99201D-01 -7.94967D-01   
 0.00000D+00 -9.98896D-01 -7.41699D-01 -7.43623D-01 -9.99720D-01 -7.59899D-01   
 0.00000D+00 -9.99960D-01 -6.95468D-01 -6.97779D-01 -1.00007D+00 -6.88490D-01   
 0.00000D+00 -9.99883D-01 -6.23717D-01 -6.26234D-01 -9.99561D-01 -6.09233D-01   
 0.00000D+00 -9.98884D-01 -5.59688D-01 -5.62300D-01 -9.98421D-01 -5.43945D-01   
 0.00000D+00 -9.96969D-01 -4.94659D-01 -4.97354D-01 -9.96323D-01 -4.79808D-01   
 0.00000D+00 -9.95400D-01 -4.57386D-01 -4.60143D-01 -9.94843D-01 -4.43872D-01   
-9.99920D-01 -9.94894D-01 -4.47042D-01 -4.49822D-01 -9.94332D-01 -4.33252D-01   
-9.98943D-01 -9.92267D-01 -4.01620D-01 -4.04521D-01 -9.91586D-01 -3.90332D-01   
-9.97824D-01 -9.90811D-01 -3.80759D-01 -3.83733D-01 -9.90197D-01 -3.68952D-01   
-9.93076D-01 -9.85624D-01 -3.21453D-01 -3.24726D-01 -9.84956D-01 -3.12126D-01   
-9.81843D-01 -9.74317D-01 -2.34774D-01 -2.38900D-01 -9.73810D-01 -2.27853D-01   
-9.63545D-01 -9.56283D-01 -1.46992D-01 -1.52989D-01 -9.55403D-01 -1.42049D-01   
-9.44581D-01 -9.37657D-01 -8.33976D-02 -9.10847D-02 -9.37177D-01 -7.91249D-02   
-9.25328D-01 -9.18630D-01 -3.14278D-02 -4.09257D-02 -9.18123D-01 -3.01408D-02   
-8.99467D-01 -8.92983D-01  2.79878D-02  1.54330D-02 -8.92476D-01  3.22118D-02   
-8.67069D-01 -8.60903D-01  9.15332D-02  7.53972D-02 -8.60439D-01  8.86656D-02   
-8.34741D-01 -8.28511D-01  1.49014D-01  1.28139D-01 -8.28023D-01  1.54668D-01   
-7.70533D-01 -7.64299D-01  2.48431D-01  2.21152D-01 -7.63813D-01  2.43074D-01   
-7.07019D-01 -7.00955D-01  3.40242D-01  3.02567D-01 -7.00425D-01  3.39968D-01   
-6.44201D-01 -6.37907D-01  4.24166D-01  3.76509D-01 -6.37690D-01  4.22433D-01   
-5.82088D-01 -5.76498D-01  5.01861D-01  4.46412D-01 -5.76025D-01  5.04153D-01   
-5.20709D-01 -5.15299D-01  5.75572D-01  5.11529D-01 -5.14789D-01  5.76263D-01   
-4.60094D-01 -4.54845D-01  6.45798D-01  5.80932D-01 -4.54374D-01  6.60823D-01   
-4.00276D-01 -3.95137D-01  7.13029D-01  6.39058D-01 -3.94751D-01  7.06308D-01   
-2.83097D-01 -2.78558D-01  8.49804D-01  7.57628D-01 -2.77904D-01  8.50229D-01   
-1.13394D-01 -1.08639D-01  1.05278D+00  9.20707D-01 -1.07979D-01  1.04281D+00   
 4.94534D-02  5.47754D-02  1.24188D+00  1.06079D+00  5.49429D-02  1.23007D+00   
 1.54433D-01  1.59880D-01  1.34933D+00  1.14959D+00  1.59926D-01  1.35025D+00   
 3.56061D-01  3.61178D-01  1.54746D+00  1.33875D+00  3.61152D-01  1.55008D+00   
 6.37277D-01  6.40654D-01  1.77782D+00  1.53188D+00  6.40897D-01  1.79927D+00   
 8.51953D-01  8.54291D-01  1.95638D+00  1.67730D+00  8.54664D-01  1.96809D+00   
 1.04941D+00  1.05102D+00  2.10829D+00  1.84380D+00  1.05134D+00  2.12471D+00   
 1.33189D+00  1.33306D+00  2.33191D+00  2.00743D+00  1.33329D+00  2.35280D+00   
 1.57660D+00  1.57768D+00  2.50935D+00  2.12430D+00  1.57795D+00  2.52889D+00   
 1.83498D+00  1.83607D+00  2.67448D+00  2.22291D+00  1.83576D+00  2.72674D+00   
 2.08421D+00  2.08502D+00  2.81819D+00  2.40045D+00  2.08390D+00  2.77710D+00   
 2.24897D+00  2.24966D+00  2.89317D+00  2.49503D+00  2.24785D+00  2.95973D+00   
 2.39299D+00  2.39321D+00  2.94893D+00  2.53419D+00  2.39676D+00  2.92033D+00   
 2.40441D+00  2.40456D+00  2.95476D+00  2.53701D+00  2.40088D+00  3.00563D+00   
 0.00000D+00  0.00000D+00  0.00000D+00  0.00000D+00  4.73167D-02 -3.04529D-02   
 0.00000D+00  0.00000D+00  0.00000D+00  0.00000D+00  1.30461D-02 -3.66821D-02   
 0.00000D+00  0.00000D+00  0.00000D+00  0.00000D+00 -2.11260D-02  2.39828D-03   
 0.00000D+00  0.00000D+00  0.00000D+00  0.00000D+00 -2.39026D-02  3.82868D-03   
 0.00000D+00  0.00000D+00  0.00000D+00  0.00000D+00 -1.63125D-02  1.00949D-04   
 0.00000D+00  0.00000D+00  2.25933D-05  1.51342D-03 -1.48726D-02 -6.47343D-04   
 0.00000D+00  0.00000D+00  3.53030D-03  3.42330D-03 -6.20661D-03 -5.81487D-03   
 0.00000D+00 -3.97407D-03  1.47945D-03  1.38126D-03 -3.82554D-03 -7.52393D-03   
 0.00000D+00 -5.53664D-02 -4.19241D-03 -4.29237D-03  1.32835D-03 -1.23179D-02   
 0.00000D+00  6.56377D-03 -3.04471D-02 -3.06108D-02  5.06533D-03 -3.52206D-02   
 0.00000D+00 -9.17745D-04 -5.54496D-02 -5.57086D-02 -9.47934D-03 -5.78477D-02   
 0.00000D+00 -2.46499D-02 -7.69058D-02 -7.72677D-02 -3.34480D-02 -7.74635D-02   
 0.00000D+00 -4.81115D-02 -9.21491D-02 -9.25954D-02 -5.54644D-02 -9.24966D-02   
 0.00000D+00 -7.37628D-02 -1.05429D-01 -1.05955D-01 -7.95847D-02 -1.04013D-01   
 0.00000D+00 -8.94263D-02 -1.12198D-01 -1.12772D-01 -9.45035D-02 -1.11506D-01   
 1.77794D-02 -9.39196D-02 -1.13977D-01 -1.14564D-01 -9.89556D-02 -1.13344D-01   
-3.08155D-02 -1.14449D-01 -1.21310D-01 -1.21966D-01 -1.18706D-01 -1.19573D-01   
-5.17899D-02 -1.24367D-01 -1.24437D-01 -1.25131D-01 -1.28220D-01 -1.23476D-01   
-1.02293D-01 -1.54534D-01 -1.32664D-01 -1.33490D-01 -1.57861D-01 -1.30123D-01   
-1.70026D-01 -2.05023D-01 -1.43440D-01 -1.44532D-01 -2.07556D-01 -1.42259D-01   
-2.41439D-01 -2.65138D-01 -1.53434D-01 -1.55150D-01 -2.66605D-01 -1.51931D-01   
-2.96076D-01 -3.14041D-01 -1.59730D-01 -1.62534D-01 -3.15196D-01 -1.58321D-01   
-3.41051D-01 -3.55654D-01 -1.63589D-01 -1.67288D-01 -3.56644D-01 -1.63121D-01   
-3.91159D-01 -4.02761D-01 -1.65044D-01 -1.69882D-01 -4.03667D-01 -1.65545D-01   
-4.42884D-01 -4.52262D-01 -1.62564D-01 -1.69583D-01 -4.53105D-01 -1.59596D-01   
-4.85979D-01 -4.94241D-01 -1.56286D-01 -1.66928D-01 -4.94863D-01 -1.58610D-01   
-5.54184D-01 -5.59906D-01 -1.36444D-01 -1.52206D-01 -5.60513D-01 -1.41821D-01   
-6.05499D-01 -6.10390D-01 -1.09067D-01 -1.30196D-01 -6.10553D-01 -9.99565D-02   
-6.44660D-01 -6.47725D-01 -7.68467D-02 -1.06317D-01 -6.47994D-01 -8.02889D-02   
-6.74381D-01 -6.76581D-01 -4.09611D-02 -7.89270D-02 -6.76937D-01 -3.68164D-02   
-6.96424D-01 -6.98365D-01 -1.58369D-03 -4.78503D-02 -6.98274D-01 -1.08635D-02   
-7.12041D-01 -7.13075D-01  3.92145D-02 -1.94586D-02 -7.13267D-01  5.67679D-02   
-7.22180D-01 -7.22574D-01  8.20401D-02  2.30497D-02 -7.22892D-01  7.17857D-02   
-7.28859D-01 -7.29123D-01  1.71613D-01  7.77687D-02 -7.29194D-01  1.82753D-01   
-7.12562D-01 -7.12617D-01  3.15863D-01  2.12169D-01 -7.12181D-01  3.13855D-01   
-6.72976D-01 -6.72199D-01  4.98537D-01  3.20024D-01 -6.71858D-01  4.72034D-01   
-6.36656D-01 -6.35156D-01  6.20889D-01  3.86716D-01 -6.34935D-01  6.05825D-01   
-5.45516D-01 -5.42240D-01  8.29802D-01  5.70881D-01 -5.42487D-01  8.40579D-01   
-3.75606D-01 -3.72281D-01  1.07802D+00  7.68630D-01 -3.72426D-01  1.09566D+00   
-2.15835D-01 -2.13466D-01  1.27489D+00  8.91152D-01 -2.13117D-01  1.30617D+00   
-4.84436D-02 -4.69337D-02  1.45776D+00  1.13072D+00 -4.65871D-02  1.48529D+00   
 2.22103D-01  2.22939D-01  1.74948D+00  1.31293D+00  2.23183D-01  1.82618D+00   
 4.84438D-01  4.85189D-01  2.01627D+00  1.43540D+00  4.85488D-01  2.05846D+00   
 7.89018D-01  7.89918D-01  2.26288D+00  1.54148D+00  7.89262D-01  2.43480D+00   
 1.10982D+00  1.11078D+00  2.50142D+00  1.80250D+00  1.10886D+00  2.42503D+00   
 1.33773D+00  1.33926D+00  2.61385D+00  1.93657D+00  1.33543D+00  2.91600D+00   
 1.54927D+00  1.54901D+00  2.73066D+00  1.96587D+00  1.55616D+00  2.50702D+00   
 1.56651D+00  1.56599D+00  2.73594D+00  1.96895D+00  1.55836D+00  2.99937D+00   
 0.00000D+00  0.00000D+00  0.00000D+00  0.00000D+00 -7.27585D-04 -3.12508D-04   
 0.00000D+00  0.00000D+00  0.00000D+00  0.00000D+00  7.65391D-05 -5.83277D-04   
 0.00000D+00  0.00000D+00  0.00000D+00  0.00000D+00  3.43483D-05 -1.65900D-04   
 0.00000D+00  0.00000D+00  0.00000D+00  0.00000D+00 -3.57974D-04 -6.95158D-06   
 0.00000D+00  0.00000D+00  0.00000D+00  0.00000D+00 -6.65133D-04  2.77619D-05   
 0.00000D+00  0.00000D+00  7.93581D-05  8.11211D-05 -7.00640D-04  2.55429D-05   
 0.00000D+00  0.00000D+00  1.13877D-04  1.12989D-04 -8.26337D-04 -3.11249D-05   
 0.00000D+00 -2.81624D-04  1.08384D-04  1.07078D-04 -8.31281D-04 -6.09065D-05   
 0.00000D+00 -1.62050D-03  5.85167D-05  5.62156D-05 -7.80507D-04 -1.53924D-04   
 0.00000D+00 -1.08624D-03 -7.12592D-04 -7.21055D-04 -2.64824D-04 -9.34145D-04   
 0.00000D+00 -2.54603D-05 -2.44830D-03 -2.46758D-03  8.02532D-05 -2.56502D-03   
 0.00000D+00 -1.03327D-04 -5.00574D-03 -5.04062D-03 -4.26774D-04 -5.29552D-03   
 0.00000D+00 -1.10384D-03 -7.70843D-03 -7.76159D-03 -1.56561D-03 -7.91657D-03   
 0.00000D+00 -3.01683D-03 -1.09990D-02 -1.10746D-02 -3.66064D-03 -1.08812D-02   
 0.00000D+00 -4.58212D-03 -1.31736D-02 -1.32658D-02 -5.13501D-03 -1.30479D-02   
-6.69530D-05 -5.08659D-03 -1.38191D-02 -1.39143D-02 -5.64431D-03 -1.39741D-02   
-1.04278D-03 -7.70303D-03 -1.68771D-02 -1.69945D-02 -8.38196D-03 -1.62626D-02   
-2.15980D-03 -9.15114D-03 -1.84153D-02 -1.85481D-02 -9.75821D-03 -1.84066D-02   
-6.89107D-03 -1.42992D-02 -2.33526D-02 -2.35289D-02 -1.49629D-02 -2.29459D-02   
-1.80283D-02 -2.54620D-02 -3.25558D-02 -3.28389D-02 -2.59318D-02 -3.19903D-02   
-3.60048D-02 -4.31002D-02 -4.53966D-02 -4.58315D-02 -4.41184D-02 -4.47823D-02   
-5.44214D-02 -6.11064D-02 -5.75531D-02 -5.83355D-02 -6.14501D-02 -5.76819D-02   
-7.28937D-02 -7.92875D-02 -6.92152D-02 -7.05172D-02 -7.95387D-02 -6.95640D-02   
-9.73471D-02 -1.03437D-01 -8.39100D-02 -8.57519D-02 -1.03793D-01 -8.44835D-02   
-1.27397D-01 -1.33048D-01 -1.00313D-01 -1.02708D-01 -1.33535D-01 -9.77436D-02   
-1.56731D-01 -1.62372D-01 -1.15161D-01 -1.18714D-01 -1.62883D-01 -1.21684D-01   
-2.13061D-01 -2.18393D-01 -1.38383D-01 -1.46989D-01 -2.18696D-01 -1.54753D-01   
-2.66257D-01 -2.71280D-01 -1.57332D-01 -1.66856D-01 -2.71748D-01 -1.53465D-01   
-3.16404D-01 -3.21549D-01 -1.69694D-01 -1.84121D-01 -3.21569D-01 -1.82919D-01   
-3.63575D-01 -3.67194D-01 -1.78278D-01 -1.98639D-01 -3.67722D-01 -1.69465D-01   
-4.07821D-01 -4.11919D-01 -1.83566D-01 -2.09812D-01 -4.12247D-01 -1.99444D-01   
-4.49192D-01 -4.52893D-01 -1.84103D-01 -2.14765D-01 -4.52883D-01 -1.62584D-01   
-4.87741D-01 -4.90688D-01 -1.81717D-01 -2.22173D-01 -4.91239D-01 -1.98232D-01   
-5.56651D-01 -5.59030D-01 -1.64810D-01 -2.29673D-01 -5.59772D-01 -1.50872D-01   
-6.40901D-01 -6.43475D-01 -1.36826D-01 -2.01983D-01 -6.43330D-01 -1.27644D-01   
-7.04573D-01 -7.07029D-01 -7.60122D-02 -1.98103D-01 -7.06949D-01 -9.42356D-02   
-7.36799D-01 -7.39304D-01 -1.34884D-02 -1.88307D-01 -7.38911D-01 -2.92724D-02   
-7.79356D-01 -7.80325D-01  1.37874D-01 -9.10255D-02 -7.80124D-01  1.22810D-01   
-7.94881D-01 -7.93269D-01  2.64340D-01 -1.97488D-02 -7.93939D-01  3.02582D-01   
-7.70761D-01 -7.69030D-01  4.09867D-01  4.06120D-02 -7.69054D-01  4.39053D-01   
-7.20838D-01 -7.19663D-01  5.24685D-01  2.36607D-01 -7.19465D-01  5.95892D-01   
-6.03829D-01 -6.03364D-01  7.89311D-01  3.65142D-01 -6.03241D-01  9.04643D-01   
-4.58172D-01 -4.57825D-01  1.04641D+00  4.58307D-01 -4.57739D-01  1.18321D+00   
-2.56967D-01 -2.56924D-01  1.32587D+00  5.17320D-01 -2.57697D-01  1.63918D+00   
-1.25294D-02 -1.18089D-02  1.63018D+00  8.26367D-01 -1.36738D-02  1.44151D+00   
 1.82009D-01  1.83675D-01  1.80490D+00  9.86134D-01  1.79274D-01  2.30992D+00   
 3.78695D-01  3.78412D-01  1.96727D+00  1.00698D+00  3.87345D-01  1.77763D+00   
 3.95445D-01  3.94909D-01  1.98470D+00  1.00617D+00  3.85706D-01  2.42006D+00   
 0.00000D+00  0.00000D+00  0.00000D+00  0.00000D+00 -6.51006D-06 -1.99286D-06   
 0.00000D+00  0.00000D+00  0.00000D+00  0.00000D+00 -1.03062D-06 -4.64677D-06   
 0.00000D+00  0.00000D+00  0.00000D+00  0.00000D+00  2.64936D-06 -2.62013D-06   
 0.00000D+00  0.00000D+00  0.00000D+00  0.00000D+00  1.71200D-06 -1.19029D-06   
 0.00000D+00  0.00000D+00  0.00000D+00  0.00000D+00 -2.92736D-06 -6.06129D-09   
 0.00000D+00  0.00000D+00  4.96186D-08  6.80875D-08 -3.91090D-06  1.57439D-07   
 0.00000D+00  0.00000D+00  9.07542D-07  9.17433D-07 -1.08494D-05  5.92430D-07   
 0.00000D+00 -1.72740D-07  1.16445D-06  1.16761D-06 -1.30264D-05  4.10323D-07   
 0.00000D+00 -1.23202D-05  1.44448D-06  1.42775D-06 -1.78976D-05 -9.63555D-07   
 0.00000D+00 -4.46740D-05 -1.30978D-05 -1.33528D-05 -2.02798D-05 -1.69298D-05   
 0.00000D+00 -1.89219D-05 -8.35011D-05 -8.44184D-05 -1.24417D-06 -9.11048D-05   
 0.00000D+00  1.15294D-05 -2.46128D-04 -2.48433D-04  1.12417D-05 -2.76315D-04   
 0.00000D+00  2.90843D-06 -4.77624D-04 -4.81700D-04 -1.30856D-05 -4.59603D-04   
 0.00000D+00 -6.90754D-05 -8.33154D-04 -8.40911D-04 -1.10706D-04 -8.44773D-04   
 0.00000D+00 -1.54846D-04 -1.11192D-03 -1.12177D-03 -1.97888D-04 -1.04693D-03   
-1.05156D-07 -1.86386D-04 -1.20111D-03 -1.21251D-03 -2.24315D-04 -1.10940D-03   
-2.97093D-05 -3.75579D-04 -1.66487D-03 -1.68076D-03 -4.37083D-04 -1.69000D-03   
-7.66297D-05 -4.96501D-04 -1.92371D-03 -1.93965D-03 -5.68601D-04 -1.80207D-03   
-3.79043D-04 -1.00416D-03 -2.86218D-03 -2.88936D-03 -1.08377D-03 -3.18515D-03   
-1.51663D-03 -2.43833D-03 -5.02412D-03 -5.07606D-03 -2.51269D-03 -4.84305D-03   
-4.20571D-03 -5.42714D-03 -8.84786D-03 -8.94476D-03 -5.78142D-03 -9.28194D-03   
-7.78794D-03 -9.20398D-03 -1.32719D-02 -1.34355D-02 -9.41667D-03 -1.30033D-02   
-1.20816D-02 -1.36449D-02 -1.82094D-02 -1.85261D-02 -1.40917D-02 -1.87474D-02   
-1.87148D-02 -2.04674D-02 -2.55136D-02 -2.61093D-02 -2.03394D-02 -2.55872D-02   
-2.82016D-02 -3.00957D-02 -3.53499D-02 -3.61844D-02 -3.01212D-02 -3.55073D-02   
-3.87700D-02 -4.07648D-02 -4.57827D-02 -4.67160D-02 -4.08444D-02 -4.48229D-02   
-6.24282D-02 -6.49752D-02 -6.70905D-02 -7.06359D-02 -6.48653D-02 -6.12934D-02   
-8.86397D-02 -9.09529D-02 -8.96214D-02 -9.36105D-02 -9.12507D-02 -7.55467D-02   
-1.16740D-01 -1.19921D-01 -1.10479D-01 -1.16946D-01 -1.19947D-01 -1.20453D-01   
-1.46251D-01 -1.49035D-01 -1.33081D-01 -1.40849D-01 -1.49047D-01 -1.16880D-01   
-1.76789D-01 -1.79010D-01 -1.52364D-01 -1.66100D-01 -1.79803D-01 -1.69974D-01   
-2.08040D-01 -2.11307D-01 -1.72347D-01 -1.89547D-01 -2.11354D-01 -1.55580D-01   
-2.39734D-01 -2.42522D-01 -1.92439D-01 -2.03743D-01 -2.42635D-01 -2.04005D-01   
-3.03583D-01 -3.05408D-01 -2.23308D-01 -2.62357D-01 -3.05996D-01 -2.14880D-01   
-3.98094D-01 -4.01042D-01 -2.69111D-01 -3.14547D-01 -4.00916D-01 -2.61900D-01   
-4.88531D-01 -4.91082D-01 -2.96501D-01 -3.77097D-01 -4.91305D-01 -3.02468D-01   
-5.45698D-01 -5.48728D-01 -3.09339D-01 -4.16759D-01 -5.48798D-01 -3.08975D-01   
-6.51264D-01 -6.54803D-01 -2.81653D-01 -4.17684D-01 -6.54169D-01 -3.05873D-01   
-7.84853D-01 -7.85937D-01 -2.50245D-01 -4.92725D-01 -7.86416D-01 -2.25057D-01   
-8.71179D-01 -8.70811D-01 -2.43333D-01 -5.31062D-01 -8.71215D-01 -2.00486D-01   
-9.34813D-01 -9.34185D-01 -2.09537D-01 -4.12815D-01 -9.34317D-01 -1.38868D-01   
-9.95450D-01 -9.95363D-01 -9.34934D-02 -3.65891D-01 -9.95439D-01  8.79026D-02   
-1.01493D+00 -1.01468D+00  8.91524D-02 -3.70432D-01 -1.01489D+00  2.63748D-01   
-9.95269D-01 -9.95436D-01  3.20027D-01 -3.91491D-01 -9.96214D-01  8.27678D-01   
-9.28989D-01 -9.28961D-01  6.08922D-01 -1.09675D-01 -9.30519D-01  4.44400D-01   
-8.51539D-01 -8.50003D-01  7.68455D-01  3.74428D-02 -8.54797D-01  1.66751D+00   
-7.52786D-01 -7.53258D-01  9.53747D-01  1.53776D-02 -7.42835D-01  4.46237D-01   
-7.43520D-01 -7.44367D-01  9.66181D-01  1.35258D-02 -7.55144D-01  1.79635D+00   
 0.00000D+00  0.00000D+00  0.00000D+00  0.00000D+00 -5.76722D-08 -1.06401D-08   
 0.00000D+00  0.00000D+00  0.00000D+00  0.00000D+00 -3.12396D-08 -3.06825D-08   
 0.00000D+00  0.00000D+00  0.00000D+00  0.00000D+00  4.82218D-09 -2.72454D-08   
 0.00000D+00  0.00000D+00  0.00000D+00  0.00000D+00  3.25283D-08 -2.21421D-08   
 0.00000D+00  0.00000D+00  0.00000D+00  0.00000D+00  1.65783D-08 -1.16318D-08   
 0.00000D+00  0.00000D+00 -3.01018D-11  8.29555D-12  7.51134D-09 -8.71232D-09   
 0.00000D+00  0.00000D+00  7.26977D-09  7.44131D-09 -9.48646D-08  1.15594D-08   
 0.00000D+00  7.63846D-11  1.14924D-08  1.16615D-08 -1.44716D-07  1.64941D-08   
 0.00000D+00 -9.39834D-08  2.53103D-08  2.53461D-08 -3.00712D-07  1.31865D-08   
 0.00000D+00 -1.29344D-06 -1.88231D-07 -1.94107D-07 -7.83185D-07 -2.35420D-07   
 0.00000D+00 -1.40504D-06 -2.41911D-06 -2.45279D-06 -5.91508D-07 -3.05138D-06   
 0.00000D+00  1.32669D-07 -1.02395D-05 -1.03679D-05  8.23779D-07 -1.13069D-05   
 0.00000D+00  1.43723D-06 -2.48298D-05 -2.50771D-05  9.51104D-07 -2.30921D-05   
 0.00000D+00  5.56966D-07 -5.24191D-05 -5.29127D-05 -9.08566D-07 -5.63532D-05   
 0.00000D+00 -2.34514D-06 -7.74403D-05 -7.79667D-05 -5.99982D-06 -8.69915D-05   
-2.84348D-10 -3.65665D-06 -8.59123D-05 -8.68066D-05 -7.11403D-06 -7.87763D-05   
-7.64711D-07 -1.32755D-05 -1.34094D-04 -1.35775D-04 -1.52618D-05 -1.92729D-04   
-2.45135D-06 -2.05656D-05 -1.63915D-04 -1.65205D-04 -2.69737D-05 -1.27056D-04   
-1.84554D-05 -5.78097D-05 -2.83353D-04 -2.87724D-04 -6.08788D-05 -3.41982D-04   
-1.11211D-04 -1.97807D-04 -6.18187D-04 -6.24678D-04 -2.33713D-04 -7.51779D-04   
-4.25112D-04 -5.84736D-04 -1.35995D-03 -1.37635D-03 -4.54281D-04 -1.70451D-03   
-9.61500D-04 -1.19034D-03 -2.38457D-03 -2.41453D-03 -1.31708D-03 -2.87241D-03   
-1.72461D-03 -2.01623D-03 -3.69041D-03 -3.74783D-03 -2.30444D-03 -3.62422D-03   
-3.09445D-03 -3.47126D-03 -5.87807D-03 -6.01578D-03 -3.57226D-03 -6.18142D-03   
-5.36445D-03 -5.85329D-03 -9.28734D-03 -9.55424D-03 -5.82450D-03 -9.70053D-03   
-8.23703D-03 -8.79215D-03 -1.33253D-02 -1.36303D-02 -8.75466D-03 -1.15158D-02   
-1.57044D-02 -1.65555D-02 -2.31663D-02 -2.40523D-02 -1.66865D-02 -1.37121D-02   
-2.53272D-02 -2.62614D-02 -3.48643D-02 -3.68189D-02 -2.63221D-02 -2.47914D-02   
-3.69501D-02 -3.80302D-02 -4.79309D-02 -4.98693D-02 -3.81950D-02 -6.45100D-02   
-5.04311D-02 -5.22038D-02 -6.24016D-02 -6.62158D-02 -5.21178D-02 -4.48083D-02   
-6.56340D-02 -6.66367D-02 -7.76981D-02 -8.23883D-02 -6.69200D-02 -9.97127D-02   
-8.24258D-02 -8.39251D-02 -9.37237D-02 -1.01254D-01 -8.43256D-02 -7.44230D-02   
-1.00675D-01 -1.02507D-01 -1.10036D-01 -1.20334D-01 -1.02314D-01 -1.19127D-01   
-1.41041D-01 -1.42493D-01 -1.41376D-01 -1.68676D-01 -1.42464D-01 -1.27473D-01   
-2.09491D-01 -2.11472D-01 -1.96196D-01 -1.99332D-01 -2.11878D-01 -1.88378D-01   
-2.84945D-01 -2.87003D-01 -2.46034D-01 -2.87445D-01 -2.87165D-01 -2.50571D-01   
-3.37974D-01 -3.40140D-01 -2.81781D-01 -3.56290D-01 -3.40492D-01 -2.73851D-01   
-4.48053D-01 -4.51213D-01 -3.29288D-01 -3.93004D-01 -4.51062D-01 -3.49308D-01   
-6.16657D-01 -6.19541D-01 -3.44251D-01 -5.11175D-01 -6.19411D-01 -3.43596D-01   
-7.53887D-01 -7.55539D-01 -3.93358D-01 -6.57750D-01 -7.55855D-01 -3.25432D-01   
-8.82951D-01 -8.83670D-01 -4.58560D-01 -5.58035D-01 -8.83995D-01 -3.46273D-01   
-1.06577D+00 -1.06622D+00 -4.47198D-01 -6.19240D-01 -1.06641D+00 -2.13193D-01   
-1.21612D+00 -1.21630D+00 -3.63751D-01 -6.83778D-01 -1.21655D+00 -6.94469D-02   
-1.35766D+00 -1.35783D+00 -2.34020D-01 -7.86636D-01 -1.35794D+00  3.94539D-01   
-1.46534D+00 -1.46587D+00 -5.86571D-03 -5.88399D-01 -1.46582D+00 -3.73733D-01   
-1.51102D+00 -1.51076D+00  1.16492D-01 -4.99467D-01 -1.51206D+00  1.15104D+00   
-1.52325D+00 -1.52384D+00  2.75242D-01 -5.42930D-01 -1.51946D+00 -9.19334D-02   
-1.52279D+00 -1.52349D+00  2.91908D-01 -5.54446D-01 -1.52767D+00  1.17272D+00   
 0.00000D+00  0.00000D+00  0.00000D+00  0.00000D+00 -3.35176D-10 -4.70541D-11   
 0.00000D+00  0.00000D+00  0.00000D+00  0.00000D+00 -2.74116D-10 -1.49957D-10   
 0.00000D+00  0.00000D+00  0.00000D+00  0.00000D+00 -1.27184D-10 -1.80175D-10   
 0.00000D+00  0.00000D+00  0.00000D+00  0.00000D+00  2.37994D-10 -2.09587D-10   
 0.00000D+00  0.00000D+00  0.00000D+00  0.00000D+00  5.45953D-10 -1.85979D-10   
 0.00000D+00  0.00000D+00 -1.25686D-13 -1.07579D-13  5.28334D-10 -1.59049D-10   
 0.00000D+00  0.00000D+00  5.41871D-11  5.60274D-11 -3.53359D-10  1.50983D-10   
 0.00000D+00  4.18149D-13  1.01934D-10  1.04293D-10 -9.65857D-10  2.86555D-10   
 0.00000D+00 -7.25919D-10  3.34306D-10  3.37232D-10 -4.12503D-09  5.26020D-10   
 0.00000D+00 -3.13752D-08 -9.70167D-10 -1.06516D-09 -2.15776D-08 -2.38102D-09   
 0.00000D+00 -6.66578D-08 -4.84148D-08 -4.92978D-08 -6.65876D-09 -8.07867D-08   
 0.00000D+00 -3.03014D-08 -3.03526D-07 -3.08006D-07 -3.04144D-08 -2.47078D-07   
 0.00000D+00  6.67052D-08 -9.29076D-07 -9.43717D-07 -1.22319D-08 -9.58239D-07   
 0.00000D+00  1.56263D-07 -2.39691D-06 -2.40014D-06  1.67828D-07 -2.63116D-06   
 0.00000D+00  1.31919D-07 -3.93043D-06 -3.96342D-06 -9.02048D-08 -4.77412D-06   
-8.47995D-13  1.02331D-07 -4.49807D-06 -4.48220D-06 -3.06173D-07 -3.83319D-06   
-1.83813D-08 -2.33666D-07 -7.97584D-06 -7.91681D-06 -7.67541D-08 -9.25003D-06   
-7.30468D-08 -5.62197D-07 -1.02791D-05 -1.06014D-05 -3.93274D-07 -1.21389D-05   
-8.28076D-07 -2.76201D-06 -2.09815D-05 -2.08375D-05 -2.25085D-06 -2.54819D-05   
-7.43992D-06 -1.41394D-05 -5.78177D-05 -5.70489D-05 -1.75300D-05 -1.03481D-04   
-3.89736D-05 -5.64130D-05 -1.61120D-04 -1.62912D-04  3.85596D-06 -1.34647D-04   
-1.07349D-04 -1.38403D-04 -3.33301D-04 -3.37058D-04 -1.93592D-04 -5.46507D-04   
-2.22170D-04 -2.68249D-04 -5.86399D-04 -5.91895D-04 -1.42203D-04 -6.67000D-04   
-4.60761D-04 -5.28513D-04 -1.06954D-03 -1.09035D-03 -7.66983D-04 -1.08581D-03   
-9.16890D-04 -1.02029D-03 -1.93444D-03 -1.98805D-03 -1.04027D-03 -2.05193D-03   
-1.56954D-03 -1.70732D-03 -3.09337D-03 -3.17670D-03 -1.74524D-03 -2.67175D-03   
-3.53177D-03 -3.74024D-03 -6.38671D-03 -6.44759D-03 -3.91742D-03 -4.08327D-03   
-6.45031D-03 -6.81245D-03 -1.09040D-02 -1.15894D-02 -6.81332D-03 -7.99571D-03   
-1.03933D-02 -1.06563D-02 -1.66397D-02 -1.70231D-02 -1.07591D-02 -2.15352D-02   
-1.54066D-02 -1.60694D-02 -2.36485D-02 -2.41009D-02 -1.61287D-02 -1.79618D-02   
-2.15198D-02 -2.22843D-02 -3.15930D-02 -3.44820D-02 -2.20952D-02 -3.87486D-02   
-2.87483D-02 -2.90224D-02 -4.07222D-02 -4.09422D-02 -2.92339D-02 -3.41479D-02   
-3.70954D-02 -3.80000D-02 -5.09607D-02 -5.03386D-02 -3.80256D-02 -5.41707D-02   
-5.71107D-02 -5.84976D-02 -7.28464D-02 -8.12628D-02 -5.83720D-02 -6.78110D-02   
-9.51148D-02 -9.57504D-02 -1.13896D-01 -1.19281D-01 -9.64122D-02 -1.10998D-01   
-1.41936D-01 -1.43414D-01 -1.59058D-01 -1.77268D-01 -1.43536D-01 -1.60376D-01   
-1.77539D-01 -1.78937D-01 -1.94222D-01 -2.23091D-01 -1.79098D-01 -1.88861D-01   
-2.57775D-01 -2.59565D-01 -2.59885D-01 -2.74817D-01 -2.59899D-01 -2.69004D-01   
-3.95903D-01 -3.98623D-01 -3.27871D-01 -4.04202D-01 -3.98280D-01 -3.30759D-01   
-5.22067D-01 -5.24559D-01 -4.11050D-01 -5.16876D-01 -5.24672D-01 -3.69985D-01   
-6.53152D-01 -6.54889D-01 -5.08125D-01 -5.23714D-01 -6.55137D-01 -4.37851D-01   
-8.62301D-01 -8.63089D-01 -5.97956D-01 -6.24285D-01 -8.63308D-01 -4.31689D-01   
-1.06018D+00 -1.06090D+00 -6.29277D-01 -7.32591D-01 -1.06100D+00 -4.21026D-01   
-1.28083D+00 -1.28103D+00 -6.35084D-01 -8.63111D-01 -1.28072D+00 -1.33298D-01   
-1.49640D+00 -1.49718D+00 -5.60023D-01 -7.91361D-01 -1.49614D+00 -8.41822D-01   
-1.63433D+00 -1.63547D+00 -5.39209D-01 -7.64468D-01 -1.63373D+00  3.91039D-01   
-1.74454D+00 -1.74465D+00 -4.70008D-01 -8.26014D-01 -1.74614D+00 -8.69479D-01   
-1.75246D+00 -1.75253D+00 -4.64789D-01 -8.34264D-01 -1.75019D+00  3.60756D-01   
 0.00000D+00  0.00000D+00  0.00000D+00  0.00000D+00 -1.51550D-12 -1.69664D-13   
 0.00000D+00  0.00000D+00  0.00000D+00  0.00000D+00 -1.69028D-12 -6.50316D-13   
 0.00000D+00  0.00000D+00  0.00000D+00  0.00000D+00 -2.29376D-12 -1.12505D-12   
 0.00000D+00  0.00000D+00  0.00000D+00  0.00000D+00 -9.40337D-13 -1.83496D-12   
 0.00000D+00  0.00000D+00  0.00000D+00  0.00000D+00  2.74233D-12 -2.71285D-12   
 0.00000D+00  0.00000D+00 -1.80749D-16 -2.16565D-16  3.19496D-12 -2.64946D-12   
 0.00000D+00  0.00000D+00  4.11592D-13  4.29852D-13 -1.74695D-12  6.97612D-13   
 0.00000D+00  7.21457D-16  9.08979D-13  9.37812D-13 -9.12302D-12  2.24174D-12   
 0.00000D+00 -5.14545D-12  4.22731D-12  4.29567D-12 -4.96509D-11  8.43661D-12   
 0.00000D+00 -5.48009D-10  2.30236D-11  2.18343D-11 -4.28488D-10  2.92403D-10   
 0.00000D+00 -1.82371D-09 -9.12553D-10 -9.39188D-10 -1.22711D-09 -8.32157D-09   
 0.00000D+00 -1.24672D-09 -8.72813D-09 -8.79181D-09  1.74735D-09  2.50490D-08   
 0.00000D+00  3.03206D-09 -3.36082D-08 -3.46014D-08  1.55759D-08 -1.33771D-08   
 0.00000D+00  1.05528D-08 -1.02809D-07 -1.04872D-07  1.29253D-08  7.18578D-09   
 0.00000D+00  1.41207D-08 -1.85193D-07 -1.99634D-07  1.12127D-08 -3.56135D-07   
-1.39147D-15  1.43687D-08 -2.16683D-07 -2.18262D-07 -2.01197D-08 -1.80417D-07   
-5.54113D-10  7.82859D-09 -4.31007D-07 -4.15531D-07  2.77465D-08 -1.50509D-07   
-2.47288D-09 -2.92039D-09 -5.86162D-07 -6.33772D-07  6.70503D-08 -8.10018D-08   
-3.64592D-08 -1.07442D-07 -1.40500D-06 -1.15508D-06 -3.11347D-08 -2.37345D-06   
-4.44121D-07 -8.55690D-07 -4.68834D-06 -5.65344D-06 -1.01016D-06 -9.36332D-06   
-3.03259D-06 -4.52786D-06 -1.58070D-05 -1.39795D-05  4.11530D-06 -4.72809D-06   
-9.94190D-06 -1.31994D-05 -3.81772D-05 -4.06675D-05 -2.19705D-05 -5.07511D-05   
-2.34253D-05 -2.90003D-05 -7.44233D-05 -7.53701D-05  7.08805D-07 -2.13574D-04   
-5.55254D-05 -6.48622D-05 -1.53556D-04 -1.56680D-04 -1.16288D-04 -1.06271D-04   
-1.25704D-04 -1.42200D-04 -3.12203D-04 -3.21600D-04 -1.47734D-04 -3.52543D-04   
-2.38439D-04 -2.63512D-04 -5.51288D-04 -5.71318D-04 -2.74531D-04 -3.63004D-04   
-6.28208D-04 -6.69118D-04 -1.32775D-03 -1.31938D-03 -7.19464D-04  1.82558D-04   
-1.29270D-03 -1.38516D-03 -2.57349D-03 -2.70089D-03 -1.38356D-03  2.12623D-04   
-2.29214D-03 -2.34897D-03 -4.27288D-03 -4.55794D-03 -2.38054D-03 -6.35496D-03   
-3.68033D-03 -3.86632D-03 -6.66211D-03 -6.35510D-03 -3.89373D-03 -3.99550D-03   
-5.50514D-03 -5.77973D-03 -9.40060D-03 -1.00275D-02 -5.68663D-03 -1.26184D-02   
-7.80886D-03 -7.85170D-03 -1.29334D-02 -1.50442D-02 -7.92385D-03 -9.65245D-03   
-1.06279D-02 -1.09442D-02 -1.70605D-02 -1.44717D-02 -1.09684D-02 -1.90085D-02   
-1.79313D-02 -1.85387D-02 -2.67434D-02 -3.70361D-02 -1.84779D-02 -2.40882D-02   
-3.33665D-02 -3.35640D-02 -4.66799D-02 -3.71702D-02 -3.39042D-02 -4.50912D-02   
-5.44599D-02 -5.51774D-02 -7.21010D-02 -7.37571D-02 -5.52367D-02 -7.26290D-02   
-7.17075D-02 -7.23914D-02 -9.41266D-02 -1.10752D-01 -7.24557D-02 -9.06223D-02   
-1.13671D-01 -1.14543D-01 -1.37429D-01 -1.36501D-01 -1.14797D-01 -1.44136D-01   
-1.94050D-01 -1.95736D-01 -1.92855D-01 -2.21855D-01 -1.95493D-01 -1.93955D-01   
-2.75097D-01 -2.76904D-01 -2.65488D-01 -3.30014D-01 -2.76950D-01 -2.37045D-01   
-3.66324D-01 -3.67764D-01 -3.52840D-01 -3.32175D-01 -3.67921D-01 -3.03444D-01   
-5.26001D-01 -5.26714D-01 -4.58942D-01 -4.20589D-01 -5.26890D-01 -3.41866D-01   
-6.93294D-01 -6.94049D-01 -5.35019D-01 -5.30770D-01 -6.94092D-01 -3.65856D-01   
-9.00758D-01 -9.01000D-01 -6.09161D-01 -6.75035D-01 -9.00623D-01 -2.16477D-01   
-1.13133D+00 -1.13224D+00 -6.32847D-01 -6.73647D-01 -1.13110D+00 -8.68080D-01   
-1.30047D+00 -1.30183D+00 -6.74634D-01 -6.89872D-01 -1.29933D+00  8.25771D-02   
-1.45895D+00 -1.45951D+00 -6.87295D-01 -7.71771D-01 -1.46303D+00 -9.01986D-01   
-1.47182D+00 -1.47221D+00 -6.85368D-01 -7.80786D-01 -1.46784D+00 -1.15353D-02   
 0.00000D+00  0.00000D+00  0.00000D+00  0.00000D+00 -7.38615D-15 -4.22354D-16   
 0.00000D+00  0.00000D+00  0.00000D+00  0.00000D+00 -9.82680D-15 -2.42840D-15   
 0.00000D+00  0.00000D+00  0.00000D+00  0.00000D+00 -2.13859D-14 -7.09726D-15   
 0.00000D+00  0.00000D+00  0.00000D+00  0.00000D+00 -2.03021D-14 -1.69293D-14   
 0.00000D+00  0.00000D+00  0.00000D+00  0.00000D+00  3.18333D-14 -4.11346D-14   
 0.00000D+00  0.00000D+00  1.54316D-19  5.46466D-19  4.43653D-14 -4.66252D-14   
 0.00000D+00  0.00000D+00  3.45932D-15  3.64405D-15  9.29812D-14 -4.19908D-14   
 0.00000D+00 -6.49981D-19  8.85848D-15  9.20713D-15  6.04337D-14 -8.15072D-14   
 0.00000D+00 -4.21533D-14  5.78728D-14  5.91703D-14 -5.16669D-13 -9.58693D-14   
 0.00000D+00 -1.13047D-11  1.71116D-12  1.70707D-12 -9.20439D-12  2.45671D-11   
 0.00000D+00 -6.73305D-11 -5.16655D-12 -5.89652D-12 -2.58349D-11 -5.77160D-10   
 0.00000D+00 -1.33978D-10 -1.65799D-10 -1.60675D-10 -1.06129D-10  2.86468D-09   
 0.00000D+00 -8.60887D-11 -9.02013D-10 -9.51647D-10  2.03481D-10  1.96939D-09   
 0.00000D+00  1.65356D-10 -3.32687D-09 -3.63669D-09  2.98863D-10  1.08165D-08   
 0.00000D+00  3.91563D-10 -6.70634D-09 -8.45865D-09  4.97530D-10 -2.20333D-08   
-1.07898D-17  4.48675D-10 -7.97624D-09 -8.47930D-09 -6.48553D-10 -5.10049D-09   
-1.05273D-11  5.40436D-10 -1.81203D-08 -1.67454D-08  1.48209D-09  1.78489D-08   
-5.71049D-11  3.52779D-10 -2.64369D-08 -3.07590D-08  4.38694D-09  6.99379D-08   
-1.21676D-09 -3.32870D-09 -7.65515D-08 -3.75975D-08  1.47802D-09 -2.05043D-07   
-2.13170D-08 -4.26628D-08 -3.09065D-07 -5.10378D-07 -4.87937D-08 -6.13691D-07   
-1.94946D-07 -3.03137D-07 -1.25881D-06 -8.13062D-07  5.61796D-07  4.34782D-07   
-7.69368D-07 -1.05719D-06 -3.59969D-06 -4.17551D-06 -2.03663D-06 -2.21504D-06   
-2.07691D-06 -2.64393D-06 -7.73927D-06 -7.88576D-06  1.33318D-06 -4.48561D-05   
-5.65497D-06 -6.73969D-06 -1.81139D-05 -1.84631D-05 -1.42561D-05 -2.83074D-06   
-1.46200D-05 -1.68313D-05 -4.12955D-05 -4.27402D-05 -1.78028D-05 -5.17333D-05   
-3.08023D-05 -3.45859D-05 -8.04966D-05 -8.48321D-05 -3.66824D-05 -2.90732D-05   
-9.52807D-05 -1.02127D-04 -2.26322D-04 -2.19362D-04 -1.12702D-04  2.99418D-04   
-2.21206D-04 -2.40409D-04 -5.00755D-04 -5.12894D-04 -2.39845D-04  7.01122D-04   
-4.31934D-04 -4.42293D-04 -8.99696D-04 -1.02151D-03 -4.50071D-04 -1.62090D-03   
-7.51459D-04 -7.95877D-04 -1.54943D-03 -1.34088D-03 -8.03882D-04 -5.07280D-04   
-1.20395D-03 -1.28108D-03 -2.28820D-03 -2.30009D-03 -1.25085D-03 -3.48275D-03   
-1.81340D-03 -1.81602D-03 -3.36816D-03 -4.76614D-03 -1.83655D-03 -1.99729D-03   
-2.60312D-03 -2.69553D-03 -4.67941D-03 -3.30811D-03 -2.70457D-03 -5.55925D-03   
-4.81206D-03 -5.02085D-03 -8.08953D-03 -1.45136D-02 -4.99794D-03 -6.87660D-03   
-9.99729D-03 -1.00469D-02 -1.57354D-02 -6.32316D-03 -1.01821D-02 -1.50568D-02   
-1.78276D-02 -1.81075D-02 -2.64595D-02 -2.35762D-02 -1.81314D-02 -2.67961D-02   
-2.46891D-02 -2.49628D-02 -3.68909D-02 -4.59588D-02 -2.49853D-02 -3.50653D-02   
-4.26600D-02 -4.30298D-02 -5.96087D-02 -5.47647D-02 -4.31626D-02 -6.30990D-02   
-8.07806D-02 -8.16468D-02 -8.95601D-02 -9.58073D-02 -8.15053D-02 -9.07255D-02   
-1.22912D-01 -1.23946D-01 -1.38768D-01 -1.76110D-01 -1.23959D-01 -1.20083D-01   
-1.73902D-01 -1.74782D-01 -1.94784D-01 -1.63556D-01 -1.74865D-01 -1.68779D-01   
-2.70756D-01 -2.71147D-01 -2.79478D-01 -2.19528D-01 -2.71280D-01 -2.04815D-01   
-3.81339D-01 -3.81861D-01 -3.50904D-01 -3.00428D-01 -3.81858D-01 -2.48729D-01   
-5.30909D-01 -5.30971D-01 -4.37880D-01 -4.18364D-01 -5.30834D-01 -1.60695D-01   
-7.13666D-01 -7.14331D-01 -5.06418D-01 -4.37040D-01 -7.13704D-01 -6.61053D-01   
-8.60735D-01 -8.62137D-01 -5.85505D-01 -4.66179D-01 -8.60373D-01  1.52762D-02   
-1.01132D+00 -1.01140D+00 -6.41448D-01 -5.47716D-01 -1.01368D+00 -8.87341D-01   
-1.02413D+00 -1.02409D+00 -6.47652D-01 -5.55380D-01 -1.02088D+00 -9.19535D-02   
 0.00000D+00  0.00000D+00  0.00000D+00  0.00000D+00 -2.28509D-17  3.06276D-19   
 0.00000D+00  0.00000D+00  0.00000D+00  0.00000D+00 -3.75695D-17 -3.78289D-18   
 0.00000D+00  0.00000D+00  0.00000D+00  0.00000D+00 -1.47193D-16 -2.86422D-17   
 0.00000D+00  0.00000D+00  0.00000D+00  0.00000D+00 -3.33692D-16 -9.39569D-17   
 0.00000D+00  0.00000D+00  0.00000D+00  0.00000D+00 -2.54111D-16 -2.86179D-16   
 0.00000D+00  0.00000D+00  4.20711D-22  1.11985D-21 -1.70835D-16 -3.67798D-16   
 0.00000D+00  0.00000D+00  1.70380D-17  1.81513D-17  6.98538D-16 -9.15079D-16   
 0.00000D+00 -1.61367D-21  5.26015D-17  5.51448D-17  9.10722D-16 -1.24764D-15   
 0.00000D+00 -2.07638D-16  4.91942D-16  5.05862D-16 -3.76580D-15 -2.28105D-15   
 0.00000D+00 -1.61765D-13  3.76299D-14  3.78434D-14 -1.37574D-13  5.59195D-13   
 0.00000D+00 -1.65888D-12  2.00781D-13  1.84815D-13 -2.11019D-13 -1.91643D-11   
 0.00000D+00 -5.58349D-12 -1.61048D-12 -1.24980D-12 -8.72599D-12  1.41380D-10   
 0.00000D+00 -8.52173D-12 -1.74750D-11 -1.95227D-11 -1.28567D-11  1.53210D-10   
 0.00000D+00 -5.63802D-12 -7.96419D-11 -1.01040D-10 -2.63542D-12  8.79567D-10   
 0.00000D+00  8.94965D-13 -1.84689D-10 -3.09275D-10  9.93143D-12 -1.31035D-09   
-2.43061D-20  3.32051D-12 -2.20693D-10 -2.63408D-10 -1.13112D-11 -7.04599D-11   
-1.51550D-13  1.42228D-11 -5.89420D-10 -4.94721D-10  3.24543D-11  1.64246D-09   
-1.03466D-12  1.55602D-11 -9.43937D-10 -1.24980D-09  1.84477D-10  7.89574D-09   
-3.33937D-11 -7.99130D-11 -3.44309D-09  2.99069D-10  1.33886D-10 -1.13971D-08   
-8.66136D-10 -1.78567D-09 -1.66857D-08 -4.09147D-08 -2.38149D-09 -4.28949D-08   
-1.07564D-08 -1.73817D-08 -8.15604D-08 -1.68275D-08  4.16350D-08  1.29646D-07   
-5.13988D-08 -7.31101D-08 -2.82143D-07 -3.72660D-07 -1.68258D-07  2.25588D-07   
-1.59474D-07 -2.08804D-07 -6.64759D-07 -6.87787D-07  2.77446D-07 -7.11278D-06   
-5.00099D-07 -6.07686D-07 -1.77963D-06 -1.80303D-06 -1.45053D-06  1.31095D-06   
-1.47965D-06 -1.73581D-06 -4.52551D-06 -4.66366D-06 -1.86569D-06 -6.37796D-06   
-3.46784D-06 -3.95909D-06 -9.77391D-06 -1.06394D-05 -4.29013D-06  2.55000D-07   
-1.26202D-05 -1.35914D-05 -3.20154D-05 -2.97848D-05 -1.55090D-05  9.03053D-05   
-3.30975D-05 -3.65493D-05 -8.15353D-05 -7.98420D-05 -3.63794D-05  2.85326D-04   
-7.12206D-05 -7.25880D-05 -1.58781D-04 -1.98128D-04 -7.43079D-05 -3.25726D-04   
-1.34308D-04 -1.43734D-04 -3.02373D-04 -2.17765D-04 -1.45637D-04  3.66213D-05   
-2.30520D-04 -2.49063D-04 -4.68522D-04 -4.31073D-04 -2.40886D-04 -7.95873D-04   
-3.68721D-04 -3.66197D-04 -7.36851D-04 -1.35897D-03 -3.71567D-04 -2.31785D-04   
-5.58295D-04 -5.81641D-04 -1.06193D-03 -4.31887D-04 -5.84587D-04 -1.38553D-03   
-1.13092D-03 -1.19359D-03 -2.02240D-03 -5.13823D-03 -1.18600D-03 -1.47314D-03   
-2.62409D-03 -2.62999D-03 -4.45590D-03  1.30805D-03 -2.67793D-03 -4.12373D-03   
-5.11340D-03 -5.20475D-03 -8.31134D-03 -5.71291D-03 -5.21439D-03 -8.51355D-03   
-7.44710D-03 -7.53422D-03 -1.21336D-02 -1.66287D-02 -7.54249D-03 -1.15859D-02   
-1.40126D-02 -1.41396D-02 -2.15691D-02 -1.77761D-02 -1.42014D-02 -2.27823D-02   
-2.93856D-02 -2.97827D-02 -3.59559D-02 -3.44252D-02 -2.97046D-02 -3.66984D-02   
-4.79637D-02 -4.84918D-02 -5.97794D-02 -8.25531D-02 -4.84961D-02 -4.93821D-02   
-7.20893D-02 -7.25838D-02 -9.22254D-02 -6.84199D-02 -7.26185D-02 -7.71067D-02   
-1.21649D-01 -1.21830D-01 -1.40852D-01 -9.47127D-02 -1.21918D-01 -1.02372D-01   
-1.82924D-01 -1.83154D-01 -1.89968D-01 -1.41452D-01 -1.83115D-01 -1.21619D-01   
-2.72233D-01 -2.72090D-01 -2.60557D-01 -2.22938D-01 -2.72064D-01 -1.08217D-01   
-3.90866D-01 -3.91318D-01 -3.27212D-01 -2.40466D-01 -3.91212D-01 -4.48004D-01   
-4.93247D-01 -4.93954D-01 -3.98706D-01 -2.65615D-01 -4.93202D-01 -7.41488D-02   
-6.05374D-01 -6.05909D-01 -4.60916D-01 -3.29942D-01 -6.06667D-01 -4.81613D-01   
-6.15380D-01 -6.15767D-01 -4.64824D-01 -3.36808D-01 -6.14525D-01 -2.01965D-01   
 0.00000D+00  0.00000D+00  0.00000D+00  0.00000D+00 -5.48371D-20  7.19075D-21   
 0.00000D+00  0.00000D+00  0.00000D+00  0.00000D+00 -1.12352D-19  1.23062D-20   
 0.00000D+00  0.00000D+00  0.00000D+00  0.00000D+00 -7.00169D-19 -6.59390D-20   
 0.00000D+00  0.00000D+00  0.00000D+00  0.00000D+00 -2.55775D-18 -3.20412D-19   
 0.00000D+00  0.00000D+00  0.00000D+00  0.00000D+00 -5.09118D-18 -7.44134D-19   
 0.00000D+00  0.00000D+00  5.26162D-25  1.40521D-24 -5.05321D-18 -1.37531D-18   
 0.00000D+00  0.00000D+00  6.82046D-20  7.33492D-20 -5.53249D-19 -9.64686D-18   
 0.00000D+00 -2.02174D-24  2.47344D-19  2.61318D-19  3.03631D-18 -3.60637D-18   
 0.00000D+00 -8.30644D-19  3.32850D-18  3.44191D-18 -1.86839D-17 -1.53571D-17   
 0.00000D+00 -1.79383D-15  5.69957D-16  5.75699D-16 -1.50246D-15  8.19717D-15   
 0.00000D+00 -2.99357D-14  8.20586D-15  7.86977D-15  1.09638D-14 -5.17870D-13   
 0.00000D+00 -1.51030D-13  2.93487D-14  4.57577D-14 -3.04718D-13  5.10953D-12   
 0.00000D+00 -3.34746D-13 -1.42681D-13 -2.18896D-13 -1.53271D-13  6.53370D-12   
 0.00000D+00 -4.64646D-13 -8.77552D-13 -2.06144D-12 -1.02399D-12  5.10514D-11   
 0.00000D+00 -4.07391D-13 -2.83009D-12 -1.00981D-11 -2.27345D-14 -6.11910D-11   
-5.02596D-23 -3.56699D-13 -3.17343D-12 -5.90941D-12 -3.77283D-13 -3.01915D-12   
-1.82013D-15  6.61715D-15 -1.18105D-11 -6.05673D-12 -7.22971D-13  4.46027D-10   
-1.56362D-14  2.00751D-13 -2.26127D-11 -4.17577D-11  4.77336D-12  7.47033D-10   
-7.66018D-13 -1.33221D-12 -1.21132D-10  1.73157D-10  5.42578D-12 -8.19887D-10   
-2.95373D-11 -6.06475D-11 -6.85764D-10 -3.01281D-09  1.24548D-11 -6.17380D-10   
-5.00247D-10 -8.30935D-10 -3.76267D-09  3.73970D-09  1.20426D-10  3.49222D-08   
-2.90041D-09 -4.25519D-09 -1.68545D-08 -2.84778D-08 -1.33200D-08  8.41626D-08   
-1.03546D-08 -1.39424D-08 -4.20909D-08 -4.55613D-08  9.01087D-08 -9.52872D-07   
-3.74290D-08 -4.62062D-08 -1.33187D-07 -1.35762D-07 -1.28629D-07  3.92721D-07   
-1.26816D-07 -1.51553D-07 -3.71359D-07 -3.70378D-07 -1.70572D-07 -6.50383D-07   
-3.30804D-07 -3.86465D-07 -9.00698D-07 -1.00108D-06 -4.33175D-07  1.49694D-06   
-1.41779D-06 -1.52005D-06 -3.34872D-06 -3.16420D-06 -1.87560D-06  3.72668D-05   
-4.20421D-06 -4.77245D-06 -1.04844D-05 -8.18472D-06 -4.72354D-06  9.87588D-05   
-9.97664D-06 -9.97256D-06 -2.08126D-05 -3.34771D-05 -1.03334D-05 -4.17458D-05   
-2.04022D-05 -2.21088D-05 -4.76327D-05 -1.69432D-05 -2.25997D-05  4.01790D-05   
-3.75221D-05 -4.14842D-05 -7.27261D-05 -5.04071D-05 -3.93334D-05 -1.08413D-04   
-6.37413D-05 -6.21372D-05 -1.25584D-04 -3.77822D-04 -6.33328D-05 -1.45401D-05   
-1.01801D-04 -1.06776D-04 -1.93694D-04  1.13788D-04 -1.07466D-04 -2.82407D-04   
-2.25956D-04 -2.42754D-04 -4.15071D-04 -1.55240D-03 -2.39761D-04 -3.22133D-04   
-5.85645D-04 -5.84657D-04 -9.96193D-04  1.23409D-03 -5.99781D-04 -9.16570D-04   
-1.24799D-03 -1.27526D-03 -2.13142D-03 -5.72615D-04 -1.27677D-03 -2.12113D-03   
-1.91261D-03 -1.93482D-03 -3.39559D-03 -5.10778D-03 -1.93722D-03 -3.26539D-03   
-3.92089D-03 -3.94648D-03 -5.76205D-03 -4.21416D-03 -3.97655D-03 -6.39966D-03   
-9.08759D-03 -9.24318D-03 -1.14838D-02 -7.92801D-03 -9.19961D-03 -1.07038D-02   
-1.58892D-02 -1.61347D-02 -2.31757D-02 -3.37531D-02 -1.61254D-02 -2.04749D-02   
-2.53729D-02 -2.56193D-02 -3.43224D-02 -2.00027D-02 -2.56301D-02 -3.31289D-02   
-4.64302D-02 -4.65087D-02 -5.79078D-02 -2.65981D-02 -4.65662D-02 -5.08221D-02   
-7.45468D-02 -7.46923D-02 -8.40248D-02 -4.69191D-02 -7.46382D-02 -7.37601D-02   
-1.18691D-01 -1.18352D-01 -1.24370D-01 -8.83849D-02 -1.18476D-01 -7.93558D-02   
-1.81245D-01 -1.81429D-01 -1.77938D-01 -9.44134D-02 -1.81739D-01 -1.97380D-01   
-2.39396D-01 -2.39989D-01 -2.30788D-01 -1.06805D-01 -2.40026D-01 -9.80505D-02   
-3.06626D-01 -3.06407D-01 -2.87765D-01 -1.45314D-01 -3.05585D-01 -3.19996D-01   
-3.12700D-01 -3.12472D-01 -2.93429D-01 -1.49310D-01 -3.12805D-01 -1.67298D-01   
 0.00000D+00  0.00000D+00  0.00000D+00  0.00000D+00 -9.07637D-23  2.10621D-23   
 0.00000D+00  0.00000D+00  0.00000D+00  0.00000D+00 -2.35554D-22  5.38292D-23   
 0.00000D+00  0.00000D+00  0.00000D+00  0.00000D+00 -2.30721D-21 -2.04107D-22   
 0.00000D+00  0.00000D+00  0.00000D+00  0.00000D+00 -1.18225D-20 -1.53024D-21   
 0.00000D+00  0.00000D+00  0.00000D+00  0.00000D+00 -3.73264D-20  2.28712D-22   
 0.00000D+00  0.00000D+00  3.61397D-28  1.06211D-27 -4.00563D-20  2.35691D-22   
 0.00000D+00  0.00000D+00  2.00424D-22  2.17511D-22 -4.53595D-20 -8.45540D-20   
 0.00000D+00 -1.46562D-27  8.35901D-22  8.88920D-22 -4.23406D-20  1.32237D-19   
 0.00000D+00 -2.47838D-21  1.53337D-20  1.59336D-20 -3.94140D-20  3.41160D-19   
 0.00000D+00 -1.40810D-17  5.12340D-18  5.16963D-18 -1.03093D-17  1.03397D-16   
 0.00000D+00 -3.66847D-16  1.13466D-16  1.07449D-16  1.03569D-15 -1.42798D-14   
 0.00000D+00 -2.64406D-15  8.10244D-16  1.32511D-15 -1.22806D-14  1.36126D-13   
 0.00000D+00 -7.79204D-15 -1.90458D-15 -2.79590D-15 -8.34690D-14  5.16864D-13   
 0.00000D+00 -1.52830D-14 -3.41140D-15 -7.33995D-14  2.50948D-14  2.19199D-12   
 0.00000D+00 -1.84965D-14 -4.58806D-14 -3.89565D-13 -1.82433D-14 -3.57242D-12   
-7.91543D-26 -1.83855D-14 -2.02606D-14 -2.52286D-13 -2.60080D-14  3.17298D-13   
-1.60765D-17 -1.41491D-14 -1.63856D-13 -2.44974D-13  7.21333D-15  2.56665D-11   
-1.72552D-16 -9.48430D-15 -6.54362D-13 -1.02651D-12 -6.77291D-13  3.58196D-11   
-1.27715D-14 -1.11560D-14 -4.48826D-12  1.26620D-11  1.61648D-13 -5.89708D-11   
-7.30095D-13 -1.39972D-12 -2.58642D-11 -2.37717D-10  6.11038D-12  1.05937D-09   
-1.68698D-11 -2.83374D-11 -1.41633D-10  6.29524D-10  1.44768D-10  3.55624D-09   
-1.18815D-10 -1.78330D-10 -9.59797D-10 -2.30984D-09 -9.95389D-10  3.89875D-08   
-4.88539D-10 -6.76920D-10 -2.35264D-09 -2.99145D-09  4.05634D-09 -9.38251D-08   
-2.03751D-09 -2.55380D-09 -8.79315D-09 -9.41185D-09 -1.37019D-08  6.22996D-08   
-7.91342D-09 -9.53892D-09 -2.73786D-08 -2.73199D-08 -1.26063D-08 -7.56952D-08   
-2.29975D-08 -2.78847D-08 -6.98854D-08 -7.73055D-08 -3.67023D-08  4.65034D-07   
-1.16337D-07 -1.21106D-07 -3.10697D-07 -3.64742D-07 -1.68761D-07  1.06937D-05   
-3.91036D-07 -4.66795D-07 -1.13347D-06 -4.90084D-07 -4.59586D-07  2.55994D-05   
-1.02592D-06 -1.00046D-06 -2.30279D-06 -5.06055D-06 -1.04692D-06  8.11859D-06   
-2.28071D-06 -2.39025D-06 -6.31402D-06 -2.29545D-06 -2.53637D-06  2.51549D-05   
-4.50472D-06 -5.49761D-06 -9.43089D-06  9.21945D-06 -4.87853D-06 -2.34568D-06   
-8.14466D-06 -7.43651D-06 -1.86189D-05 -8.70499D-05 -7.52286D-06  2.45826D-05   
-1.37478D-05 -1.44786D-05 -2.71104D-05 -1.44961D-05 -1.49940D-05 -4.94908D-05   
-3.35585D-05 -3.82933D-05 -6.85371D-05 -3.12158D-04 -3.78458D-05 -1.70347D-05   
-9.76652D-05 -9.46591D-05 -1.76089D-04  1.07714D-03 -9.91684D-05 -1.46801D-04   
-2.28851D-04 -2.36507D-04 -4.00298D-04  2.48310D-04 -2.37143D-04 -4.04753D-04   
-3.70597D-04 -3.77154D-04 -7.26899D-04 -1.40125D-03 -3.75200D-04 -6.52739D-04   
-8.35315D-04 -8.33553D-04 -1.45509D-03 -1.08561D-03 -8.47360D-04 -1.61222D-03   
-2.16159D-03 -2.19877D-03 -2.45584D-03 -3.95869D-04 -2.18481D-03 -2.46236D-03   
-4.06505D-03 -4.16385D-03 -6.35104D-03 -1.13842D-02 -4.15496D-03 -4.20175D-03   
-6.93373D-03 -7.07292D-03 -1.00720D-02 -4.78001D-03 -7.06201D-03 -9.35703D-03   
-1.39503D-02 -1.39774D-02 -1.83426D-02 -8.89019D-03 -1.40105D-02 -1.38444D-02   
-2.42077D-02 -2.43219D-02 -2.72945D-02 -1.39002D-02 -2.42398D-02 -1.85689D-02   
-4.17760D-02 -4.15768D-02 -4.36880D-02 -3.23098D-02 -4.17739D-02 -2.24400D-02   
-6.92056D-02 -6.90731D-02 -6.56680D-02 -3.45486D-02 -6.99673D-02 -7.05786D-02   
-9.57040D-02 -9.57587D-02 -9.01027D-02 -4.11172D-02 -9.69071D-02 -3.53493D-02   
-1.29468D-01 -1.29591D-01 -1.14953D-01 -5.72212D-02 -1.26886D-01 -1.20425D-01   
-1.32718D-01 -1.32700D-01 -1.17700D-01 -6.00722D-02 -1.35611D-01 -7.99601D-02   
