  18.000     0.000            7        48        13                             
  3.17767D+00  3.13457D-01  2.49449D-01  2.47081D-01  2.89243D-02  1.46247D-02  
 1.44261D-02  1.60000D-02  3.10000D-02  5.00000D-02  9.80000D-02  1.50000D-01   
 2.10000D-01  2.20000D-01  2.55000D-01  2.85000D-01  3.20000D-01  4.00000D-01   
 5.00000D-01  7.00000D-01  1.10000D+00  1.68000D+00  1.73000D+00  1.91000D+00   
 2.40000D+00  3.20000D+00  4.50000D+00  6.50000D+00  8.00000D+00  1.00000D+01   
 1.25000D+01  1.43000D+01  1.60000D+01  2.00000D+01  2.50000D+01  3.00000D+01   
 3.46000D+01  4.00000D+01  4.50000D+01  5.00000D+01  6.00000D+01  7.50000D+01   
 9.00000D+01  1.00000D+02  1.20000D+02  1.50000D+02  1.75000D+02  2.00000D+02   
 2.40000D+02  2.80000D+02  3.30000D+02  3.90000D+02  4.40000D+02  4.95000D+02   
 5.00000D+02  0.00000D+00  0.00000D+00  0.00000D+00  0.00000D+00  0.00000D+00   
 8.52111D+01  1.75294D+02  0.00000D+00  0.00000D+00  0.00000D+00  0.00000D+00   
 3.87470D+00  3.06926D+01  5.70204D+01  0.00000D+00  0.00000D+00  0.00000D+00   
 0.00000D+00  4.83552D+01  3.26820D+01  6.78530D+01  0.00000D+00  0.00000D+00   
 0.00000D+00  0.00000D+00  2.83263D+02  3.17432D+02  6.40364D+02  0.00000D+00   
 0.00000D+00  0.00000D+00  0.00000D+00  6.10037D+02  7.20800D+02  1.43988D+03   
 0.00000D+00  0.00000D+00  0.00000D+00  0.00000D+00  1.03546D+03  1.15767D+03   
 2.30006D+03  0.00000D+00  0.00000D+00  0.00000D+00  0.00000D+00  1.10795D+03   
 1.22363D+03  2.42956D+03  0.00000D+00  0.00000D+00  2.98717D+04  6.13336D+04   
 1.36534D+03  1.44367D+03  2.86105D+03  0.00000D+00  0.00000D+00  2.28365D+04   
 4.56079D+04  1.59253D+03  1.62087D+03  3.20799D+03  0.00000D+00  9.31018D+03   
 2.67388D+04  5.31404D+04  1.86473D+03  1.81176D+03  3.58112D+03  0.00000D+00   
 1.60883D+04  3.25801D+04  6.45027D+04  2.49145D+03  2.17491D+03  4.28872D+03   
 0.00000D+00  2.35265D+04  3.72336D+04  7.34390D+04  3.26571D+03  2.52850D+03   
 4.97444D+03  0.00000D+00  3.81872D+04  4.23986D+04  8.32967D+04  4.79398D+03   
 3.02479D+03  5.93037D+03  0.00000D+00  6.54252D+04  4.60716D+04  9.00773D+04   
 7.69418D+03  3.52410D+03  6.87631D+03  0.00000D+00  9.88580D+04  4.58892D+04   
 8.93087D+04  1.13064D+04  3.69296D+03  7.17287D+03  0.00000D+00  1.01438D+05   
 4.57494D+04  8.90070D+04  1.15839D+04  3.69178D+03  7.16822D+03  0.00000D+00   
 1.10307D+05  4.51909D+04  8.78211D+04  1.25420D+04  3.67720D+03  7.13201D+03   
 0.00000D+00  1.31886D+05  4.33387D+04  8.39902D+04  1.48752D+04  3.59169D+03   
 6.94694D+03  2.46876D+06  1.60582D+05  4.00604D+04  7.73454D+04  1.79878D+04   
 3.38410D+03  6.52312D+03  3.02641D+06  1.94992D+05  3.51621D+04  6.75502D+04   
 2.17806D+04  3.03464D+03  5.81949D+03  3.43531D+06  2.29713D+05  2.92767D+04   
 5.58992D+04  2.56868D+04  2.57367D+03  4.90326D+03  3.61668D+06  2.47186D+05   
 2.59520D+04  4.93590D+04  2.76709D+04  2.29783D+03  4.36159D+03  3.77055D+06   
 2.63693D+05  2.25151D+04  4.26228D+04  2.95545D+04  2.00657D+03  3.79135D+03   
 3.88212D+06  2.77458D+05  1.92964D+04  3.63299D+04  3.11396D+04  1.73055D+03   
 3.25096D+03  3.92925D+06  2.84303D+05  1.74867D+04  3.27983D+04  3.19318D+04   
 1.57346D+03  2.94403D+03  3.95728D+06  2.89139D+05  1.60590D+04  3.00199D+04   
 3.24980D+04  1.44807D+03  2.70034D+03  3.98358D+06  2.96297D+05  1.34604D+04   
 2.49917D+04  3.33464D+04  1.21818D+03  2.25542D+03  3.97334D+06  3.00173D+05   
 1.11867D+04  2.06130D+04  3.38272D+04  1.01597D+03  1.86490D+03  3.94065D+06   
 3.01004D+05  9.56928D+03  1.74894D+04  3.39565D+04  8.71713D+02  1.58683D+03   
 3.90165D+06  3.00301D+05  8.45069D+03  1.53338D+04  3.39052D+04  7.70680D+02   
 1.39333D+03  3.85137D+06  2.98481D+05  7.43929D+03  1.34010D+04  3.37265D+04   
 6.79439D+02  1.22056D+03  3.80368D+06  2.96268D+05  6.70476D+03  1.20003D+04   
 3.34989D+04  6.12758D+02  1.09443D+03  3.75650D+06  2.93794D+05  6.10962D+03   
 1.08628D+04  3.32349D+04  5.59339D+02  9.91996D+02  3.66647D+06  2.88588D+05   
 5.20670D+03  9.15189D+03  3.26670D+04  4.77533D+02  8.37281D+02  3.54565D+06   
 2.80998D+05  4.29791D+03  7.43993D+03  3.18220D+04  3.93852D+02  6.81088D+02   
 3.44217D+06  2.74165D+05  3.69250D+03  6.32085D+03  3.10530D+04  3.39321D+02   
 5.77946D+02  3.38203D+06  2.70087D+05  3.39110D+03  5.76329D+03  3.05930D+04   
 3.11694D+02  5.26982D+02  3.28036D+06  2.63039D+05  2.94325D+03  4.91917D+03   
 2.98004D+04  2.70159D+02  4.51348D+02  3.16648D+06  2.54963D+05  2.50556D+03   
 4.10522D+03  2.88964D+04  2.30934D+02  3.78325D+02  3.09938D+06  2.50167D+05   
 2.26267D+03  3.66571D+03  2.83592D+04  2.07703D+02  3.37695D+02  3.05206D+06   
 2.46798D+05  2.08637D+03  3.34393D+03  2.79821D+04  1.92124D+02  3.08072D+02   
 3.00875D+06  2.43803D+05  1.88760D+03  2.99956D+03  2.76495D+04  1.73725D+02   
 2.75446D+02  2.99669D+06  2.43171D+05  1.75033D+03  2.76668D+03  2.75840D+04   
 1.60710D+02  2.53849D+02  3.01537D+06  2.44988D+05  1.62904D+03  2.58812D+03   
 2.77960D+04  1.50990D+02  2.36465D+02  3.07576D+06  2.50161D+05  1.52435D+03   
 2.47289D+03  2.83857D+04  1.39549D+02  2.24587D+02  3.15090D+06  2.56418D+05   
 1.45933D+03  2.41926D+03  2.90941D+04  1.35054D+02  2.19039D+02  3.25401D+06   
 2.64924D+05  1.39942D+03  2.38411D+03  3.00644D+04  1.29414D+02  2.16544D+02   
 3.26423D+06  2.65771D+05  1.39473D+03  2.38173D+03  3.01586D+04  1.29185D+02   
 2.15781D+02  0.00000D+00  0.00000D+00  0.00000D+00  0.00000D+00  0.00000D+00   
 1.00000D+00  1.00000D+00  0.00000D+00  0.00000D+00  0.00000D+00  0.00000D+00   
 1.00000D+00  1.00000D+00  1.00000D+00  0.00000D+00  0.00000D+00  0.00000D+00   
 0.00000D+00  1.00000D+00  1.00000D+00  1.00000D+00  0.00000D+00  0.00000D+00   
 0.00000D+00  0.00000D+00  1.00000D+00  1.00000D+00  1.00000D+00  0.00000D+00   
 0.00000D+00  0.00000D+00  0.00000D+00  1.00000D+00  1.00000D+00  1.00000D+00   
 0.00000D+00  0.00000D+00  0.00000D+00  0.00000D+00  1.00000D+00  1.00000D+00   
 1.00000D+00  0.00000D+00  0.00000D+00  0.00000D+00  0.00000D+00  1.00000D+00   
 1.00000D+00  1.00000D+00  0.00000D+00  0.00000D+00  1.00000D+00  1.00000D+00   
 1.00000D+00  1.00000D+00  1.00000D+00  0.00000D+00  0.00000D+00  1.00000D+00   
 1.00000D+00  1.00000D+00  1.00000D+00  1.00000D+00  0.00000D+00  1.00000D+00   
 1.00000D+00  1.00000D+00  1.00000D+00  1.00000D+00  1.00000D+00  0.00000D+00   
 1.00000D+00  1.00000D+00  1.00000D+00  1.00000D+00  1.00000D+00  1.00000D+00   
 0.00000D+00  1.00000D+00  1.00000D+00  1.00000D+00  1.00000D+00  1.00000D+00   
 1.00000D+00  0.00000D+00  1.00000D+00  1.00000D+00  1.00000D+00  1.00000D+00   
 1.00000D+00  1.00000D+00  0.00000D+00  1.00000D+00  1.00000D+00  1.00000D+00   
 1.00000D+00  1.00000D+00  1.00000D+00  0.00000D+00  1.00000D+00  1.00000D+00   
 1.00000D+00  1.00000D+00  1.00000D+00  1.00000D+00  0.00000D+00  1.00000D+00   
 1.00000D+00  1.00000D+00  1.00000D+00  1.00000D+00  1.00000D+00  0.00000D+00   
 1.00000D+00  1.00000D+00  1.00000D+00  1.00000D+00  1.00000D+00  1.00000D+00   
 0.00000D+00  1.00000D+00  1.00000D+00  1.00000D+00  1.00000D+00  1.00000D+00   
 1.00000D+00  1.00000D+00  1.00000D+00  1.00000D+00  1.00000D+00  1.00000D+00   
 1.00000D+00  1.00000D+00  1.00000D+00  1.00000D+00  1.00000D+00  1.00000D+00   
 1.00000D+00  1.00000D+00  1.00000D+00  1.00000D+00  1.00000D+00  1.00000D+00   
 1.00000D+00  1.00000D+00  1.00000D+00  1.00000D+00  1.00000D+00  1.00000D+00   
 1.00000D+00  1.00000D+00  1.00000D+00  1.00000D+00  1.00000D+00  1.00000D+00   
 1.00000D+00  1.00000D+00  1.00000D+00  1.00000D+00  1.00000D+00  1.00000D+00   
 1.00000D+00  1.00000D+00  1.00000D+00  1.00000D+00  1.00000D+00  1.00000D+00   
 1.00000D+00  1.00000D+00  1.00000D+00  1.00000D+00  1.00000D+00  1.00000D+00   
 1.00000D+00  1.00000D+00  1.00000D+00  1.00000D+00  1.00000D+00  1.00000D+00   
 1.00000D+00  1.00000D+00  1.00000D+00  1.00000D+00  1.00000D+00  1.00000D+00   
 1.00000D+00  1.00000D+00  1.00000D+00  1.00000D+00  1.00000D+00  1.00000D+00   
 1.00000D+00  1.00000D+00  1.00000D+00  1.00000D+00  1.00000D+00  1.00000D+00   
 1.00000D+00  1.00000D+00  1.00000D+00  1.00000D+00  1.00000D+00  1.00000D+00   
 1.00000D+00  1.00000D+00  1.00000D+00  1.00000D+00  1.00000D+00  1.00000D+00   
 1.00000D+00  1.00000D+00  1.00000D+00  1.00000D+00  1.00000D+00  1.00000D+00   
 1.00000D+00  1.00000D+00  1.00000D+00  1.00000D+00  1.00000D+00  1.00000D+00   
 1.00000D+00  1.00000D+00  1.00000D+00  1.00000D+00  1.00000D+00  1.00000D+00   
 1.00000D+00  1.00000D+00  1.00000D+00  1.00000D+00  1.00000D+00  1.00000D+00   
 1.00000D+00  1.00000D+00  1.00000D+00  1.00000D+00  1.00000D+00  1.00000D+00   
 1.00000D+00  1.00000D+00  1.00000D+00  1.00000D+00  1.00000D+00  1.00000D+00   
 1.00000D+00  1.00000D+00  1.00000D+00  1.00000D+00  1.00000D+00  1.00000D+00   
 1.00000D+00  1.00000D+00  1.00000D+00  1.00000D+00  1.00000D+00  1.00000D+00   
 1.00000D+00  1.00000D+00  1.00000D+00  1.00000D+00  1.00000D+00  1.00000D+00   
 1.00000D+00  1.00000D+00  1.00000D+00  1.00000D+00  1.00000D+00  1.00000D+00   
 1.00000D+00  1.00000D+00  1.00000D+00  1.00000D+00  1.00000D+00  1.00000D+00   
 1.00000D+00  1.00000D+00  1.00000D+00  1.00000D+00  1.00000D+00  1.00000D+00   
 1.00000D+00  1.00000D+00  1.00000D+00  1.00000D+00  1.00000D+00  1.00000D+00   
 1.00000D+00  1.00000D+00  1.00000D+00  1.00000D+00  1.00000D+00  1.00000D+00   
 1.00000D+00  1.00000D+00  1.00000D+00  1.00000D+00  1.00000D+00  1.00000D+00   
 1.00000D+00  1.00000D+00  1.00000D+00  1.00000D+00  1.00000D+00  1.00000D+00   
 1.00000D+00  1.00000D+00  1.00000D+00  1.00000D+00  1.00000D+00  1.00000D+00   
 1.00000D+00  1.00000D+00  1.00000D+00  1.00000D+00  1.00000D+00  1.00000D+00   
 1.00000D+00  1.00000D+00  1.00000D+00  1.00000D+00  1.00000D+00  1.00000D+00   
 1.00000D+00  1.00000D+00  1.00000D+00  1.00000D+00  1.00000D+00  1.00000D+00   
 1.00000D+00  1.00000D+00  1.00000D+00  1.00000D+00  1.00000D+00  1.00000D+00   
 1.00000D+00  0.00000D+00  0.00000D+00  0.00000D+00  0.00000D+00  0.00000D+00   
 1.17518D-03  1.24749D-03  0.00000D+00  0.00000D+00  0.00000D+00  0.00000D+00   
 1.03393D-01 -4.20770D-03 -4.08830D-03  0.00000D+00  0.00000D+00  0.00000D+00   
 0.00000D+00  4.20662D-04  1.34525D-02  1.30200D-02  0.00000D+00  0.00000D+00   
 0.00000D+00  0.00000D+00  3.38530D-02 -5.53223D-03 -5.45772D-03  0.00000D+00   
 0.00000D+00  0.00000D+00  0.00000D+00  2.25542D-02 -2.72137D-03 -2.51082D-03   
 0.00000D+00  0.00000D+00  0.00000D+00  0.00000D+00  9.16757D-03  5.58061D-03   
 5.85783D-03  0.00000D+00  0.00000D+00  0.00000D+00  0.00000D+00  7.36825D-03   
 7.07524D-03  7.36032D-03  0.00000D+00  0.00000D+00  6.39931D-04 -6.30664D-05   
 2.09009D-03  1.24148D-02  1.27235D-02  0.00000D+00  0.00000D+00 -2.05595D-03   
-1.80757D-03 -1.34208D-03  1.70639D-02  1.73881D-02  0.00000D+00  6.67850D-02   
 3.24964D-03  3.74095D-03 -4.31044D-03  2.24891D-02  2.28275D-02  0.00000D+00   
 5.61958D-02  1.88053D-02  1.93647D-02 -7.77788D-03  3.49249D-02  3.52925D-02   
 0.00000D+00  1.13523D-02  3.68010D-02  3.73776D-02 -7.68594D-03  4.99674D-02   
 5.03659D-02  0.00000D+00 -9.40656D-03  6.86392D-02  6.92104D-02 -3.40782D-04   
 7.57430D-02  7.61741D-02  0.00000D+00  7.54914D-03  1.17854D-01  1.18395D-01   
 2.41025D-02  1.19604D-01  1.20053D-01  0.00000D+00  4.87372D-02  1.71007D-01   
 1.71472D-01  6.28535D-02  1.70928D-01  1.71228D-01  0.00000D+00  5.22284D-02   
 1.75009D-01  1.75466D-01  6.61875D-02  1.74881D-01  1.75161D-01  0.00000D+00   
 6.45344D-02  1.88816D-01  1.89238D-01  7.78567D-02  1.88273D-01  1.88508D-01   
 0.00000D+00  9.58527D-02  2.22630D-01  2.22946D-01  1.07318D-01  2.21648D-01   
 2.21879D-01 -5.35515D-02  1.40821D-01  2.69864D-01  2.69967D-01  1.50218D-01   
 2.67660D-01  2.67492D-01  1.15200D-01  2.02532D-01  3.33634D-01  3.33308D-01   
 2.09314D-01  3.30637D-01  3.30334D-01  2.25612D-01  2.80024D-01  4.12883D-01   
 4.11701D-01  2.84929D-01  4.10774D-01  4.09188D-01  2.85421D-01  3.28950D-01   
 4.63265D-01  4.61298D-01  3.33074D-01  4.61596D-01  4.59039D-01  3.51258D-01   
 3.86059D-01  5.22980D-01  5.19951D-01  3.89465D-01  5.20463D-01  5.17840D-01   
 4.20253D-01  4.48370D-01  5.89012D-01  5.84958D-01  4.51308D-01  5.86471D-01   
 5.82540D-01  4.63862D-01  4.88669D-01  6.32050D-01  6.27338D-01  4.91320D-01   
 6.30669D-01  6.24729D-01  5.01627D-01  5.24019D-01  6.70024D-01  6.64431D-01   
 5.26353D-01  6.69004D-01  6.62273D-01  5.80754D-01  5.99239D-01  7.51393D-01   
 7.42201D-01  6.01169D-01  7.49127D-01  7.41449D-01  6.66007D-01  6.81618D-01   
 8.40249D-01  8.26667D-01  6.83200D-01  8.38556D-01  8.27856D-01  7.40710D-01   
 7.54480D-01  9.18496D-01  9.03075D-01  7.55778D-01  9.17212D-01  9.03509D-01   
 8.02579D-01  8.15136D-01  9.83445D-01  9.65967D-01  8.16032D-01  9.83222D-01   
 9.63778D-01  8.68744D-01  8.80281D-01  1.05306D+00  1.03126D+00  8.80933D-01   
 1.05065D+00  1.03064D+00  9.25018D-01  9.35812D-01  1.11232D+00  1.08794D+00   
 9.36483D-01  1.11181D+00  1.08519D+00  9.77362D-01  9.87465D-01  1.16704D+00   
 1.14195D+00  9.88112D-01  1.16471D+00  1.13604D+00  1.07258D+00  1.08134D+00   
 1.26592D+00  1.23393D+00  1.08217D+00  1.26344D+00  1.22917D+00  1.19729D+00   
 1.20416D+00  1.39339D+00  1.35270D+00  1.20538D+00  1.39299D+00  1.35043D+00   
 1.30572D+00  1.31107D+00  1.50218D+00  1.45182D+00  1.31252D+00  1.50299D+00   
 1.45208D+00  1.37081D+00  1.37547D+00  1.56660D+00  1.51162D+00  1.37683D+00   
 1.56736D+00  1.51150D+00  1.48699D+00  1.49087D+00  1.68109D+00  1.62057D+00   
 1.49160D+00  1.67837D+00  1.61850D+00  1.63351D+00  1.63680D+00  1.82214D+00   
 1.73881D+00  1.63674D+00  1.82412D+00  1.74391D+00  1.73614D+00  1.73895D+00   
 1.91678D+00  1.82432D+00  1.73879D+00  1.91302D+00  1.83126D+00  1.82489D+00   
 1.82728D+00  1.99446D+00  1.90095D+00  1.82716D+00  1.99365D+00  1.89957D+00   
 1.94362D+00  1.94553D+00  2.09452D+00  1.99070D+00  1.94539D+00  2.09392D+00   
 1.98997D+00  2.03923D+00  2.04058D+00  2.16961D+00  2.05723D+00  2.04056D+00   
 2.16739D+00  2.05743D+00  2.13306D+00  2.13378D+00  2.23392D+00  2.12720D+00   
 2.13402D+00  2.23726D+00  2.12275D+00  2.21610D+00  2.21658D+00  2.28832D+00   
 2.19013D+00  2.21677D+00  2.28600D+00  2.18196D+00  2.26652D+00  2.26641D+00   
 2.31237D+00  2.23321D+00  2.26650D+00  2.31390D+00  2.22214D+00  2.30607D+00   
 2.30607D+00  2.33408D+00  2.26623D+00  2.30634D+00  2.33354D+00  2.25751D+00   
 2.30899D+00  2.30900D+00  2.33433D+00  2.26970D+00  2.30902D+00  2.33643D+00   
 2.25850D+00  0.00000D+00  0.00000D+00  0.00000D+00  0.00000D+00  0.00000D+00   
-3.43593D-01 -3.69748D-01  0.00000D+00  0.00000D+00  0.00000D+00  0.00000D+00   
-9.89861D-01 -8.57625D-01 -8.46552D-01  0.00000D+00  0.00000D+00  0.00000D+00   
 0.00000D+00 -9.99424D-01  1.71633D-03 -1.00426D-02  0.00000D+00  0.00000D+00   
 0.00000D+00  0.00000D+00 -9.99676D-01 -6.63612D-01 -6.63654D-01  0.00000D+00   
 0.00000D+00  0.00000D+00  0.00000D+00 -9.98992D-01 -7.73613D-01 -7.73799D-01   
 0.00000D+00  0.00000D+00  0.00000D+00  0.00000D+00 -9.98453D-01 -8.06030D-01   
-8.07090D-01  0.00000D+00  0.00000D+00  0.00000D+00  0.00000D+00 -9.98403D-01   
-8.08125D-01 -8.09319D-01  0.00000D+00  0.00000D+00 -3.42798D-01 -3.04151D-01   
-9.98296D-01 -8.11545D-01 -8.13173D-01  0.00000D+00  0.00000D+00 -4.23934D-01   
-4.36159D-01 -9.98273D-01 -8.11181D-01 -8.13136D-01  0.00000D+00 -9.94661D-01   
-5.65943D-01 -5.73360D-01 -9.98304D-01 -8.08438D-01 -8.10725D-01  0.00000D+00   
-9.96138D-01 -6.86139D-01 -6.90376D-01 -9.98502D-01 -7.96759D-01 -7.99645D-01   
 0.00000D+00 -9.96028D-01 -7.27060D-01 -7.30959D-01 -9.98870D-01 -7.76513D-01   
-7.79929D-01  0.00000D+00 -9.97667D-01 -7.29725D-01 -7.33946D-01 -9.99577D-01   
-7.33406D-01 -7.37470D-01  0.00000D+00 -9.99771D-01 -6.75915D-01 -6.80660D-01   
-9.99898D-01 -6.55797D-01 -6.60369D-01  0.00000D+00 -9.99086D-01 -5.88601D-01   
-5.93625D-01 -9.98174D-01 -5.63684D-01 -5.68480D-01  0.00000D+00 -9.98892D-01   
-5.81620D-01 -5.86658D-01 -9.97928D-01 -5.56593D-01 -5.61398D-01  0.00000D+00   
-9.98068D-01 -5.57318D-01 -5.62398D-01 -9.96918D-01 -5.32257D-01 -5.37098D-01   
 0.00000D+00 -9.95047D-01 -4.97479D-01 -5.02663D-01 -9.93631D-01 -4.73834D-01   
-4.78746D-01 -9.99240D-01 -9.88565D-01 -4.16668D-01 -4.22082D-01 -9.86857D-01   
-3.96075D-01 -4.01307D-01 -9.90962D-01 -9.75786D-01 -3.15724D-01 -3.21803D-01   
-9.74036D-01 -3.00289D-01 -3.06133D-01 -9.68569D-01 -9.53366D-01 -2.03686D-01   
-2.11418D-01 -9.51700D-01 -1.92672D-01 -1.99872D-01 -9.50447D-01 -9.35529D-01   
-1.39585D-01 -1.48864D-01 -9.33989D-01 -1.30404D-01 -1.39273D-01 -9.25604D-01   
-9.11134D-01 -6.91196D-02 -8.07273D-02 -9.09471D-01 -6.17543D-02 -7.31962D-02   
-8.94033D-01 -8.80108D-01  4.67669D-03 -1.01957D-02 -8.78486D-01  9.22655D-03   
-4.32099D-03 -8.71138D-01 -8.57582D-01  5.15907D-02  3.42285D-02 -8.56136D-01   
 5.56912D-02  3.97977D-02 -8.49463D-01 -8.36240D-01  9.26011D-02  7.28441D-02   
-8.34716D-01  9.68865D-02  7.70634D-02 -7.98473D-01 -7.85912D-01  1.80822D-01   
 1.54950D-01 -7.84686D-01  1.83872D-01  1.58768D-01 -7.35064D-01 -7.22991D-01   
 2.80700D-01  2.46249D-01 -7.21687D-01  2.80365D-01  2.50131D-01 -6.72265D-01   
-6.60430D-01  3.71796D-01  3.29675D-01 -6.59030D-01  3.73946D-01  3.32295D-01   
-6.15134D-01 -6.03472D-01  4.50350D-01  4.02071D-01 -6.02470D-01  4.51766D-01   
 3.99923D-01 -5.48897D-01 -5.37381D-01  5.37910D-01  4.81442D-01 -5.36761D-01   
 5.38651D-01  4.80865D-01 -4.88382D-01 -4.76889D-01  6.15180D-01  5.48827D-01   
-4.76152D-01  6.13029D-01  5.46787D-01 -4.28645D-01 -4.17132D-01  6.89258D-01   
 6.12865D-01 -4.16537D-01  6.90295D-01  6.10421D-01 -3.11447D-01 -3.00170D-01   
 8.29068D-01  7.36409D-01 -2.99392D-01  8.33544D-01  7.31279D-01 -1.41121D-01   
-1.30879D-01  1.02287D+00  8.98477D-01 -1.29638D-01  1.01824D+00  8.95956D-01   
 2.27922D-02  3.16437D-02  1.19930D+00  1.05068D+00  3.35815D-02  1.20132D+00   
 1.04742D+00  1.28487D-01  1.36430D-01  1.30783D+00  1.14414D+00  1.38688D-01   
 1.31016D+00  1.14031D+00  3.31104D-01  3.37697D-01  1.50697D+00  1.30572D+00   
 3.39889D-01  1.50181D+00  1.30837D+00  6.12757D-01  6.18619D-01  1.76828D+00   
 1.52050D+00  6.19403D-01  1.77340D+00  1.52974D+00  8.27552D-01  8.33225D-01   
 1.95486D+00  1.66709D+00  8.32934D-01  1.94865D+00  1.68100D+00  1.02530D+00   
 1.03063D+00  2.11747D+00  1.79530D+00  1.02991D+00  2.11690D+00  1.80686D+00   
 1.30874D+00  1.31324D+00  2.33233D+00  1.97052D+00  1.31264D+00  2.33191D+00   
 1.97393D+00  1.55470D+00  1.55824D+00  2.50136D+00  2.10457D+00  1.55810D+00   
 2.49496D+00  2.10423D+00  1.81461D+00  1.81700D+00  2.66100D+00  2.24425D+00   
 1.81726D+00  2.67071D+00  2.23405D+00  2.06535D+00  2.06674D+00  2.79459D+00   
 2.38715D+00  2.06711D+00  2.78519D+00  2.36323D+00  2.23101D+00  2.23180D+00   
 2.87554D+00  2.48313D+00  2.23188D+00  2.88097D+00  2.44989D+00  2.37580D+00   
 2.37600D+00  2.93635D+00  2.56777D+00  2.37634D+00  2.94064D+00  2.54113D+00   
 2.38723D+00  2.38743D+00  2.94160D+00  2.57413D+00  2.38744D+00  2.94714D+00   
 2.54157D+00  0.00000D+00  0.00000D+00  0.00000D+00  0.00000D+00  0.00000D+00   
 1.52123D-03  1.41994D-03  0.00000D+00  0.00000D+00  0.00000D+00  0.00000D+00   
-1.03387D-01 -6.34463D-03 -6.89059D-03  0.00000D+00  0.00000D+00  0.00000D+00   
 0.00000D+00 -4.16999D-04 -3.63980D-02 -3.46523D-02  0.00000D+00  0.00000D+00   
 0.00000D+00  0.00000D+00 -3.38581D-02  1.57437D-03  1.70927D-03  0.00000D+00   
 0.00000D+00  0.00000D+00  0.00000D+00 -2.25613D-02  3.85183D-03  3.80171D-03   
 0.00000D+00  0.00000D+00  0.00000D+00  0.00000D+00 -9.15927D-03 -1.65632D-03   
-1.77067D-03  0.00000D+00  0.00000D+00  0.00000D+00  0.00000D+00 -7.35666D-03   
-2.81737D-03 -2.93929D-03  0.00000D+00  0.00000D+00  1.83008D-03  4.60925D-03   
-2.06682D-03 -7.11732D-03 -7.26409D-03  0.00000D+00  0.00000D+00  1.09893D-02   
 1.09393D-02  1.37478D-03 -1.09755D-02 -1.11422D-02  0.00000D+00 -6.67835D-02   
 7.59773D-03  7.31621D-03  4.35270D-03 -1.55436D-02 -1.57333D-02  0.00000D+00   
-5.61679D-02 -4.92832D-03 -5.30788D-03  7.83591D-03 -2.59829D-02 -2.62320D-02   
 0.00000D+00 -1.12529D-02 -2.04887D-02 -2.09367D-02  7.75401D-03 -3.82066D-02   
-3.85380D-02  0.00000D+00  9.55052D-03 -4.72815D-02 -4.78641D-02  3.99945D-04   
-5.81515D-02 -5.86362D-02  0.00000D+00 -7.48414D-03 -8.48224D-02 -8.56650D-02   
-2.41018D-02 -8.90338D-02 -8.97668D-02  0.00000D+00 -4.87649D-02 -1.18313D-01   
-1.19458D-01 -6.28666D-02 -1.19534D-01 -1.20586D-01  0.00000D+00 -5.22562D-02   
-1.20525D-01 -1.21693D-01 -6.61952D-02 -1.21541D-01 -1.22609D-01  0.00000D+00   
-6.45503D-02 -1.27802D-01 -1.29045D-01 -7.78316D-02 -1.27974D-01 -1.29075D-01   
 0.00000D+00 -9.57371D-02 -1.43623D-01 -1.45048D-01 -1.07102D-01 -1.43003D-01   
-1.44233D-01  5.35484D-02 -1.40193D-01 -1.61525D-01 -1.63201D-01 -1.49401D-01   
-1.58991D-01 -1.60415D-01 -1.14629D-01 -2.00374D-01 -1.79147D-01 -1.81206D-01   
-2.06861D-01 -1.75935D-01 -1.77768D-01 -2.22157D-01 -2.74079D-01 -1.92081D-01   
-1.94906D-01 -2.78706D-01 -1.89221D-01 -1.91858D-01 -2.78670D-01 -3.19213D-01   
-1.96321D-01 -1.99952D-01 -3.23007D-01 -1.93877D-01 -1.97110D-01 -3.38940D-01   
-3.70233D-01 -1.98273D-01 -2.03214D-01 -3.73180D-01 -1.95882D-01 -2.00335D-01   
-3.99414D-01 -4.23519D-01 -1.96638D-01 -2.03407D-01 -4.26146D-01 -1.94384D-01   
-2.00662D-01 -4.35972D-01 -4.56471D-01 -1.93281D-01 -2.01479D-01 -4.58445D-01   
-1.91868D-01 -1.99591D-01 -4.66454D-01 -4.84299D-01 -1.88757D-01 -1.98434D-01   
-4.86295D-01 -1.87466D-01 -1.95765D-01 -5.26354D-01 -5.39847D-01 -1.73826D-01   
-1.87910D-01 -5.41123D-01 -1.70825D-01 -1.85455D-01 -5.84050D-01 -5.94213D-01   
-1.47493D-01 -1.69152D-01 -5.95231D-01 -1.48069D-01 -1.64134D-01 -6.27940D-01   
-6.35790D-01 -1.14707D-01 -1.43546D-01 -6.36206D-01 -1.14245D-01 -1.39104D-01   
-6.59029D-01 -6.65245D-01 -8.11041D-02 -1.15058D-01 -6.65491D-01 -7.72328D-02   
-1.15679D-01 -6.86504D-01 -6.91298D-01 -3.72379D-02 -7.78564D-02 -6.91548D-01   
-3.75502D-02 -7.62403D-02 -7.04810D-01 -7.08526D-01  6.74751D-03 -4.13229D-02   
-7.08688D-01  6.25794D-03 -4.50316D-02 -7.17374D-01 -7.20004D-01  5.24520D-02   
-4.68650D-03 -7.20323D-01  4.95267D-02 -9.13343D-03 -7.28372D-01 -7.28850D-01   
 1.48312D-01  6.94968D-02 -7.29223D-01  1.48216D-01  6.64394D-02 -7.17365D-01   
-7.15554D-01  3.00491D-01  1.85671D-01 -7.16094D-01  2.98476D-01  1.83980D-01   
-6.81529D-01 -6.78425D-01  4.57117D-01  3.09234D-01 -6.78574D-01  4.61504D-01   
 3.03378D-01 -6.46943D-01 -6.43501D-01  5.60631D-01  3.91064D-01 -6.43136D-01   
 5.66525D-01  3.83345D-01 -5.58207D-01 -5.55002D-01  7.64022D-01  5.45841D-01   
-5.53351D-01  7.55628D-01  5.40870D-01 -3.91284D-01 -3.88585D-01  1.05010D+00   
 7.32205D-01 -3.86265D-01  1.06009D+00  7.59201D-01 -2.34086D-01 -2.30822D-01   
 1.26857D+00  9.12646D-01 -2.29843D-01  1.25593D+00  9.24625D-01 -6.90078D-02   
-6.49320D-02  1.46930D+00  1.04309D+00 -6.55578D-02  1.46686D+00  1.06077D+00   
 1.98988D-01  2.03508D-01  1.75575D+00  1.25219D+00  2.01916D-01  1.75549D+00   
 1.25196D+00  4.60225D-01  4.64108D-01  1.99406D+00  1.40056D+00  4.63304D-01   
 1.98198D+00  1.40704D+00  7.64803D-01  7.67462D-01  2.22785D+00  1.58779D+00   
 7.67763D-01  2.24854D+00  1.56986D+00  1.08623D+00  1.08842D+00  2.44432D+00   
 1.78158D+00  1.08909D+00  2.42679D+00  1.73780D+00  1.31506D+00  1.31609D+00   
 2.57165D+00  1.92645D+00  1.31577D+00  2.58630D+00  1.85976D+00  1.52595D+00   
 1.52632D+00  2.68820D+00  2.04474D+00  1.52736D+00  2.69108D+00  1.99325D+00   
 1.54294D+00  1.54348D+00  2.69515D+00  2.05621D+00  1.54380D+00  2.71245D+00   
 1.98572D+00  0.00000D+00  0.00000D+00  0.00000D+00  0.00000D+00  0.00000D+00   
 1.44605D-05  1.42473D-05  0.00000D+00  0.00000D+00  0.00000D+00  0.00000D+00   
-7.26775D-03 -2.55490D-05 -3.02903D-05  0.00000D+00  0.00000D+00  0.00000D+00   
 0.00000D+00 -1.76105D-04 -7.98609D-04 -7.65738D-04  0.00000D+00  0.00000D+00   
 0.00000D+00  0.00000D+00 -1.91284D-04 -4.09534D-04 -3.96974D-04  0.00000D+00   
 0.00000D+00  0.00000D+00  0.00000D+00 -9.15444D-04 -1.37751D-04 -1.33261D-04   
 0.00000D+00  0.00000D+00  0.00000D+00  0.00000D+00 -1.47014D-03 -5.21825D-06   
-6.35655D-06  0.00000D+00  0.00000D+00  0.00000D+00  0.00000D+00 -1.52197D-03   
 1.96825D-06 -8.32350D-10  0.00000D+00  0.00000D+00  2.77430D-04  2.72221D-04   
-1.63387D-03  5.59978D-09 -4.56439D-06  0.00000D+00  0.00000D+00  2.66152D-04   
 2.65683D-04 -1.65940D-03 -3.14272D-05 -3.77523D-05  0.00000D+00 -5.24809D-03   
 3.17992D-04  3.16613D-04 -1.63036D-03 -9.91242D-05 -1.07769D-04  0.00000D+00   
-3.77553D-03  2.68319D-04  2.57758D-04 -1.43632D-03 -3.82711D-04 -3.97387D-04   
 0.00000D+00 -3.89714D-03 -1.12073D-04 -1.33784D-04 -1.07040D-03 -9.76322D-04   
-9.99052D-04  0.00000D+00 -2.26695D-03 -1.51652D-03 -1.56038D-03 -3.65704D-04   
-2.47565D-03 -2.51629D-03  0.00000D+00 -1.69560D-04 -5.49525D-03 -5.58922D-03   
-4.75760D-05 -6.29508D-03 -6.38530D-03  0.00000D+00 -8.62110D-04 -1.20195D-02   
-1.21946D-02 -1.77513D-03 -1.25491D-02 -1.27115D-02  0.00000D+00 -1.05662D-03   
-1.25881D-02 -1.27703D-02 -2.02114D-03 -1.31617D-02 -1.33326D-02  0.00000D+00   
-1.88263D-03 -1.46227D-02 -1.48306D-02 -3.03169D-03 -1.52443D-02 -1.54453D-02   
 0.00000D+00 -4.90109D-03 -2.00629D-02 -2.03424D-02 -6.31076D-03 -2.04172D-02   
-2.06754D-02 -7.08317D-04 -1.13527D-02 -2.86115D-02 -2.90115D-02 -1.30449D-02   
-2.86260D-02 -2.89325D-02 -8.95160D-03 -2.39883D-02 -4.17441D-02 -4.23495D-02   
-2.56985D-02 -4.12784D-02 -4.18154D-02 -3.10346D-02 -4.59092D-02 -5.99680D-02   
-6.09283D-02 -4.75442D-02 -5.99845D-02 -6.09494D-02 -4.86813D-02 -6.31240D-02   
-7.22069D-02 -7.35042D-02 -6.45941D-02 -7.23379D-02 -7.35398D-02 -7.25456D-02   
-8.63449D-02 -8.72325D-02 -8.91285D-02 -8.79741D-02 -8.69501D-02 -8.88858D-02   
-1.02329D-01 -1.15348D-01 -1.04397D-01 -1.07265D-01 -1.16962D-01 -1.03606D-01   
-1.06432D-01 -1.23546D-01 -1.36033D-01 -1.15721D-01 -1.19370D-01 -1.37147D-01   
-1.15329D-01 -1.19153D-01 -1.43334D-01 -1.55339D-01 -1.25664D-01 -1.30052D-01   
-1.56933D-01 -1.24980D-01 -1.29547D-01 -1.88743D-01 -1.99756D-01 -1.46428D-01   
-1.52655D-01 -2.01046D-01 -1.45799D-01 -1.51180D-01 -2.42958D-01 -2.53111D-01   
-1.67355D-01 -1.77685D-01 -2.53998D-01 -1.67161D-01 -1.76588D-01 -2.94177D-01   
-3.03720D-01 -1.82267D-01 -1.99132D-01 -3.04780D-01 -1.84896D-01 -1.95887D-01   
-3.38623D-01 -3.47620D-01 -1.91813D-01 -2.13202D-01 -3.48513D-01 -1.89191D-01   
-2.13004D-01 -3.87586D-01 -3.96007D-01 -1.98607D-01 -2.23228D-01 -3.96263D-01   
-1.96477D-01 -2.18996D-01 -4.29905D-01 -4.37969D-01 -1.99716D-01 -2.29460D-01   
-4.38369D-01 -2.03266D-01 -2.30459D-01 -4.69419D-01 -4.77192D-01 -1.97262D-01   
-2.33545D-01 -4.77775D-01 -1.97938D-01 -2.35790D-01 -5.40420D-01 -5.47131D-01   
-1.84111D-01 -2.34633D-01 -5.47542D-01 -1.75243D-01 -2.38280D-01 -6.28255D-01   
-6.32937D-01 -1.44293D-01 -2.24682D-01 -6.33850D-01 -1.54634D-01 -2.28236D-01   
-6.95601D-01 -6.98423D-01 -8.56807D-02 -1.96801D-01 -6.99764D-01 -8.26594D-02   
-2.01534D-01 -7.30007D-01 -7.31747D-01 -3.92920D-02 -1.65697D-01 -7.33047D-01   
-3.31804D-02 -1.78390D-01 -7.75896D-01 -7.76295D-01  6.66467D-02 -1.14805D-01   
-7.77063D-01  5.73548D-02 -1.20576D-01 -7.94815D-01 -7.95560D-01  2.44458D-01   
-2.58580D-02 -7.93678D-01  2.57645D-01 -1.17248D-02 -7.73518D-01 -7.74422D-01   
 3.96161D-01  4.89793D-02 -7.71617D-01  3.83628D-01  8.68893D-02 -7.26656D-01   
-7.26521D-01  5.51028D-01  1.47827D-01 -7.25164D-01  5.48834D-01  1.68442D-01   
-6.14298D-01 -6.12020D-01  7.96429D-01  2.85613D-01 -6.13592D-01  7.98075D-01   
 3.05311D-01 -4.72326D-01 -4.69831D-01  1.02956D+00  4.18122D-01 -4.71364D-01   
 1.01156D+00  4.25611D-01 -2.73773D-01 -2.72145D-01  1.28608D+00  5.85924D-01   
-2.72061D-01  1.31705D+00  5.67510D-01 -3.04252D-02 -2.83405D-02  1.54484D+00   
 8.04604D-01 -2.76921D-02  1.51421D+00  7.47424D-01  1.63720D-01  1.64815D-01   
 1.72667D+00  9.70074D-01  1.64263D-01  1.75009D+00  8.75170D-01  3.58452D-01   
 3.58942D-01  1.89389D+00  1.11880D+00  3.60047D-01  1.90581D+00  1.04765D+00   
 3.74823D-01  3.75538D-01  1.90914D+00  1.12952D+00  3.75776D-01  1.93482D+00   
 1.03272D+00  0.00000D+00  0.00000D+00  0.00000D+00  0.00000D+00  0.00000D+00   
 1.98288D-08  2.13894D-08  0.00000D+00  0.00000D+00  0.00000D+00  0.00000D+00   
-8.03908D-06  1.08768D-07  1.03091D-07  0.00000D+00  0.00000D+00  0.00000D+00   
 0.00000D+00 -2.03696D-06 -6.20555D-06 -6.02110D-06  0.00000D+00  0.00000D+00   
 0.00000D+00  0.00000D+00  5.36476D-06 -8.89189D-06 -8.66480D-06  0.00000D+00   
 0.00000D+00  0.00000D+00  0.00000D+00  6.75005D-06 -7.67895D-06 -7.46056D-06   
 0.00000D+00  0.00000D+00  0.00000D+00  0.00000D+00 -8.94964D-06 -3.61340D-06   
-3.45256D-06  0.00000D+00  0.00000D+00  0.00000D+00  0.00000D+00 -1.22684D-05   
-2.96775D-06 -2.82838D-06  0.00000D+00  0.00000D+00  5.96977D-09 -8.32745D-08   
-2.40345D-05 -1.03384D-06 -9.47417D-07  0.00000D+00  0.00000D+00 -6.03854D-07   
-5.20868D-07 -3.35017D-05  7.43388D-08  7.35588D-08  0.00000D+00  5.83266D-07   
 1.51599D-06  1.67798D-06 -4.30962D-05  6.22230D-07  5.00483D-07  0.00000D+00   
-2.82548D-05  6.64602D-06  6.65294D-06 -5.88930D-05 -1.45214D-06 -1.70894D-06   
 0.00000D+00 -1.00378D-04  5.24178D-06  4.80612D-06 -6.89778D-05 -1.36468D-05   
-1.44473D-05  0.00000D+00 -1.45214D-04 -3.48154D-05 -3.66781D-05 -6.03670D-05   
-7.88516D-05 -8.11010D-05  0.00000D+00 -6.63640D-05 -2.65969D-04 -2.72601D-04   
-2.13248D-06 -3.19960D-04 -3.27811D-04  0.00000D+00  2.55750D-05 -8.97839D-04   
-9.15428D-04  1.10498D-05 -9.31951D-04 -9.47336D-04  0.00000D+00  2.55782D-05   
-9.65703D-04 -9.84467D-04  5.50541D-06 -1.00473D-03 -1.02154D-03  0.00000D+00   
 1.32796D-05 -1.22438D-03 -1.24756D-03 -2.80363D-05 -1.30663D-03 -1.32892D-03   
 0.00000D+00 -1.19190D-04 -2.03072D-03 -2.06764D-03 -2.20123D-04 -2.06588D-03   
-2.10069D-03  5.54921D-07 -6.32181D-04 -3.61195D-03 -3.67613D-03 -8.20707D-04   
-3.71460D-03 -3.77304D-03 -5.75376D-04 -2.15325D-03 -6.75433D-03 -6.87663D-03   
-2.44765D-03 -6.66014D-03 -6.79276D-03 -3.43465D-03 -5.89094D-03 -1.26051D-02   
-1.28476D-02 -6.15599D-03 -1.27418D-02 -1.29971D-02 -6.67451D-03 -9.60217D-03   
-1.75139D-02 -1.78713D-02 -9.90769D-03 -1.76382D-02 -1.79810D-02 -1.21007D-02   
-1.55073D-02 -2.45860D-02 -2.51487D-02 -1.59663D-02 -2.46796D-02 -2.52252D-02   
-2.03099D-02 -2.41574D-02 -3.41671D-02 -3.51054D-02 -2.43966D-02 -3.37740D-02   
-3.49558D-02 -2.70297D-02 -3.11232D-02 -4.14734D-02 -4.27663D-02 -3.18453D-02   
-4.16792D-02 -4.27967D-02 -3.39055D-02 -3.81881D-02 -4.86155D-02 -5.02834D-02   
-3.83326D-02 -4.84987D-02 -5.01375D-02 -5.17818D-02 -5.63824D-02 -6.61122D-02   
-6.86441D-02 -5.71584D-02 -6.59847D-02 -6.90659D-02 -7.67795D-02 -8.16706D-02   
-8.88729D-02 -9.26915D-02 -8.18075D-02 -8.85862D-02 -9.16507D-02 -1.03967D-01   
-1.09156D-01 -1.11666D-01 -1.18722D-01 -1.10081D-01 -1.12272D-01 -1.17504D-01   
-1.30397D-01 -1.35829D-01 -1.32019D-01 -1.43251D-01 -1.36716D-01 -1.33046D-01   
-1.44161D-01 -1.62679D-01 -1.68265D-01 -1.55437D-01 -1.69527D-01 -1.68209D-01   
-1.50821D-01 -1.64295D-01 -1.93415D-01 -1.99108D-01 -1.75961D-01 -1.91667D-01   
-1.99456D-01 -1.77816D-01 -1.91720D-01 -2.24680D-01 -2.30577D-01 -1.94596D-01   
-2.13852D-01 -2.30963D-01 -1.98034D-01 -2.13970D-01 -2.87950D-01 -2.94206D-01   
-2.28671D-01 -2.56151D-01 -2.94424D-01 -2.27688D-01 -2.57871D-01 -3.82365D-01   
-3.88115D-01 -2.69149D-01 -3.21160D-01 -3.88661D-01 -2.70207D-01 -3.18639D-01   
-4.73589D-01 -4.78590D-01 -2.95560D-01 -3.59410D-01 -4.79687D-01 -2.93678D-01   
-3.68762D-01 -5.31595D-01 -5.35933D-01 -3.06667D-01 -3.84015D-01 -5.37177D-01   
-2.98406D-01 -3.96041D-01 -6.38877D-01 -6.41689D-01 -3.12582D-01 -4.28909D-01   
-6.43370D-01 -3.22664D-01 -4.39686D-01 -7.74155D-01 -7.76215D-01 -2.86759D-01   
-4.87446D-01 -7.76721D-01 -2.72457D-01 -4.64719D-01 -8.61598D-01 -8.64349D-01   
-2.42973D-01 -4.86756D-01 -8.62466D-01 -2.58046D-01 -4.74511D-01 -9.26782D-01   
-9.29602D-01 -1.83822D-01 -5.12922D-01 -9.27123D-01 -1.89480D-01 -4.72175D-01   
-9.90621D-01 -9.91560D-01 -6.07633D-02 -4.51631D-01 -9.91332D-01 -5.79444D-02   
-4.44456D-01 -1.01357D+00 -1.01320D+00  8.49303D-02 -4.21163D-01 -1.01425D+00   
 6.27476D-02 -4.00689D-01 -9.97502D-01 -9.97542D-01  2.79592D-01 -3.07848D-01   
-9.97768D-01  3.20598D-01 -3.24519D-01 -9.33898D-01 -9.33039D-01  5.06815D-01   
-1.30001D-01 -9.32237D-01  4.70820D-01 -1.94172D-01 -8.57517D-01 -8.56888D-01   
 6.79218D-01  2.77128D-02 -8.57706D-01  7.15493D-01 -8.74681D-02 -7.62002D-01   
-7.62031D-01  8.57720D-01  1.64083D-01 -7.60702D-01  8.61979D-01  8.08376D-02   
-7.53371D-01 -7.53075D-01  8.71324D-01  1.76811D-01 -7.52731D-01  9.14714D-01   
 4.95877D-02  0.00000D+00  0.00000D+00  0.00000D+00  0.00000D+00  0.00000D+00   
 1.42317D-11  2.11127D-11  0.00000D+00  0.00000D+00  0.00000D+00  0.00000D+00   
-7.11132D-09  5.28312D-09  5.57053D-09  0.00000D+00  0.00000D+00  0.00000D+00   
 0.00000D+00 -9.26389D-08 -2.57896D-08 -2.61423D-08  0.00000D+00  0.00000D+00   
 0.00000D+00  0.00000D+00 -1.11187D-07 -1.19718D-07 -1.17531D-07  0.00000D+00   
 0.00000D+00  0.00000D+00  0.00000D+00  1.00475D-07 -1.95130D-07 -1.90850D-07   
 0.00000D+00  0.00000D+00  0.00000D+00  0.00000D+00  7.49751D-08 -1.80248D-07   
-1.74088D-07  0.00000D+00  0.00000D+00  0.00000D+00  0.00000D+00  3.22262D-08   
-1.68975D-07 -1.62769D-07  0.00000D+00  0.00000D+00 -1.88460D-10 -4.40475D-10   
-1.91538D-07 -1.18121D-07 -1.11700D-07  0.00000D+00  0.00000D+00  1.31435D-09   
 2.33254D-09 -4.59652D-07 -6.82432D-08 -6.43677D-08  0.00000D+00  5.05094D-09   
 2.60182D-08  2.86515D-08 -8.18820D-07 -1.09563D-08 -7.25073D-09  0.00000D+00   
-4.34925D-07  1.67018D-07  1.70888D-07 -1.70868D-06  9.11580D-08  8.93795D-08   
 0.00000D+00 -2.45930D-06  3.20035D-07  3.16119D-07 -2.73763D-06  5.85328D-08   
 1.18690D-08  0.00000D+00 -6.53612D-06 -4.19742D-07 -4.77893D-07 -4.11187D-06   
-1.78706D-06 -2.02736D-06  0.00000D+00 -7.21922D-06 -1.06569D-05 -1.10132D-05   
-2.09551D-06 -1.28000D-05 -1.37073D-05  0.00000D+00  1.07373D-06 -5.57341D-05   
-5.70927D-05  3.56898D-06 -5.80097D-05 -5.75685D-05  0.00000D+00  1.78910D-06   
-6.15353D-05 -6.30124D-05  3.99760D-06 -6.25934D-05 -6.53915D-05  0.00000D+00   
 3.95481D-06 -8.50068D-05 -8.69970D-05  5.12807D-06 -8.65106D-05 -8.72296D-05   
 0.00000D+00  4.47945D-06 -1.69737D-04 -1.73499D-04 -5.07290D-07 -1.81235D-04   
-1.85754D-04  1.27112D-09 -2.08560D-05 -3.73768D-04 -3.81689D-04 -3.43051D-05   
-4.16196D-04 -4.26615D-04 -3.28416D-05 -1.55139D-04 -8.82988D-04 -9.01895D-04   
-1.93518D-04 -9.39287D-04 -9.61851D-04 -3.31054D-04 -6.36414D-04 -2.10241D-03   
-2.14984D-03 -6.63345D-04 -1.97793D-03 -2.01939D-03 -7.93011D-04 -1.24074D-03   
-3.33892D-03 -3.41728D-03 -1.30260D-03 -3.22897D-03 -3.22885D-03 -1.74321D-03   
-2.37883D-03 -5.37953D-03 -5.51456D-03 -2.40917D-03 -5.45526D-03 -5.49716D-03   
-3.47363D-03 -4.33177D-03 -8.54393D-03 -8.78813D-03 -4.31376D-03 -8.81643D-03   
-9.16095D-03 -5.09060D-03 -6.10085D-03 -1.12303D-02 -1.15895D-02 -6.45606D-03   
-1.16852D-02 -1.10728D-02 -6.89891D-03 -8.04700D-03 -1.40633D-02 -1.45615D-02   
-7.90177D-03 -1.35320D-02 -1.51708D-02 -1.22046D-02 -1.36496D-02 -2.17754D-02   
-2.26832D-02 -1.36429D-02 -2.11093D-02 -2.13674D-02 -2.08225D-02 -2.25914D-02   
-3.32989D-02 -3.46626D-02 -2.28585D-02 -3.32037D-02 -3.43654D-02 -3.15062D-02   
-3.35902D-02 -4.66256D-02 -4.88019D-02 -3.39642D-02 -4.65320D-02 -4.96161D-02   
-4.30265D-02 -4.54210D-02 -5.99393D-02 -6.42111D-02 -4.56167D-02 -6.06650D-02   
-6.67366D-02 -5.84567D-02 -6.11863D-02 -7.66651D-02 -8.40513D-02 -6.13816D-02   
-7.53958D-02 -7.82836D-02 -7.44312D-02 -7.74008D-02 -9.33308D-02 -1.01892D-01   
-7.76823D-02 -8.92142D-02 -1.01362D-01 -9.18904D-02 -9.50874D-02 -1.10262D-01   
-1.19047D-01 -9.51174D-02 -1.17254D-01 -1.18665D-01 -1.30767D-01 -1.34598D-01   
-1.44047D-01 -1.57754D-01 -1.34853D-01 -1.43298D-01 -1.57930D-01 -1.97300D-01   
-2.01658D-01 -1.96129D-01 -2.23574D-01 -2.01930D-01 -2.03525D-01 -2.22562D-01   
-2.71347D-01 -2.75827D-01 -2.44260D-01 -2.85529D-01 -2.76364D-01 -2.43399D-01   
-2.87016D-01 -3.23757D-01 -3.28172D-01 -2.74441D-01 -3.13262D-01 -3.28952D-01   
-2.67470D-01 -3.28440D-01 -4.33146D-01 -4.37091D-01 -3.26872D-01 -3.88884D-01   
-4.38234D-01 -3.35619D-01 -4.04900D-01 -6.01077D-01 -6.03917D-01 -3.81153D-01   
-5.13718D-01 -6.05621D-01 -3.65629D-01 -5.03301D-01 -7.37603D-01 -7.40441D-01   
-4.07506D-01 -5.70452D-01 -7.41081D-01 -4.20376D-01 -5.52020D-01 -8.66178D-01   
-8.69525D-01 -4.17520D-01 -6.29882D-01 -8.68662D-01 -4.22318D-01 -6.19772D-01   
-1.04911D+00 -1.05229D+00 -4.02930D-01 -7.02122D-01 -1.05090D+00 -3.96783D-01   
-6.78877D-01 -1.20060D+00 -1.20257D+00 -3.53777D-01 -7.30740D-01 -1.20224D+00   
-3.78484D-01 -7.09862D-01 -1.34450D+00 -1.34583D+00 -2.54791D-01 -7.03457D-01   
-1.34612D+00 -2.09963D-01 -7.12932D-01 -1.45531D+00 -1.45600D+00 -1.03390D-01   
-6.11035D-01 -1.45586D+00 -1.48715D-01 -6.60152D-01 -1.50315D+00 -1.50350D+00   
 2.01572D-02 -5.04008D-01 -1.50387D+00  5.96452D-02 -6.09413D-01 -1.51885D+00   
-1.51906D+00  1.71250D-01 -4.19532D-01 -1.51885D+00  1.87485D-01 -4.95302D-01   
-1.51877D+00 -1.51887D+00  1.84746D-01 -4.13691D-01 -1.51905D+00  2.29160D-01   
-5.19036D-01  0.00000D+00  0.00000D+00  0.00000D+00  0.00000D+00  0.00000D+00   
-8.52250D-15  3.49904D-15  0.00000D+00  0.00000D+00  0.00000D+00  0.00000D+00   
-1.43206D-12  4.22342D-11  4.52320D-11  0.00000D+00  0.00000D+00  0.00000D+00   
 0.00000D+00 -9.41997D-10  6.30489D-11  4.94918D-11  0.00000D+00  0.00000D+00   
 0.00000D+00  0.00000D+00 -2.89483D-09 -9.01265D-10 -8.90150D-10  0.00000D+00   
 0.00000D+00  0.00000D+00  0.00000D+00 -1.00366D-10 -2.40052D-09 -2.33571D-09   
 0.00000D+00  0.00000D+00  0.00000D+00  0.00000D+00  3.84251D-09 -2.97594D-09   
-2.83692D-09  0.00000D+00  0.00000D+00  0.00000D+00  0.00000D+00  3.96017D-09   
-2.86777D-09 -2.67006D-09  0.00000D+00  0.00000D+00 -8.79498D-13 -1.78717D-12   
 2.28337D-09 -2.08470D-09 -1.84827D-09  0.00000D+00  0.00000D+00  2.30126D-11   
 3.32962D-11 -1.67793D-09 -1.06372D-09 -1.02372D-09  0.00000D+00  2.09362D-11   
 3.43499D-10  3.83136D-10 -9.43199D-09  3.19227D-10  5.70990D-10  0.00000D+00   
-6.55057D-09  3.11210D-09  3.22538D-09 -3.73908D-08  3.87736D-09  3.49369D-09   
 0.00000D+00 -5.49786D-08  9.35737D-09  9.40493D-09 -8.72288D-08  9.43465D-09   
 8.74318D-09  0.00000D+00 -2.42181D-07  7.05497D-09  5.72119D-09 -1.94563D-07   
-1.75067D-08 -1.75874D-08  0.00000D+00 -5.11470D-07 -3.01171D-07 -3.14512D-07   
-2.75655D-07 -3.76808D-07 -1.71080D-07  0.00000D+00 -1.80627D-07 -2.50414D-06   
-2.57594D-06  1.08900D-07 -2.85905D-06 -2.69673D-06  0.00000D+00 -1.20533D-07   
-2.83955D-06 -2.91834D-06  1.56328D-07 -3.06004D-06 -3.08836D-06  0.00000D+00   
 1.15254D-07 -4.28059D-06 -4.39223D-06  4.08329D-07 -4.06821D-06 -4.15772D-06   
 0.00000D+00  7.23219D-07 -1.03334D-05 -1.05786D-05  5.85381D-07 -1.23728D-05   
-1.22232D-05  5.11081D-12  3.83138D-07 -2.84168D-05 -2.90962D-05  2.62732D-07   
-3.28966D-05 -3.34228D-05 -1.73182D-06 -8.78601D-06 -8.58969D-05 -8.80076D-05   
-9.97897D-06 -1.05931D-04 -1.06713D-04 -2.90973D-05 -6.02559D-05 -2.64551D-04   
-2.70131D-04 -7.32721D-05 -2.12593D-04 -2.17065D-04 -8.55609D-05 -1.42312D-04   
-4.84540D-04 -4.95880D-04 -1.66589D-04 -4.30983D-04 -4.34533D-04 -2.27268D-04   
-3.26144D-04 -9.05045D-04 -9.26346D-04 -3.27316D-04 -8.22597D-04 -8.74222D-04   
-5.36096D-04 -6.96075D-04 -1.65695D-03 -1.69870D-03 -7.66737D-04 -1.70777D-03   
-1.75771D-03 -8.63651D-04 -1.07172D-03 -2.36910D-03 -2.43434D-03 -1.02650D-03   
-2.49274D-03 -2.30445D-03 -1.26271D-03 -1.51899D-03 -3.18042D-03 -3.27571D-03   
-1.71271D-03 -3.10738D-03 -3.26321D-03 -2.57953D-03 -2.95655D-03 -5.64078D-03   
-5.84967D-03 -2.83143D-03 -5.46887D-03 -6.34950D-03 -5.04620D-03 -5.57907D-03   
-9.85762D-03 -1.02212D-02 -5.99867D-03 -9.84906D-03 -8.65675D-03 -8.50363D-03   
-9.19678D-03 -1.53956D-02 -1.58226D-02 -9.15898D-03 -1.53327D-02 -1.64782D-02   
-1.26076D-02 -1.34659D-02 -2.15472D-02 -2.23662D-02 -1.32265D-02 -2.18960D-02   
-2.47285D-02 -1.85906D-02 -1.96697D-02 -3.00155D-02 -3.22594D-02 -2.00862D-02   
-2.95483D-02 -2.88971D-02 -2.52705D-02 -2.65470D-02 -3.91755D-02 -4.28772D-02   
-2.66965D-02 -3.76279D-02 -4.23386D-02 -3.30522D-02 -3.44912D-02 -4.92563D-02   
-5.30885D-02 -3.44323D-02 -5.20038D-02 -5.13388D-02 -5.18973D-02 -5.37138D-02   
-7.16752D-02 -7.31639D-02 -5.39378D-02 -7.17195D-02 -7.54641D-02 -8.81092D-02   
-9.06377D-02 -1.11333D-01 -1.24666D-01 -9.07648D-02 -1.14304D-01 -1.19406D-01   
-1.33201D-01 -1.36093D-01 -1.54932D-01 -1.68126D-01 -1.36281D-01 -1.54735D-01   
-1.70030D-01 -1.67755D-01 -1.70832D-01 -1.85872D-01 -1.98359D-01 -1.71243D-01   
-1.82349D-01 -2.06132D-01 -2.46243D-01 -2.49572D-01 -2.49202D-01 -2.67549D-01   
-2.50159D-01 -2.54001D-01 -2.79833D-01 -3.82362D-01 -3.85215D-01 -3.40787D-01   
-3.90096D-01 -3.86546D-01 -3.31782D-01 -3.82831D-01 -5.06919D-01 -5.09312D-01   
-4.11032D-01 -4.80403D-01 -5.11051D-01 -4.19303D-01 -4.65832D-01 -6.36373D-01   
-6.38976D-01 -4.73594D-01 -5.65079D-01 -6.39829D-01 -4.77108D-01 -5.48542D-01   
-8.43425D-01 -8.46921D-01 -5.53903D-01 -6.69205D-01 -8.45809D-01 -5.49884D-01   
-6.56821D-01 -1.04013D+00 -1.04336D+00 -6.06823D-01 -7.54274D-01 -1.04225D+00   
-6.24642D-01 -7.41483D-01 -1.26073D+00 -1.26273D+00 -6.34372D-01 -8.02103D-01   
-1.26276D+00 -5.99849D-01 -8.08863D-01 -1.47779D+00 -1.47980D+00 -6.19634D-01   
-7.97065D-01 -1.48024D+00 -6.55106D-01 -8.32796D-01 -1.61779D+00 -1.61871D+00   
-5.96437D-01 -7.59347D-01 -1.61858D+00 -5.62839D-01 -8.30942D-01 -1.72933D+00   
-1.73016D+00 -5.39038D-01 -7.27155D-01 -1.73091D+00 -5.28712D-01 -7.81489D-01   
-1.73738D+00 -1.73830D+00 -5.34763D-01 -7.24411D-01 -1.73877D+00 -4.94713D-01   
-7.99266D-01  0.00000D+00  0.00000D+00  0.00000D+00  0.00000D+00  0.00000D+00   
-8.44582D-19  2.64098D-17  0.00000D+00  0.00000D+00  0.00000D+00  0.00000D+00   
 2.61345D-15  3.25346D-13  3.51908D-13  0.00000D+00  0.00000D+00  0.00000D+00   
 0.00000D+00 -6.99055D-12  2.23073D-12  2.05029D-12  0.00000D+00  0.00000D+00   
 0.00000D+00  0.00000D+00 -4.85960D-11 -7.26972D-12 -7.24158D-12  0.00000D+00   
 0.00000D+00  0.00000D+00  0.00000D+00 -5.62549D-11 -3.59014D-11 -3.47960D-11   
 0.00000D+00  0.00000D+00  0.00000D+00  0.00000D+00 -8.94542D-12 -6.84594D-11   
-7.38877D-11  0.00000D+00  0.00000D+00  0.00000D+00  0.00000D+00 -4.57446D-12   
-6.98097D-11 -6.62608D-11  0.00000D+00  0.00000D+00 -2.79398D-15 -5.65496D-15   
-1.40527D-11 -6.20125D-11 -7.42502D-11  0.00000D+00  0.00000D+00  3.08938D-13   
 4.25205D-13 -6.84119D-11 -4.02044D-11 -4.42967D-11  0.00000D+00  6.63366D-14   
 4.71242D-12  5.33708D-12 -1.89113D-10 -1.05093D-12  6.77346D-11  0.00000D+00   
-8.68829D-11  6.10785D-11  6.41665D-11 -7.22689D-10  1.14239D-10 -5.32423D-11   
 0.00000D+00 -9.93512D-10  2.61329D-10  2.66695D-10 -1.96095D-09  3.46835D-10   
 5.31191D-10  0.00000D+00 -6.27153D-09  7.09057D-10  6.87841D-10 -6.11220D-09   
 9.71002D-10  5.52964D-09  0.00000D+00 -1.93504D-08 -7.68874D-09 -8.14849D-09   
-1.00811D-08 -1.23799D-08  6.08172D-08  0.00000D+00 -6.86969D-09 -1.08961D-07   
-1.12782D-07  6.57423D-09 -1.56111D-07 -8.02808D-07  0.00000D+00 -3.31535D-09   
-1.26838D-07 -1.31192D-07  1.00317D-08 -1.72097D-07  5.34967D-07  0.00000D+00   
 1.24931D-08 -2.08141D-07 -2.13972D-07  2.33051D-08 -2.05146D-07 -9.55073D-07   
 0.00000D+00  7.12091D-08 -6.00314D-07 -6.14508D-07  1.05689D-07 -7.58705D-07   
-5.54248D-07  3.90889D-14  1.34405D-07 -2.01621D-06 -2.07808D-06  2.41854D-07   
-1.69896D-06 -1.54857D-06 -9.87313D-08 -3.55869D-07 -7.54977D-06 -7.78791D-06   
-3.47075D-08 -7.84188D-06 -7.30182D-06 -2.35191D-06 -4.86549D-06 -2.88838D-05   
-2.93226D-05 -7.45368D-06 -3.69081D-05 -3.52741D-05 -8.12852D-06 -1.38047D-05   
-5.97892D-05 -6.17441D-05 -1.83345D-05 -9.30248D-05 -9.13399D-05 -2.52851D-05   
-3.73170D-05 -1.26959D-04 -1.29716D-04 -3.73662D-05 -1.19933D-04 -1.29537D-04   
-6.90625D-05 -9.21533D-05 -2.62853D-04 -2.69236D-04 -1.11435D-04 -1.86958D-04   
-1.50026D-04 -1.21043D-04 -1.54026D-04 -4.04148D-04 -4.14240D-04 -1.32289D-04   
-4.50932D-04 -6.78094D-04 -1.89513D-04 -2.33327D-04 -5.76412D-04 -5.92048D-04   
-2.93696D-04 -5.53771D-04 -5.24519D-05 -4.41663D-04 -5.16209D-04 -1.15115D-03   
-1.19303D-03 -4.77780D-04 -1.08612D-03  8.47056D-04 -9.81160D-04 -1.10191D-03   
-2.26457D-03 -2.34846D-03 -1.23764D-03 -2.24096D-03 -1.95692D-03 -1.82939D-03   
-2.00316D-03 -3.89931D-03 -3.99293D-03 -1.97324D-03 -3.90141D-03 -5.62125D-03   
-2.93125D-03 -3.16376D-03 -5.87921D-03 -5.99190D-03 -3.05819D-03 -6.08312D-03   
-7.35707D-03 -4.67156D-03 -4.99082D-03 -8.85072D-03 -9.21290D-03 -5.15904D-03   
-8.53463D-03 -5.75763D-03 -6.75811D-03 -7.16425D-03 -1.23204D-02 -1.33259D-02   
-7.21518D-03 -1.16585D-02 -1.47607D-02 -9.33984D-03 -9.82248D-03 -1.63627D-02   
-1.81830D-02 -9.79304D-03 -1.79099D-02 -1.60142D-02 -1.61120D-02 -1.67708D-02   
-2.61699D-02 -2.63937D-02 -1.68676D-02 -2.63641D-02 -2.64877D-02 -3.06327D-02   
-3.16962D-02 -4.56872D-02 -4.88568D-02 -3.17473D-02 -4.72136D-02 -4.74147D-02   
-5.07190D-02 -5.20584D-02 -6.98336D-02 -7.74806D-02 -5.21259D-02 -6.95681D-02   
-7.41205D-02 -6.72836D-02 -6.87989D-02 -8.85129D-02 -9.07560D-02 -6.89841D-02   
-8.66483D-02 -9.47721D-02 -1.07962D-01 -1.09816D-01 -1.30561D-01 -1.30167D-01   
-1.10084D-01 -1.33366D-01 -1.41573D-01 -1.86655D-01 -1.88483D-01 -2.00886D-01   
-2.15597D-01 -1.89240D-01 -1.95370D-01 -2.14441D-01 -2.66287D-01 -2.67848D-01   
-2.63424D-01 -2.80959D-01 -2.69177D-01 -2.68583D-01 -2.74466D-01 -3.55976D-01   
-3.57706D-01 -3.27051D-01 -3.53553D-01 -3.58640D-01 -3.28980D-01 -3.45421D-01   
-5.13322D-01 -5.16066D-01 -4.26123D-01 -4.60501D-01 -5.15329D-01 -4.23311D-01   
-4.48025D-01 -6.78745D-01 -6.81704D-01 -5.14232D-01 -5.53226D-01 -6.80648D-01   
-5.26667D-01 -5.41362D-01 -8.84970D-01 -8.87095D-01 -6.00848D-01 -6.32364D-01   
-8.86982D-01 -5.75772D-01 -6.33488D-01 -1.11561D+00 -1.11783D+00 -6.70184D-01   
-6.76303D-01 -1.11843D+00 -6.98617D-01 -7.00578D-01 -1.28581D+00 -1.28764D+00   
-7.13958D-01 -6.87995D-01 -1.28720D+00 -6.88012D-01 -7.38769D-01 -1.44484D+00   
-1.44584D+00 -7.33609D-01 -6.98591D-01 -1.44704D+00 -7.21163D-01 -7.38072D-01   
-1.45752D+00 -1.45873D+00 -7.34286D-01 -7.00185D-01 -1.45954D+00 -7.04037D-01   
-7.54105D-01  0.00000D+00  0.00000D+00  0.00000D+00  0.00000D+00  0.00000D+00   
 5.02508D-19  6.87408D-19  0.00000D+00  0.00000D+00  0.00000D+00  0.00000D+00   
-3.18493D-16  2.36869D-15  2.56006D-15  0.00000D+00  0.00000D+00  0.00000D+00   
 0.00000D+00 -5.00086D-14  2.40069D-14  2.24358D-14  0.00000D+00  0.00000D+00   
 0.00000D+00  0.00000D+00 -5.18748D-13 -5.40670D-14 -5.47308D-14  0.00000D+00   
 0.00000D+00  0.00000D+00  0.00000D+00 -6.87084D-13 -5.07405D-13 -4.95824D-13   
 0.00000D+00  0.00000D+00  0.00000D+00  0.00000D+00  9.57848D-13 -1.59087D-12   
-1.48314D-12  0.00000D+00  0.00000D+00  0.00000D+00  0.00000D+00  1.34612D-12   
-1.77248D-12 -1.74163D-12  0.00000D+00  0.00000D+00  4.19223D-18  1.34233D-17   
 2.39150D-12 -2.19095D-12 -1.84146D-12  0.00000D+00  0.00000D+00  6.23753D-15   
 8.01239D-15  2.42895D-12 -2.11731D-12 -1.49336D-12  0.00000D+00 -1.10116D-16   
 8.52328D-14  9.69943D-14  8.14396D-13 -1.44020D-12 -3.65026D-12  0.00000D+00   
-1.55451D-12  1.43916D-12  1.52361D-12 -1.12951D-11  1.98280D-12  9.86370D-12   
 0.00000D+00 -2.30538D-11  8.35781D-12  8.61509D-12 -4.81181D-11  7.87760D-12   
 8.14387D-11  0.00000D+00 -2.08555D-10  4.70760D-11  4.73282D-11 -2.38317D-10   
 6.63000D-11  9.29062D-10  0.00000D+00 -1.09310D-09  2.88059D-11  1.74127D-11   
-7.74509D-10 -4.07870D-10  8.41696D-09  0.00000D+00 -1.98129D-09 -3.02507D-09   
-3.18520D-09 -7.83579D-10 -6.89165D-09 -1.20973D-07  0.00000D+00 -1.95467D-09   
-3.69106D-09 -3.89452D-09 -7.86670D-10 -8.50561D-09  1.13555D-07  0.00000D+00   
-1.66834D-09 -6.97290D-09 -7.18561D-09 -6.82033D-10 -1.04390D-08 -1.42086D-07   
 0.00000D+00  6.76356D-10 -2.58674D-08 -2.63772D-08  3.26663D-09 -2.94794D-08   
 3.88416D-09 -2.09911D-16  6.79684D-09 -1.11077D-07 -1.15712D-07  1.51039D-08   
 7.57529D-10  3.48115D-08 -4.15267D-09 -9.73711D-09 -5.28780D-07 -5.50316D-07   
 2.66898D-08 -2.03085D-07 -7.50338D-08 -1.51744D-07 -3.22754D-07 -2.53720D-06   
-2.54097D-06 -6.03354D-07 -6.04292D-06 -5.52423D-06 -6.29159D-07 -1.10882D-06   
-5.97358D-06 -6.26383D-06 -1.64774D-06 -1.74719D-05 -1.68139D-05 -2.32478D-06   
-3.56055D-06 -1.45136D-05 -1.47543D-05 -3.55389D-06 -1.56984D-05 -1.67750D-05   
-7.42356D-06 -1.02329D-05 -3.41106D-05 -3.48177D-05 -1.34649D-05 -5.08656D-06   
 1.00737D-05 -1.42168D-05 -1.86221D-05 -5.64705D-05 -5.75030D-05 -1.43642D-05   
-6.93091D-05 -1.65085D-04 -2.39083D-05 -3.02158D-05 -8.56525D-05 -8.74120D-05   
-4.19872D-05 -7.90327D-05  1.29033D-04 -6.38664D-05 -7.62474D-05 -1.92807D-04   
-1.99856D-04 -6.83302D-05 -1.72277D-04  7.67732D-04 -1.61677D-04 -1.84584D-04   
-4.26863D-04 -4.43791D-04 -2.16201D-04 -4.15672D-04 -3.85393D-04 -3.34234D-04   
-3.70674D-04 -8.10384D-04 -8.24611D-04 -3.61352D-04 -8.14645D-04 -1.65753D-03   
-5.79513D-04 -6.32180D-04 -1.31483D-03 -1.30056D-03 -6.01070D-04 -1.40036D-03   
-1.84031D-03 -9.99176D-04 -1.07785D-03 -2.13821D-03 -2.11620D-03 -1.12739D-03   
-1.99028D-03 -3.49636D-04 -1.53919D-03 -1.64635D-03 -3.17898D-03 -3.35757D-03   
-1.66064D-03 -2.91638D-03 -4.39167D-03 -2.24842D-03 -2.38266D-03 -4.45758D-03   
-5.14366D-03 -2.37185D-03 -5.16175D-03 -3.94761D-03 -4.26229D-03 -4.46205D-03   
-7.82518D-03 -7.81751D-03 -4.49423D-03 -8.03921D-03 -7.47827D-03 -9.07138D-03   
-9.44339D-03 -1.53383D-02 -1.52377D-02 -9.45762D-03 -1.59511D-02 -1.52001D-02   
-1.64374D-02 -1.69528D-02 -2.56682D-02 -3.00164D-02 -1.69696D-02 -2.54502D-02   
-2.61534D-02 -2.29566D-02 -2.35720D-02 -3.43143D-02 -3.37361D-02 -2.36424D-02   
-3.33935D-02 -3.53347D-02 -4.02229D-02 -4.10512D-02 -5.54744D-02 -4.97204D-02   
-4.11712D-02 -5.69357D-02 -5.80589D-02 -7.73008D-02 -7.82083D-02 -9.55562D-02   
-9.62308D-02 -7.85940D-02 -9.26205D-02 -9.76966D-02 -1.18477D-01 -1.19278D-01   
-1.35332D-01 -1.30553D-01 -1.20047D-01 -1.38395D-01 -1.28502D-01 -1.68347D-01   
-1.69272D-01 -1.79842D-01 -1.75274D-01 -1.69883D-01 -1.80973D-01 -1.73805D-01   
-2.63304D-01 -2.64998D-01 -2.57284D-01 -2.54182D-01 -2.64547D-01 -2.55801D-01   
-2.42372D-01 -3.72152D-01 -3.74265D-01 -3.37339D-01 -3.23080D-01 -3.73440D-01   
-3.44633D-01 -3.11651D-01 -5.20153D-01 -5.21777D-01 -4.31026D-01 -3.90476D-01   
-5.21543D-01 -4.15185D-01 -3.88005D-01 -7.02112D-01 -7.04214D-01 -5.27709D-01   
-4.40594D-01 -7.04616D-01 -5.45406D-01 -4.55544D-01 -8.49686D-01 -8.51168D-01   
-6.04947D-01 -4.64933D-01 -8.50739D-01 -5.86158D-01 -5.02018D-01 -9.99451D-01   
-1.00074D+00 -6.68223D-01 -4.94227D-01 -1.00173D+00 -6.63718D-01 -5.21893D-01   
-1.01210D+00 -1.01357D+00 -6.74595D-01 -4.96765D-01 -1.01423D+00 -6.50964D-01   
-5.37320D-01  0.00000D+00  0.00000D+00  0.00000D+00  0.00000D+00  0.00000D+00   
 1.19740D-21  1.60801D-21  0.00000D+00  0.00000D+00  0.00000D+00  0.00000D+00   
-6.82268D-19  1.07727D-17  1.17603D-17  0.00000D+00  0.00000D+00  0.00000D+00   
 0.00000D+00 -2.22524D-16  2.03617D-16  1.94123D-16  0.00000D+00  0.00000D+00   
 0.00000D+00  0.00000D+00 -5.89992D-15  2.78634D-16  2.98641D-16  0.00000D+00   
 0.00000D+00  0.00000D+00  0.00000D+00 -1.97081D-14 -2.96988D-15 -2.40545D-15   
 0.00000D+00  0.00000D+00  0.00000D+00  0.00000D+00 -1.41392D-14 -2.13951D-14   
-2.37395D-14  0.00000D+00  0.00000D+00  0.00000D+00  0.00000D+00 -8.99424D-15   
-2.60855D-14 -2.26178D-14  0.00000D+00  0.00000D+00  8.84205D-21  3.13593D-20   
 1.44589D-14 -4.45801D-14 -4.33059D-14  0.00000D+00  0.00000D+00  2.78134D-17   
 3.72580D-17  3.27305D-14 -5.83195D-14 -6.52410D-14  0.00000D+00 -2.39424D-19   
 6.41665D-16  7.50897D-16  3.39413D-14 -6.50452D-14 -8.00006D-14  0.00000D+00   
-1.32828D-14  1.91387D-14  2.05275D-14 -1.21297D-13 -2.77366D-14  1.31158D-13   
 0.00000D+00 -3.35807D-13  1.60314D-13  1.66914D-13 -8.47321D-13  6.86285D-14   
 1.83899D-12  0.00000D+00 -4.86139D-12  1.49548D-12  1.52295D-12 -6.56145D-12   
 1.95226D-12  3.53297D-11  0.00000D+00 -4.25255D-11  9.59465D-12  9.48151D-12   
-3.57867D-11 -1.28308D-11  4.54110D-10  0.00000D+00 -1.43886D-10 -3.27082D-11   
-3.76015D-11 -7.14856D-11 -2.68289D-10 -8.81736D-09  0.00000D+00 -1.51865D-10   
-4.76640D-11 -5.50707D-11 -8.17001D-11 -3.75356D-10  8.92366D-09  0.00000D+00   
-1.75321D-10 -1.33218D-10 -1.36842D-10 -1.09575D-10 -4.99373D-10 -1.12735D-08   
 0.00000D+00 -1.69687D-10 -7.79496D-10 -7.81263D-10 -6.70708D-11 -6.64773D-10   
 2.31491D-09 -5.48669D-19  9.90215D-11 -4.67723D-09 -4.96556D-09  4.31617D-10   
 8.93929D-09  1.28151D-08 -1.37963D-10 -1.01227D-10 -2.95753D-08 -3.11983D-08   
 2.56868D-09  2.47305D-08  4.20518D-08 -8.20273D-09 -1.78345D-08 -1.79600D-07   
-1.74578D-07 -4.07959D-08 -8.15869D-07 -7.30373D-07 -4.13435D-08 -7.53611D-08   
-4.84429D-07 -5.20735D-07 -1.27428D-07 -2.65632D-06 -2.53490D-06 -1.83079D-07   
-2.90560D-07 -1.36011D-06 -1.36852D-06 -2.88863D-07 -1.82313D-06 -1.91060D-06   
-6.87481D-07 -9.78403D-07 -3.65150D-06 -3.70518D-06 -1.39929D-06  2.91806D-06   
 6.49869D-06 -1.44238D-06 -1.94423D-06 -6.52352D-06 -6.56039D-06 -1.25498D-06   
-9.22193D-06 -3.36228D-05 -2.61009D-06 -3.38609D-06 -1.05435D-05 -1.05987D-05   
-5.18239D-06 -8.76812D-06  4.36206D-05 -8.01481D-06 -9.77911D-06 -2.68463D-05   
-2.75762D-05 -8.00671D-06 -2.16378D-05  2.61978D-04 -2.31710D-05 -2.69021D-05   
-6.70807D-05 -7.05821D-05 -3.30003D-05 -6.34564D-05 -6.47929D-05 -5.31884D-05   
-5.97348D-05 -1.40441D-04 -1.44513D-04 -5.73190D-05 -1.43504D-04 -4.28857D-04   
-9.98915D-05 -1.10119D-04 -2.45462D-04 -2.29930D-04 -1.02045D-04 -2.68044D-04   
-3.97893D-04 -1.86493D-04 -2.03155D-04 -4.31685D-04 -3.78762D-04 -2.15748D-04   
-3.90662D-04  2.84078D-04 -3.06108D-04 -3.30339D-04 -6.85965D-04 -6.97964D-04   
-3.33886D-04 -5.91232D-04 -1.15258D-03 -4.72887D-04 -5.04656D-04 -1.01803D-03   
-1.26539D-03 -5.01246D-04 -1.28109D-03 -7.54234D-04 -9.85808D-04 -1.03708D-03   
-1.96234D-03 -1.93192D-03 -1.04669D-03 -2.03500D-03 -1.72445D-03 -2.34974D-03   
-2.46097D-03 -4.33633D-03 -3.76137D-03 -2.46396D-03 -4.64585D-03 -4.03478D-03   
-4.65904D-03 -4.82990D-03 -7.95760D-03 -1.00798D-02 -4.82981D-03 -7.83118D-03   
-7.58824D-03 -6.84834D-03 -7.06628D-03 -1.12204D-02 -1.05211D-02 -7.08344D-03   
-1.09081D-02 -1.08747D-02 -1.30934D-02 -1.34199D-02 -1.98669D-02 -1.58599D-02   
-1.34556D-02 -2.04429D-02 -2.01293D-02 -2.79543D-02 -2.83296D-02 -3.82568D-02   
-3.51762D-02 -2.85233D-02 -3.68979D-02 -3.76075D-02 -4.60309D-02 -4.63439D-02   
-5.86081D-02 -4.98661D-02 -4.67912D-02 -5.99386D-02 -4.95588D-02 -6.95182D-02   
-6.99003D-02 -8.31619D-02 -7.11300D-02 -7.02875D-02 -8.33083D-02 -7.33627D-02   
-1.17832D-01 -1.18726D-01 -1.29941D-01 -1.19588D-01 -1.18415D-01 -1.29163D-01   
-1.10298D-01 -1.77768D-01 -1.78999D-01 -1.83281D-01 -1.60329D-01 -1.78396D-01   
-1.86778D-01 -1.51504D-01 -2.65725D-01 -2.66900D-01 -2.54463D-01 -2.06545D-01   
-2.66589D-01 -2.46599D-01 -2.02196D-01 -3.83372D-01 -3.84747D-01 -3.36203D-01   
-2.44083D-01 -3.84961D-01 -3.47491D-01 -2.51705D-01 -4.85646D-01 -4.87285D-01   
-4.09394D-01 -2.68243D-01 -4.86790D-01 -4.00243D-01 -2.92836D-01 -5.97481D-01   
-5.98356D-01 -4.74551D-01 -2.96089D-01 -5.99104D-01 -4.66075D-01 -3.14344D-01   
-6.07215D-01 -6.08262D-01 -4.80272D-01 -2.99525D-01 -6.08950D-01 -4.70434D-01   
-3.26585D-01  0.00000D+00  0.00000D+00  0.00000D+00  0.00000D+00  0.00000D+00   
 1.81079D-24  2.47855D-24  0.00000D+00  0.00000D+00  0.00000D+00  0.00000D+00   
-1.03218D-21  4.03830D-20  4.44403D-20  0.00000D+00  0.00000D+00  0.00000D+00   
 0.00000D+00 -8.27294D-19  1.20240D-18  1.15967D-18  0.00000D+00  0.00000D+00   
 0.00000D+00  0.00000D+00 -4.20533D-17  6.42609D-18  6.89745D-18  0.00000D+00   
 0.00000D+00  0.00000D+00  0.00000D+00 -2.53988D-16  1.03995D-17  2.30450D-17   
 0.00000D+00  0.00000D+00  0.00000D+00  0.00000D+00 -5.28067D-16 -1.15860D-16   
-2.39322D-16  0.00000D+00  0.00000D+00  0.00000D+00  0.00000D+00 -5.32366D-16   
-1.61886D-16 -4.63483D-17  0.00000D+00  0.00000D+00  1.60335D-23  6.49088D-23   
-3.80575D-16 -4.39788D-16 -5.91283D-16  0.00000D+00  0.00000D+00  1.12497D-19   
 1.54922D-19 -9.36209D-17 -7.95468D-16 -1.46692D-15  0.00000D+00 -4.58738D-22   
 3.66187D-18  4.37861D-18  2.10113D-16 -1.23385D-15 -1.76231D-16  0.00000D+00   
-8.42047D-17  1.84079D-16  1.99782D-16 -8.32601D-16 -1.60661D-15 -1.85275D-15   
 0.00000D+00 -3.56448D-15  2.20752D-15  2.31884D-15 -1.04672D-14 -3.23343D-16   
 9.94976D-15  0.00000D+00 -8.30184D-14  3.22799D-14  3.31483D-14 -1.26765D-13   
 3.42449D-14  8.64394D-13  0.00000D+00 -1.16988D-12  4.32459D-13  4.36285D-13   
-1.08946D-12 -4.47788D-13  1.71350D-11  0.00000D+00 -6.24288D-12  1.92295D-12   
 1.82436D-12 -3.08691D-12 -9.41863D-12 -4.68393D-10  0.00000D+00 -6.83608D-12   
 1.98847D-12  1.76371D-12 -3.73449D-12 -1.56772D-11  4.91068D-10  0.00000D+00   
-9.04520D-12  1.69815D-12  1.87089D-12 -5.66645D-12 -2.70062D-11 -6.77359D-10   
 0.00000D+00 -1.40400D-11 -8.17017D-12 -6.64967D-12 -1.33474D-11  3.12591D-11   
 2.42092D-10 -1.48353D-21 -1.03651D-11 -1.16645D-10 -1.32029D-10 -1.92616D-11   
 1.29011D-09  1.66816D-09 -3.75308D-12  3.78385D-12 -1.14267D-09 -1.24754D-09   
 1.46573D-10  5.96548D-09  7.84672D-09 -3.69805D-10 -7.91958D-10 -9.03036D-09   
-7.98282D-09 -2.30235D-09 -1.02386D-07 -9.18852D-08 -2.27650D-09 -4.21073D-09   
-2.82620D-08 -3.21545D-08 -8.78656D-09 -3.60941D-07 -3.45587D-07 -1.21246D-08   
-1.97573D-08 -9.36733D-08 -9.11487D-08 -1.87000D-08 -1.87410D-07 -1.97614D-07   
-5.36787D-08 -7.85218D-08 -2.91630D-07 -2.91467D-07 -1.28784D-07  9.86649D-07   
 1.75176D-06 -1.23526D-07 -1.70772D-07 -5.64873D-07 -5.53395D-07 -4.53821D-08   
-9.24489D-07 -6.05650D-06 -2.40724D-07 -3.19739D-07 -9.76910D-07 -9.52763D-07   
-5.21700D-07 -8.41431D-07  1.14737D-05 -8.50763D-07 -1.06019D-06 -2.82947D-06   
-2.80093D-06 -9.54883D-07 -2.16524D-06  5.99513D-05 -2.81148D-06 -3.32135D-06   
-8.06469D-06 -8.35201D-06 -4.53212D-06 -7.03186D-06 -1.12332D-05 -7.17071D-06   
-8.15207D-06 -1.86733D-05 -2.03519D-05 -7.55108D-06 -1.99299D-05 -9.87536D-05   
-1.45946D-05 -1.62424D-05 -3.49828D-05 -3.20122D-05 -1.42673D-05 -4.17627D-05   
-6.95623D-05 -2.95194D-05 -3.24857D-05 -6.75974D-05 -4.00659D-05 -3.54192D-05   
-5.07984D-05  1.63710D-04 -5.16492D-05 -5.63160D-05 -1.15151D-04 -9.06071D-05   
-5.71129D-05 -1.09965D-04 -2.63850D-04 -8.44114D-05 -9.07518D-05 -1.79100D-04   
-2.48741D-04 -8.96924D-05 -2.33349D-04 -7.32013D-05 -1.93645D-04 -2.04341D-04   
-3.86791D-04 -4.21819D-04 -2.07081D-04 -4.17380D-04 -2.77375D-04 -5.17413D-04   
-5.45179D-04 -9.65501D-04 -5.28441D-04 -5.45931D-04 -9.94730D-04 -7.86761D-04   
-1.12315D-03 -1.16975D-03 -1.95927D-03 -2.77181D-03 -1.16815D-03 -1.89705D-03   
-1.61754D-03 -1.73766D-03 -1.80107D-03 -2.92433D-03 -2.46196D-03 -1.80495D-03   
-2.85583D-03 -2.41486D-03 -3.62388D-03 -3.73628D-03 -5.69193D-03 -3.36816D-03   
-3.73810D-03 -5.84382D-03 -5.15848D-03 -8.58384D-03 -8.72754D-03 -1.23561D-02   
-1.06345D-02 -8.79197D-03 -1.20900D-02 -1.13266D-02 -1.51805D-02 -1.52700D-02   
-2.05773D-02 -1.06868D-02 -1.55037D-02 -2.10088D-02 -1.37431D-02 -2.43856D-02   
-2.44739D-02 -3.14712D-02 -2.08107D-02 -2.47413D-02 -3.14009D-02 -2.30241D-02   
-4.48337D-02 -4.52249D-02 -5.40974D-02 -4.18804D-02 -4.50818D-02 -5.43083D-02   
-3.73006D-02 -7.21594D-02 -7.28192D-02 -8.22954D-02 -6.03344D-02 -7.23532D-02   
-8.27443D-02 -5.41506D-02 -1.15266D-01 -1.15810D-01 -1.23226D-01 -8.01000D-02   
-1.15553D-01 -1.21630D-01 -7.64014D-02 -1.77147D-01 -1.78294D-01 -1.79541D-01   
-9.83471D-02 -1.78257D-01 -1.81784D-01 -1.01175D-01 -2.35250D-01 -2.35968D-01   
-2.30399D-01 -1.08210D-01 -2.35625D-01 -2.27615D-01 -1.23425D-01 -3.01417D-01   
-3.02376D-01 -2.87348D-01 -1.25657D-01 -3.02724D-01 -2.86982D-01 -1.35719D-01   
-3.07402D-01 -3.08467D-01 -2.92789D-01 -1.27179D-01 -3.08807D-01 -2.89350D-01   
-1.45052D-01  0.00000D+00  0.00000D+00  0.00000D+00  0.00000D+00  0.00000D+00   
 1.65818D-27  2.35016D-27  0.00000D+00  0.00000D+00  0.00000D+00  0.00000D+00   
-1.01109D-24  1.01731D-22  1.12415D-22  0.00000D+00  0.00000D+00  0.00000D+00   
 0.00000D+00 -2.23886D-21  4.36013D-21  4.22130D-21  0.00000D+00  0.00000D+00   
 0.00000D+00  0.00000D+00 -2.04969D-19  3.77891D-20  4.51675D-20  0.00000D+00   
 0.00000D+00  0.00000D+00  0.00000D+00 -1.86523D-18  1.56090D-19  3.13796D-19   
 0.00000D+00  0.00000D+00  0.00000D+00  0.00000D+00 -6.59057D-18 -3.68333D-19   
-3.55425D-18  0.00000D+00  0.00000D+00  0.00000D+00  0.00000D+00 -7.42025D-18   
-5.65892D-19  1.08553D-18  0.00000D+00  0.00000D+00  2.09048D-26  9.73483D-26   
-8.69859D-18 -2.89681D-18 -1.08938D-17  0.00000D+00  0.00000D+00  3.49574D-22   
 4.93692D-22 -7.71261D-18 -7.63866D-18 -2.36764D-17  0.00000D+00 -6.42581D-25   
 1.56093D-20  1.89823D-20 -3.96324D-18 -1.59662D-17  4.15061D-17  0.00000D+00   
-3.92003D-19  1.21021D-18  1.32713D-18 -2.71967D-18 -3.78697D-17 -1.71664D-16   
 0.00000D+00 -2.64748D-17  1.99170D-17  2.10750D-17 -8.64739D-17 -3.99497D-17   
-6.17406D-16  0.00000D+00 -9.70155D-16  4.24102D-16  4.37989D-16 -1.51459D-15   
 2.89437D-16  1.14598D-14  0.00000D+00 -2.14697D-14  8.75747D-15  8.83165D-15   
-2.36490D-14 -1.24654D-14  4.69856D-13  0.00000D+00 -1.69542D-13  6.73642D-14   
 6.59756D-14 -7.44640D-14 -1.49040D-13 -2.12670D-11  0.00000D+00 -1.91091D-13   
 7.48350D-14  6.69340D-14 -1.07704D-13 -4.24418D-13  2.55734D-11  0.00000D+00   
-2.80050D-13  9.38103D-14  1.01750D-13 -1.37989D-13 -1.35783D-12 -2.96075D-11   
 0.00000D+00 -5.75465D-13 -2.85843D-14  5.59326D-14 -1.10874D-12  6.57913D-12   
 1.88532D-11 -3.20327D-24 -8.52652D-13 -2.88092D-12 -3.45132D-12 -3.26110D-12   
 9.99632D-11  1.27592D-10 -7.34050D-14 -1.75003D-14 -4.32820D-11 -4.64139D-11   
-1.03214D-11  9.78561D-10  1.14972D-09 -1.20393D-11 -2.37793D-11 -4.25907D-10   
-3.30670D-10 -2.14761D-10 -1.04521D-08 -9.54873D-09 -9.06629D-11 -1.64986D-10   
-1.50430D-09 -1.96987D-09 -6.13213D-10 -3.81018D-08 -3.83420D-08 -5.81764D-10   
-9.59092D-10 -5.76994D-09 -5.37153D-09 -1.03004D-09 -3.94440D-08 -3.00718D-08   
-3.04239D-09 -4.54792D-09 -2.06915D-08 -2.08130D-08 -1.17230D-08  1.87451D-07   
 2.93057D-07 -7.68810D-09 -1.08585D-08 -4.31401D-08 -4.18336D-08  3.84100D-09   
-9.02617D-08 -8.34807D-07 -1.61519D-08 -2.18926D-08 -7.95053D-08 -7.78333D-08   
-6.87154D-08  2.97854D-08  2.22999D-06 -6.58381D-08 -8.36661D-08 -2.60158D-07   
-2.61328D-07 -4.99900D-08 -4.56869D-08  2.07128D-05 -2.49269D-07 -3.00131D-07   
-8.31567D-07 -8.30002D-07 -4.99599D-07 -6.21512D-07 -4.30477D-06 -7.07915D-07   
-8.16210D-07 -2.14500D-06 -2.53248D-06 -6.75660D-07 -2.20037D-06 -1.97512D-05   
-1.56452D-06 -1.75528D-06 -4.26086D-06 -4.75162D-06 -1.33890D-06 -5.86066D-06   
-9.30106D-06 -3.43628D-06 -3.81532D-06 -8.80272D-06 -3.96847D-06 -4.53332D-06   
-5.87891D-06  4.99383D-05 -6.42274D-06 -7.09951D-06 -1.62809D-05 -5.11633D-06   
-7.21138D-06 -8.55668D-06 -5.30546D-05 -1.11283D-05 -1.21204D-05 -2.66360D-05   
-3.33151D-05 -1.19172D-05 -4.35261D-05  1.02864D-07 -2.82090D-05 -2.97737D-05   
-6.20794D-05 -1.13883D-04 -3.03951D-05 -7.79588D-05 -3.51214D-05 -8.50364D-05   
-9.03577D-05 -1.74759D-04  7.07307D-05 -9.04917D-05 -1.81863D-04 -1.48250D-04   
-2.03351D-04 -2.12915D-04 -3.87076D-04 -7.79541D-04 -2.12151D-04 -3.58712D-04   
-3.22086D-04 -3.32395D-04 -3.46088D-04 -6.09211D-04 -4.03235D-04 -3.46806D-04   
-5.87375D-04 -4.89593D-04 -7.61696D-04 -7.90388D-04 -1.29064D-03 -4.98075D-04   
-7.90319D-04 -1.33869D-03 -1.07826D-03 -2.01948D-03 -2.07316D-03 -3.08705D-03   
-2.93189D-03 -2.07499D-03 -2.96839D-03 -3.41735D-03 -3.85898D-03 -3.89117D-03   
-5.47946D-03 -2.73137D-03 -3.97097D-03 -5.65064D-03 -2.58610D-03 -6.63993D-03   
-6.63117D-03 -8.88956D-03 -2.29279D-03 -6.79243D-03 -8.82265D-03 -6.58118D-03   
-1.34377D-02 -1.35033D-02 -1.65583D-02 -1.55282D-02 -1.35658D-02 -1.65965D-02   
-1.13923D-02 -2.33643D-02 -2.36739D-02 -2.69548D-02 -1.98020D-02 -2.34625D-02   
-2.71512D-02 -1.78726D-02 -4.03693D-02 -4.07578D-02 -4.32232D-02 -2.94283D-02   
-4.03425D-02 -4.25249D-02 -2.69298D-02 -6.69682D-02 -6.74615D-02 -6.63435D-02   
-3.75126D-02 -6.74485D-02 -6.75776D-02 -3.71011D-02 -9.34934D-02 -9.46444D-02   
-9.02060D-02 -4.30792D-02 -9.40372D-02 -8.91091D-02 -4.93190D-02 -1.27030D-01   
-1.27440D-01 -1.15390D-01 -5.18426D-02 -1.27605D-01 -1.14318D-01 -5.59190D-02   
-1.30039D-01 -1.30577D-01 -1.18183D-01 -5.35513D-02 -1.31058D-01 -1.17046D-01   
-5.87515D-02                                                                    
