   4.000     0.000            2        47        13                             
  1.18367D-01  8.18142D-03  1.40000D-02  2.00000D-02  3.00000D-02  4.00000D-02  
 6.00000D-02  8.00000D-02  1.00000D-01  1.20000D-01  1.50000D-01  3.00000D-01   
 5.00000D-01  7.50000D-01  1.00000D+00  1.30000D+00  1.70000D+00  1.83000D+00   
 2.00000D+00  2.50000D+00  3.50000D+00  5.00000D+00  6.50000D+00  8.00000D+00   
 1.00000D+01  1.25000D+01  1.50000D+01  2.00000D+01  2.50000D+01  3.00000D+01   
 3.50000D+01  4.00000D+01  4.50000D+01  5.00000D+01  6.00000D+01  7.50000D+01   
 9.00000D+01  1.00000D+02  1.20000D+02  1.50000D+02  1.75000D+02  2.00000D+02   
 2.40000D+02  2.80000D+02  3.30000D+02  3.90000D+02  4.40000D+02  4.95000D+02   
 5.00000D+02  0.00000D+00  5.78582D+00  0.00000D+00  1.29870D+01  0.00000D+00   
 2.72302D+01  0.00000D+00  4.27768D+01  0.00000D+00  7.25557D+01  0.00000D+00   
 9.68644D+01  0.00000D+00  1.16344D+02  4.02861D+03  1.32755D+02  4.75845D+03   
 1.53696D+02  6.99775D+03  2.30572D+02  8.04578D+03  2.81487D+02  8.54250D+03   
 3.09208D+02  8.71420D+03  3.18397D+02  8.75150D+03  3.23088D+02  8.67131D+03   
 3.23160D+02  8.62860D+03  3.22490D+02  8.56482D+03  3.21886D+02  8.35437D+03   
 3.16455D+02  7.92092D+03  3.02779D+02  7.35194D+03  2.83294D+02  6.88932D+03   
 2.66780D+02  6.51039D+03  2.52719D+02  6.09782D+03  2.37100D+02  5.68263D+03   
 2.21317D+02  5.34615D+03  2.08629D+02  4.84542D+03  1.89482D+02  4.49057D+03   
 1.75462D+02  4.20442D+03  1.64450D+02  3.96168D+03  1.55344D+02  3.76208D+03   
 1.47605D+02  3.59820D+03  1.41069D+02  3.45798D+03  1.35612D+02  3.23172D+03   
 1.26723D+02  2.97846D+03  1.16811D+02  2.78361D+03  1.09371D+02  2.67899D+03   
 1.05350D+02  2.51530D+03  9.88386D+01  2.34559D+03  9.19290D+01  2.24470D+03   
 8.80449D+01  2.17036D+03  8.52637D+01  2.09140D+03  8.22391D+01  2.04767D+03   
 8.05014D+01  2.02699D+03  7.96692D+01  2.03935D+03  8.05970D+01  2.07035D+03   
 8.17602D+01  2.12223D+03  8.32759D+01  2.12785D+03  8.42685D+01  0.00000D+00   
 1.00000D+00  0.00000D+00  1.00000D+00  0.00000D+00  1.00000D+00  0.00000D+00   
 1.00000D+00  0.00000D+00  1.00000D+00  0.00000D+00  1.00000D+00  0.00000D+00   
 1.00000D+00  1.00000D+00  1.00000D+00  1.00000D+00  1.00000D+00  1.00000D+00   
 1.00000D+00  1.00000D+00  1.00000D+00  1.00000D+00  1.00000D+00  1.00000D+00   
 1.00000D+00  1.00000D+00  1.00000D+00  1.00000D+00  1.00000D+00  1.00000D+00   
 1.00000D+00  1.00000D+00  1.00000D+00  1.00000D+00  1.00000D+00  1.00000D+00   
 1.00000D+00  1.00000D+00  1.00000D+00  1.00000D+00  1.00000D+00  1.00000D+00   
 1.00000D+00  1.00000D+00  1.00000D+00  1.00000D+00  1.00000D+00  1.00000D+00   
 1.00000D+00  1.00000D+00  1.00000D+00  1.00000D+00  1.00000D+00  1.00000D+00   
 1.00000D+00  1.00000D+00  1.00000D+00  1.00000D+00  1.00000D+00  1.00000D+00   
 1.00000D+00  1.00000D+00  1.00000D+00  1.00000D+00  1.00000D+00  1.00000D+00   
 1.00000D+00  1.00000D+00  1.00000D+00  1.00000D+00  1.00000D+00  1.00000D+00   
 1.00000D+00  1.00000D+00  1.00000D+00  1.00000D+00  1.00000D+00  1.00000D+00   
 1.00000D+00  1.00000D+00  1.00000D+00  1.00000D+00  1.00000D+00  1.00000D+00   
 1.00000D+00  1.00000D+00  1.00000D+00  1.00000D+00  1.00000D+00  1.00000D+00   
 1.00000D+00  1.00000D+00  1.00000D+00  0.00000D+00 -2.26734D-03  0.00000D+00   
-3.86280D-03  0.00000D+00 -2.08292D-03  0.00000D+00  9.32995D-04  0.00000D+00   
 7.13715D-03  0.00000D+00  1.32001D-02  0.00000D+00  1.91661D-02 -1.13116D-03   
 2.47399D-02  1.26204D-02  3.19257D-02  4.91058D-02  5.65477D-02  7.98419D-02   
 8.53478D-02  1.07541D-01  1.10977D-01  1.29852D-01  1.34508D-01  1.52724D-01   
 1.55125D-01  1.79240D-01  1.82790D-01  1.87138D-01  1.88665D-01  1.97056D-01   
 1.97971D-01  2.23780D-01  2.25795D-01  2.69487D-01  2.71842D-01  3.26232D-01   
 3.27712D-01  3.74193D-01  3.75242D-01  4.16423D-01  4.17799D-01  4.66820D-01   
 4.68100D-01  5.23224D-01  5.23851D-01  5.73379D-01  5.73280D-01  6.57869D-01   
 6.59419D-01  7.32836D-01  7.35070D-01  8.06176D-01  8.03850D-01  8.71924D-01   
 8.68144D-01  9.25205D-01  9.27544D-01  9.72915D-01  9.79550D-01  1.02190D+00   
 1.02423D+00  1.11475D+00  1.11257D+00  1.23522D+00  1.23141D+00  1.33913D+00   
 1.34151D+00  1.40015D+00  1.40387D+00  1.51296D+00  1.51525D+00  1.65755D+00   
 1.65573D+00  1.75877D+00  1.75707D+00  1.84525D+00  1.84592D+00  1.96226D+00   
 1.96318D+00  2.05586D+00  2.05468D+00  2.14916D+00  2.15013D+00  2.23216D+00   
 2.23940D+00  2.27985D+00  2.28818D+00  2.31733D+00  2.29939D+00  2.32015D+00   
 2.33477D+00  0.00000D+00 -9.99888D-01  0.00000D+00 -9.99963D-01  0.00000D+00   
-1.00001D+00  0.00000D+00 -1.00002D+00  0.00000D+00 -9.99994D-01  0.00000D+00   
-9.99911D-01  0.00000D+00 -9.99785D-01 -1.00000D+00 -9.99629D-01 -9.99871D-01   
-9.99364D-01 -9.98487D-01 -9.98039D-01 -9.96142D-01 -9.95647D-01 -9.93038D-01   
-9.92749D-01 -9.89879D-01 -9.89140D-01 -9.86049D-01 -9.85431D-01 -9.80849D-01   
-9.79701D-01 -9.79138D-01 -9.78142D-01 -9.76887D-01 -9.77015D-01 -9.70216D-01   
-9.70054D-01 -9.56820D-01 -9.55223D-01 -9.36717D-01 -9.35835D-01 -9.16688D-01   
-9.15360D-01 -8.96805D-01 -8.95652D-01 -8.70411D-01 -8.69869D-01 -8.37273D-01   
-8.36583D-01 -8.04070D-01 -8.03909D-01 -7.40510D-01 -7.40290D-01 -6.80609D-01   
-6.77659D-01 -6.16653D-01 -6.15368D-01 -5.47238D-01 -5.52542D-01 -4.81823D-01   
-4.88333D-01 -4.27755D-01 -4.23923D-01 -3.77725D-01 -3.63906D-01 -2.60486D-01   
-2.62987D-01 -8.06963D-02 -8.86042D-02  8.00687D-02  8.02410D-02  1.78764D-01   
 1.87563D-01  3.77079D-01  3.84811D-01  6.61432D-01  6.56245D-01  8.75342D-01   
 8.71188D-01  1.07220D+00  1.07123D+00  1.35325D+00  1.35674D+00  1.59750D+00   
 1.59890D+00  1.85630D+00  1.85902D+00  2.10752D+00  2.12302D+00  2.26944D+00   
 2.28594D+00  2.41037D+00  2.38750D+00  2.42169D+00  2.44838D+00  0.00000D+00   
 2.26838D-03  0.00000D+00  3.86351D-03  0.00000D+00  2.08313D-03  0.00000D+00   
-9.33146D-04  0.00000D+00 -7.13759D-03  0.00000D+00 -1.32002D-02  0.00000D+00   
-1.91648D-02  1.13115D-03 -2.47361D-02 -1.26193D-02 -3.19163D-02 -4.90683D-02   
-5.64919D-02 -7.96954D-02 -8.51801D-02 -1.07188D-01 -1.10599D-01 -1.29235D-01   
-1.33832D-01 -1.51728D-01 -1.54026D-01 -1.77644D-01 -1.81175D-01 -1.85326D-01   
-1.86574D-01 -1.94946D-01 -1.95747D-01 -2.20698D-01 -2.22583D-01 -2.64109D-01   
-2.66521D-01 -3.16695D-01 -3.18592D-01 -3.59777D-01 -3.58216D-01 -3.96535D-01   
-3.96338D-01 -4.38838D-01 -4.40197D-01 -4.83931D-01 -4.84169D-01 -5.21483D-01   
-5.21106D-01 -5.77920D-01 -5.79785D-01 -6.23399D-01 -6.24984D-01 -6.65030D-01   
-6.60387D-01 -6.93001D-01 -6.88552D-01 -7.01527D-01 -7.09614D-01 -7.04248D-01   
-7.19969D-01 -7.17140D-01 -7.18506D-01 -7.40622D-01 -7.16563D-01 -7.01744D-01   
-7.22793D-01 -6.57009D-01 -6.59916D-01 -6.24644D-01 -6.19778D-01 -5.36865D-01   
-5.24104D-01 -3.58466D-01 -3.61798D-01 -1.94264D-01 -2.02425D-01 -2.66499D-02   
-3.03205D-02  2.43770D-01  2.48846D-01  5.07014D-01  5.11365D-01  8.13594D-01   
 8.20128D-01  1.14010D+00  1.16904D+00  1.36350D+00  1.39866D+00  1.56941D+00   
 1.52284D+00  1.58683D+00  1.64468D+00  0.00000D+00 -1.11286D-04  0.00000D+00   
-3.64804D-05  0.00000D+00  1.29824D-05  0.00000D+00  2.52664D-05  0.00000D+00   
-5.93715D-06  0.00000D+00 -8.93176D-05  0.00000D+00 -2.14841D-04  2.53308D-06   
-3.70997D-04 -1.29267D-04 -6.36289D-04 -1.51226D-03 -1.95959D-03 -3.85278D-03   
-4.34723D-03 -6.94671D-03 -7.23256D-03 -1.00880D-02 -1.08251D-02 -1.38893D-02   
-1.45026D-02 -1.90359D-02 -2.02169D-02 -2.07252D-02 -2.17240D-02 -2.29468D-02   
-2.27394D-02 -2.95095D-02 -2.95652D-02 -4.26039D-02 -4.46323D-02 -6.20467D-02   
-6.29958D-02 -8.11685D-02 -8.39095D-02 -9.99017D-02 -9.90121D-02 -1.24393D-01   
-1.24935D-01 -1.54566D-01 -1.55145D-01 -1.84141D-01 -1.84470D-01 -2.38417D-01   
-2.38728D-01 -2.86860D-01 -2.90017D-01 -3.37912D-01 -3.38805D-01 -3.92430D-01   
-3.85084D-01 -4.38722D-01 -4.31062D-01 -4.67167D-01 -4.76335D-01 -4.88846D-01   
-5.14021D-01 -5.76029D-01 -5.53526D-01 -6.64375D-01 -6.80360D-01 -6.97314D-01   
-7.08979D-01 -7.42547D-01 -7.40240D-01 -7.82949D-01 -7.74517D-01 -7.96993D-01   
-7.91781D-01 -7.63999D-01 -7.69115D-01 -7.08521D-01 -7.19102D-01 -5.92428D-01   
-5.88301D-01 -4.44729D-01 -4.34061D-01 -2.40872D-01 -2.31547D-01  1.20833D-02   
 4.73263D-02  2.01907D-01  2.47461D-01  3.92967D-01  3.42164D-01  4.09958D-01   
 4.87077D-01  0.00000D+00 -1.04240D-06  0.00000D+00 -7.08888D-07  0.00000D+00   
-2.10781D-07  0.00000D+00  1.50247D-07  0.00000D+00  4.42952D-07  0.00000D+00   
 4.26265D-08  0.00000D+00 -1.29821D-06  2.36132D-09 -3.73784D-06 -1.18494D-06   
-9.42040D-06 -3.74541D-05 -5.57464D-05 -1.46368D-04 -1.67635D-04 -3.52196D-04   
-3.77697D-04 -6.15677D-04 -6.74526D-04 -9.92653D-04 -1.09549D-03 -1.58817D-03   
-1.60864D-03 -1.80288D-03 -2.09074D-03 -2.09874D-03 -2.20601D-03 -3.06030D-03   
-3.19196D-03 -5.32257D-03 -5.32604D-03 -9.39362D-03 -8.91324D-03 -1.41294D-02   
-1.91327D-02 -1.93984D-02 -2.10115D-02 -2.71163D-02 -2.68250D-02 -3.77722D-02   
-3.80925D-02 -4.94925D-02 -4.97713D-02 -7.50021D-02 -7.43060D-02 -1.00816D-01   
-1.01681D-01 -1.27908D-01 -1.30462D-01 -1.60251D-01 -1.60066D-01 -1.98641D-01   
-1.90564D-01 -2.34637D-01 -2.25055D-01 -2.56125D-01 -2.61921D-01 -3.02373D-01   
-3.27919D-01 -4.29063D-01 -3.99940D-01 -4.91938D-01 -5.14874D-01 -5.54187D-01   
-5.62805D-01 -6.56648D-01 -6.61549D-01 -8.00619D-01 -7.88056D-01 -8.82596D-01   
-8.78520D-01 -9.33078D-01 -9.52302D-01 -9.98094D-01 -9.96456D-01 -1.01439D+00   
-9.99726D-01 -9.93079D-01 -9.81849D-01 -9.17729D-01 -8.80437D-01 -8.45499D-01   
-7.92574D-01 -7.53188D-01 -8.11499D-01 -7.43284D-01 -6.49614D-01  0.00000D+00   
-6.22018D-09  0.00000D+00 -6.84063D-09  0.00000D+00 -4.81412D-09  0.00000D+00   
-1.42261D-09  0.00000D+00  5.87840D-09  0.00000D+00  1.00455D-08  0.00000D+00   
 4.45271D-09 -1.75368D-12 -1.89707D-08 -9.97458D-09 -1.02283D-07 -8.15629D-07   
-1.43238D-06 -4.81792D-06 -5.48568D-06 -1.53965D-05 -1.84935D-05 -3.23887D-05   
-3.41520D-05 -6.11986D-05 -6.51367D-05 -1.14175D-04 -8.14614D-05 -1.35121D-04   
-1.32816D-04 -1.65242D-04 -2.42953D-04 -2.72675D-04 -3.77485D-04 -5.70991D-04   
-1.45218D-04 -1.22140D-03 -1.14440D-03 -2.11172D-03 -1.09723D-03 -3.23495D-03   
-5.29476D-03 -5.08085D-03 -5.03530D-03 -7.93499D-03 -8.02654D-03 -1.14009D-02   
-1.12293D-02 -2.01553D-02 -1.99332D-02 -3.07413D-02 -3.06004D-02 -4.24178D-02   
-4.29245D-02 -5.58217D-02 -5.75942D-02 -7.31822D-02 -7.34046D-02 -9.61015D-02   
-9.03493D-02 -1.19453D-01 -1.09702D-01 -1.39682D-01 -1.62835D-01 -2.19694D-01   
-1.90393D-01 -3.08802D-01 -3.10037D-01 -3.47220D-01 -3.60127D-01 -4.57626D-01   
-4.68352D-01 -6.32923D-01 -6.27217D-01 -7.72984D-01 -7.65376D-01 -8.97485D-01   
-8.99361D-01 -1.08116D+00 -1.08319D+00 -1.22924D+00 -1.21856D+00 -1.36844D+00   
-1.36460D+00 -1.47182D+00 -1.44712D+00 -1.52072D+00 -1.49405D+00 -1.53450D+00   
-1.54438D+00 -1.53385D+00 -1.48320D+00  0.00000D+00 -3.01536D-11  0.00000D+00   
-5.07908D-11  0.00000D+00 -5.90738D-11  0.00000D+00 -4.30549D-11  0.00000D+00   
 3.98535D-11  0.00000D+00  1.62483D-10  0.00000D+00  2.55521D-10 -1.17871D-14   
 1.79445D-10 -7.88805D-11 -6.38634D-10 -1.63012D-08 -3.23024D-08 -1.44193D-07   
-1.62733D-07 -6.09059D-07 -8.54400D-07 -1.53972D-06 -1.48064D-06 -3.41250D-06   
-3.16378D-06 -7.42162D-06 -7.06558D-06 -9.15575D-06  5.93715D-07 -1.17612D-05   
-1.87454D-05 -2.19219D-05 -1.90638D-05 -5.51279D-05  4.96951D-06 -1.42911D-04   
-2.04529D-04 -2.83794D-04  2.06225D-03 -4.84526D-04 -4.38647D-04 -8.54570D-04   
-1.06099D-03 -1.49564D-03 -1.56259D-03 -2.35277D-03 -2.35100D-03 -4.79802D-03   
-5.15676D-03 -8.29847D-03 -8.09383D-03 -1.26734D-02 -1.24504D-02 -1.77332D-02   
-1.85407D-02 -2.36820D-02 -2.57306D-02 -3.20165D-02 -3.23599D-02 -4.51047D-02   
-4.08049D-02 -6.51462D-02 -6.27406D-02 -9.48723D-02 -9.80349D-02 -1.65038D-01   
-1.47091D-01 -1.90503D-01 -1.91901D-01 -2.69275D-01 -2.76388D-01 -4.05684D-01   
-4.10524D-01 -5.37971D-01 -5.30535D-01 -6.75162D-01 -6.57137D-01 -8.80940D-01   
-8.85219D-01 -1.08000D+00 -1.07766D+00 -1.29716D+00 -1.29966D+00 -1.51345D+00   
-1.49915D+00 -1.65403D+00 -1.65284D+00 -1.76310D+00 -1.73069D+00 -1.77094D+00   
-1.76633D+00  0.00000D+00 -1.10062D-13  0.00000D+00 -2.64974D-13  0.00000D+00   
-4.52946D-13  0.00000D+00 -4.90209D-13  0.00000D+00  1.89366D-14  0.00000D+00   
 1.43291D-12  0.00000D+00  3.56874D-12 -3.78443D-17  5.05584D-12 -6.49449D-13   
 6.38608D-13 -2.77252D-10 -5.94473D-10 -3.54258D-09 -3.97065D-09 -1.94472D-08   
-3.03693D-08 -5.85155D-08 -5.20752D-08 -1.50981D-07 -1.26021D-07 -3.80805D-07   
-4.22740D-07 -4.89118D-07  3.94141D-07 -6.59203D-07 -1.12091D-06 -1.38475D-06   
-7.33031D-07 -4.16799D-06  1.75213D-06 -1.30473D-05 -2.29462D-05 -2.96983D-05   
 3.61643D-04 -5.64279D-05 -2.93970D-05 -1.11571D-04 -1.55654D-04 -2.18584D-04   
-2.32975D-04 -3.76503D-04 -3.78841D-04 -8.85967D-04 -9.94455D-04 -1.72497D-03   
-1.66104D-03 -2.89528D-03 -2.79770D-03 -4.32993D-03 -4.57218D-03 -5.98728D-03   
-6.84938D-03 -8.53983D-03 -8.92492D-03 -1.31561D-02 -1.17175D-02 -2.19658D-02   
-1.93489D-02 -3.21044D-02 -3.56916D-02 -6.60227D-02 -5.46296D-02 -7.85713D-02   
-7.81444D-02 -1.19984D-01 -1.23541D-01 -1.98301D-01 -2.02917D-01 -2.84100D-01   
-2.78830D-01 -3.81497D-01 -3.64401D-01 -5.38526D-01 -5.42350D-01 -7.08045D-01   
-7.07934D-01 -9.12091D-01 -9.16074D-01 -1.14507D+00 -1.13370D+00 -1.31769D+00   
-1.32410D+00 -1.47481D+00 -1.42686D+00 -1.48816D+00 -1.49935D+00  0.00000D+00   
-4.65979D-16  0.00000D+00 -1.49969D-15  0.00000D+00 -3.76849D-15  0.00000D+00   
-6.02188D-15  0.00000D+00 -8.05139D-15  0.00000D+00 -2.58844D-15  0.00000D+00   
 1.48215D-14 -1.77709D-19  4.04237D-14 -3.68939D-15  4.91106D-14 -3.82176D-12   
-9.22853D-12 -7.26481D-11 -8.08935D-11 -5.24797D-10 -9.13301D-10 -1.89011D-09   
-1.53413D-09 -5.69577D-09 -4.14041D-09 -1.66916D-08 -2.23749D-08 -2.23304D-08   
 3.80885D-08 -3.15874D-08 -6.27702D-08 -7.48659D-08 -1.72011D-08 -2.70163D-07   
 1.69671D-07 -1.02247D-06 -2.09666D-06 -2.66985D-06  5.09987D-05 -5.64823D-06   
-2.32953D-06 -1.25205D-05 -1.92518D-05 -2.74469D-05 -2.99064D-05 -5.17752D-05   
-5.23676D-05 -1.40945D-04 -1.67103D-04 -3.08732D-04 -2.93001D-04 -5.65994D-04   
-5.39599D-04 -9.04678D-04 -9.66771D-04 -1.29613D-03 -1.56044D-03 -1.94981D-03   
-2.11140D-03 -3.37181D-03 -2.89445D-03 -6.36764D-03 -5.25016D-03 -9.12543D-03   
-1.16363D-02 -2.26244D-02 -1.72440D-02 -2.75117D-02 -2.72676D-02 -4.55590D-02   
-4.71536D-02 -8.23686D-02 -8.52532D-02 -1.27379D-01 -1.24287D-01 -1.82846D-01   
-1.71137D-01 -2.78143D-01 -2.80897D-01 -3.91071D-01 -3.92082D-01 -5.37971D-01   
-5.40620D-01 -7.22730D-01 -7.10083D-01 -8.74228D-01 -8.76881D-01 -1.02526D+00   
-9.86530D-01 -1.03828D+00 -1.04402D+00  0.00000D+00 -1.50052D-18  0.00000D+00   
-6.42453D-18  0.00000D+00 -2.20165D-17  0.00000D+00 -4.48453D-17  0.00000D+00   
-1.00658D-16  0.00000D+00 -1.36214D-16  0.00000D+00 -9.06343D-17 -3.55272D-22   
 9.27979D-17 -1.77488D-17  4.67791D-16 -4.57502D-14 -1.25790D-13 -1.29016D-12   
-1.39549D-12 -1.23108D-11 -2.55053D-11 -5.32743D-11 -3.86088D-11 -1.88116D-10   
-9.60376D-11 -6.41174D-10 -9.41375D-10 -8.93557D-10  2.51428D-09 -1.32643D-09   
-3.30449D-09 -3.54487D-09  2.27906D-10 -1.53424D-08 -1.20849D-08 -7.02646D-08   
-1.77325D-07 -2.10552D-07  1.09559D-05 -4.96299D-07 -1.16552D-06 -1.23467D-06   
-1.90867D-06 -3.02678D-06 -3.32657D-06 -6.23557D-06 -6.39338D-06 -1.96482D-05   
-2.33231D-05 -4.90149D-05 -4.51434D-05 -9.80726D-05 -9.13158D-05 -1.63498D-04   
-1.80538D-04 -2.40730D-04 -3.12523D-04 -3.75398D-04 -4.31710D-04 -7.81910D-04   
-6.21408D-04 -1.53255D-03 -1.17669D-03 -2.20902D-03 -3.32923D-03 -6.84413D-03   
-4.57113D-03 -8.52015D-03 -8.20326D-03 -1.51452D-02 -1.58501D-02 -2.97770D-02   
-3.14347D-02 -5.00227D-02 -4.81038D-02 -7.66476D-02 -6.90776D-02 -1.25427D-01   
-1.27359D-01 -1.88777D-01 -1.90750D-01 -2.75354D-01 -2.77048D-01 -3.95147D-01   
-3.81272D-01 -5.02709D-01 -5.00123D-01 -6.16469D-01 -5.92369D-01 -6.27097D-01   
-6.23180D-01  0.00000D+00 -3.75423D-21  0.00000D+00 -2.19072D-20  0.00000D+00   
-1.01356D-19  0.00000D+00 -2.53113D-19  0.00000D+00 -7.86878D-19  0.00000D+00   
-1.52670D-18  0.00000D+00 -2.15427D-18 -4.75306D-25 -1.84259D-18 -7.40545D-20   
 1.00515D-18 -4.69587D-16 -1.37330D-15 -1.94658D-14 -2.07602D-14 -2.44384D-13   
-6.37074D-13 -1.27146D-12 -7.51555D-13 -5.28052D-12 -3.91923D-13 -2.09651D-11   
-1.24075D-11 -3.04568D-11  7.21057D-11 -4.74491D-11 -3.17468D-11 -1.42728D-10   
 1.83328D-10 -7.39957D-10  3.57909D-09 -4.10771D-09 -1.19343D-08 -1.41234D-08   
-1.52258D-06 -3.70837D-08  4.26647D-07 -1.03677D-07 -3.33406D-08 -2.84998D-07   
-3.31976D-07 -6.40192D-07 -6.29333D-07 -2.29986D-06 -3.63629D-06 -6.62894D-06   
-5.84912D-06 -1.50113D-05 -1.30366D-05 -2.59437D-05 -2.91598D-05 -3.50217D-05   
-5.54028D-05 -5.41751D-05 -7.62619D-05 -1.44511D-04 -1.07040D-04 -3.13676D-04   
-2.10356D-04 -3.89093D-04 -3.52270D-04 -2.02571D-03 -7.87262D-04 -2.18271D-03   
-2.14562D-03 -4.34646D-03 -4.60448D-03 -9.01947D-03 -9.91894D-03 -1.66167D-02   
-1.58087D-02 -2.75655D-02 -2.34040D-02 -4.81819D-02 -4.91949D-02 -7.75907D-02   
-7.99878D-02 -1.19657D-01 -1.20198D-01 -1.82630D-01 -1.70285D-01 -2.44820D-01   
-2.38574D-01 -3.14618D-01 -3.06305D-01 -3.20919D-01 -3.09596D-01  0.00000D+00   
-6.42815D-24  0.00000D+00 -5.21357D-23  0.00000D+00 -3.26970D-22  0.00000D+00   
-9.93495D-22  0.00000D+00 -4.08608D-21  0.00000D+00 -9.91212D-21  0.00000D+00   
-1.88290D-20 -4.03028D-28 -2.54700D-20 -2.28792D-22 -2.17248D-20 -3.53584D-18   
-8.10288D-18 -2.14749D-16 -2.29755D-16 -3.52320D-15 -9.38414D-15 -2.19775D-14   
-6.65851D-15 -1.07559D-13  2.91706D-14 -4.98641D-13 -3.28011D-12 -7.55272D-13   
 2.07360D-12 -1.23730D-12  2.10758D-12 -4.18839D-12  1.29460D-11 -2.58937D-11   
 2.84978D-10 -1.74737D-10  2.17093D-09 -6.90873D-10 -4.15023D-08 -2.01943D-09   
-2.04444D-08 -6.35255D-09  7.85753D-10 -1.96529D-08 -2.62355D-08 -4.84800D-08   
-5.79799D-08 -1.94982D-07 -3.60568D-07 -6.38359D-07 -5.38373D-07 -1.71080D-06   
-1.34492D-06 -3.43931D-06 -3.60302D-06 -4.12774D-06 -7.98363D-06 -3.25450D-06   
-1.07726D-05 -1.42146D-05 -1.59802D-05 -9.22381D-05 -1.05049D-05 -4.98432D-05   
-2.64998D-04 -3.73036D-04 -7.13387D-05 -5.68323D-04 -3.84036D-04 -1.01433D-03   
-1.04203D-03 -2.03036D-03 -2.63322D-03 -4.17512D-03 -3.85230D-03 -7.98259D-03   
-5.39387D-03 -1.45171D-02 -1.51924D-02 -2.62209D-02 -3.05229D-02 -4.12586D-02   
-4.15516D-02 -6.77509D-02 -5.61789D-02 -9.88001D-02 -8.90498D-02 -1.35348D-01   
-1.51761D-01 -1.39106D-01 -1.19543D-01                                          
