   6.000     0.000            3        46        13                             
  2.91004D-01  1.75559D-02  8.98765D-03  2.00000D-02  3.00000D-02  4.00000D-02  
 6.00000D-02  8.00000D-02  1.00000D-01  1.10000D-01  1.50000D-01  3.00000D-01   
 5.00000D-01  7.50000D-01  1.00000D+00  1.30000D+00  1.70000D+00  1.83000D+00   
 2.00000D+00  2.50000D+00  3.50000D+00  5.00000D+00  6.50000D+00  8.00000D+00   
 1.00000D+01  1.25000D+01  1.50000D+01  2.00000D+01  2.50000D+01  3.00000D+01   
 3.50000D+01  4.00000D+01  4.50000D+01  5.00000D+01  6.00000D+01  7.50000D+01   
 9.00000D+01  1.00000D+02  1.20000D+02  1.50000D+02  1.75000D+02  2.00000D+02   
 2.40000D+02  2.80000D+02  3.30000D+02  3.90000D+02  4.40000D+02  4.95000D+02   
 5.00000D+02  0.00000D+00  9.12681D+00  5.29701D+01  0.00000D+00  3.67483D+01   
 9.50889D+01  0.00000D+00  7.61041D+01  1.25934D+02  0.00000D+00  1.74753D+02   
 1.56216D+02  0.00000D+00  2.78709D+02  1.68065D+02  0.00000D+00  3.75944D+02   
 1.73565D+02  0.00000D+00  4.21621D+02  1.74899D+02  0.00000D+00  5.89253D+02   
 1.73984D+02  2.31089D+04  1.04645D+03  1.58514D+02  3.36341D+04  1.43997D+03   
 1.35352D+02  3.90869D+04  1.73333D+03  1.12175D+02  4.20554D+04  1.93290D+03   
 9.50062D+01  4.40656D+04  2.07770D+03  7.81911D+01  4.53947D+04  2.19357D+03   
 6.31885D+01  4.56333D+04  2.21808D+03  5.91027D+01  4.58566D+04  2.24150D+03   
 5.43346D+01  4.60852D+04  2.28055D+03  4.41735D+01  4.56448D+04  2.29419D+03   
 3.17751D+01  4.42463D+04  2.25452D+03  2.22037D+01  4.26759D+04  2.19393D+03   
 1.68159D+01  4.11651D+04  2.12921D+03  1.33938D+01  3.93413D+04  2.04712D+03   
 1.04366D+01  3.73722D+04  1.95439D+03  8.09236D+00  3.56972D+04  1.87174D+03   
 6.53657D+00  3.30049D+04  1.73603D+03  4.59798D+00  3.09167D+04  1.63052D+03   
 3.51112D+00  2.92225D+04  1.54256D+03  2.84507D+00  2.78059D+04  1.46952D+03   
 2.37638D+00  2.66017D+04  1.40734D+03  2.04337D+00  2.55680D+04  1.35424D+03   
 1.80790D+00  2.46725D+04  1.30839D+03  1.59846D+00  2.31968D+04  1.23158D+03   
 1.27902D+00  2.15232D+04  1.14326D+03  9.81938D-01  2.02660D+04  1.07688D+03   
 8.21812D-01  1.95837D+04  1.04088D+03  7.51959D-01  1.84857D+04  9.82797D+02   
 6.44352D-01  1.73136D+04  9.20660D+02  4.89615D-01  1.66248D+04  8.84378D+02   
 4.30422D-01  1.61211D+04  8.57699D+02  4.23032D-01  1.55909D+04  8.29707D+02   
 4.06232D-01  1.53030D+04  8.14600D+02  3.08203D-01  1.51888D+04  8.08699D+02   
 2.73330D-01  1.53070D+04  8.15209D+02  2.98614D-01  1.55637D+04  8.29001D+02   
 2.80348D-01  1.59753D+04  8.50137D+02  3.13367D-01  1.60183D+04  8.53284D+02   
 2.58393D-01  0.00000D+00  1.00000D+00  1.00000D+00  0.00000D+00  1.00000D+00   
 1.00000D+00  0.00000D+00  1.00000D+00  1.00000D+00  0.00000D+00  1.00000D+00   
 1.00000D+00  0.00000D+00  1.00000D+00  1.00000D+00  0.00000D+00  1.00000D+00   
 1.00000D+00  0.00000D+00  1.00000D+00  1.00000D+00  0.00000D+00  1.00000D+00   
 1.00000D+00  1.00000D+00  1.00000D+00  1.00000D+00  1.00000D+00  1.00000D+00   
 1.00000D+00  1.00000D+00  1.00000D+00  1.00000D+00  1.00000D+00  1.00000D+00   
 1.00000D+00  1.00000D+00  1.00000D+00  1.00000D+00  1.00000D+00  1.00000D+00   
 1.00000D+00  1.00000D+00  1.00000D+00  1.00000D+00  1.00000D+00  1.00000D+00   
 1.00000D+00  1.00000D+00  1.00000D+00  1.00000D+00  1.00000D+00  1.00000D+00   
 1.00000D+00  1.00000D+00  1.00000D+00  1.00000D+00  1.00000D+00  1.00000D+00   
 1.00000D+00  1.00000D+00  1.00000D+00  1.00000D+00  1.00000D+00  1.00000D+00   
 1.00000D+00  1.00000D+00  1.00000D+00  1.00000D+00  1.00000D+00  1.00000D+00   
 1.00000D+00  1.00000D+00  1.00000D+00  1.00000D+00  1.00000D+00  1.00000D+00   
 1.00000D+00  1.00000D+00  1.00000D+00  1.00000D+00  1.00000D+00  1.00000D+00   
 1.00000D+00  1.00000D+00  1.00000D+00  1.00000D+00  1.00000D+00  1.00000D+00   
 1.00000D+00  1.00000D+00  1.00000D+00  1.00000D+00  1.00000D+00  1.00000D+00   
 1.00000D+00  1.00000D+00  1.00000D+00  1.00000D+00  1.00000D+00  1.00000D+00   
 1.00000D+00  1.00000D+00  1.00000D+00  1.00000D+00  1.00000D+00  1.00000D+00   
 1.00000D+00  1.00000D+00  1.00000D+00  1.00000D+00  1.00000D+00  1.00000D+00   
 1.00000D+00  1.00000D+00  1.00000D+00  1.00000D+00  1.00000D+00  1.00000D+00   
 1.00000D+00  1.00000D+00  1.00000D+00  1.00000D+00  1.00000D+00  1.00000D+00   
 1.00000D+00  1.00000D+00  1.00000D+00  1.00000D+00  1.00000D+00  1.00000D+00   
 1.00000D+00  1.00000D+00  1.00000D+00  1.00000D+00  1.00000D+00  1.00000D+00   
 1.00000D+00  0.00000D+00  2.96010D-02  8.83860D-03  0.00000D+00  9.35087D-03   
 1.22542D-02  0.00000D+00 -7.00353D-04  1.57419D-02  0.00000D+00 -5.38724D-03   
 2.37551D-02  0.00000D+00 -2.92467D-03  3.18738D-02  0.00000D+00  1.07076D-03   
 3.88564D-02  0.00000D+00  3.27603D-03  4.18847D-02  0.00000D+00  1.24650D-02   
 5.20117D-02 -4.10119D-03  4.00172D-02  7.81982D-02  4.59503D-02  6.79603D-02   
 1.08082D-01  8.13742D-02  9.53435D-02  1.35181D-01  1.08023D-01  1.17547D-01   
 1.63829D-01  1.34037D-01  1.42129D-01  1.89474D-01  1.62909D-01  1.68641D-01   
 2.21519D-01  1.71326D-01  1.77182D-01  2.31868D-01  1.81737D-01  1.88022D-01   
 2.42547D-01  2.09545D-01  2.14606D-01  2.67775D-01  2.56536D-01  2.61145D-01   
 3.15918D-01  3.14689D-01  3.17883D-01  3.79881D-01  3.64005D-01  3.66832D-01   
 4.34443D-01  4.07385D-01  4.09597D-01  4.84725D-01  4.58659D-01  4.60501D-01   
 5.41985D-01  5.15218D-01  5.16990D-01  6.09968D-01  5.65698D-01  5.68067D-01   
 6.75628D-01  6.53998D-01  6.55317D-01  7.75824D-01  7.30976D-01  7.32483D-01   
 8.44806D-01  8.00281D-01  8.02657D-01  9.03623D-01  8.63444D-01  8.64115D-01   
 9.91009D-01  9.21187D-01  9.20687D-01  1.07876D+00  9.74186D-01  9.73853D-01   
 1.12457D+00  1.02325D+00  1.02323D+00  1.18187D+00  1.11275D+00  1.11392D+00   
 1.28901D+00  1.23157D+00  1.23246D+00  1.39442D+00  1.33600D+00  1.33733D+00   
 1.49605D+00  1.39940D+00  1.40082D+00  1.58922D+00  1.51324D+00  1.51369D+00   
 1.72107D+00  1.65586D+00  1.65626D+00  1.78144D+00  1.75740D+00  1.75721D+00   
 1.85486D+00  1.84404D+00  1.84386D+00  1.98972D+00  1.96117D+00  1.96082D+00   
 2.16076D+00  2.05505D+00  2.05526D+00  2.12993D+00  2.14764D+00  2.14783D+00   
 2.15493D+00  2.22949D+00  2.22997D+00  2.25960D+00  2.27896D+00  2.27976D+00   
 2.28317D+00  2.31848D+00  2.31697D+00  2.31898D+00  2.32135D+00  2.32288D+00   
 2.22751D+00  0.00000D+00 -9.99594D-01 -6.38813D-01  0.00000D+00 -9.99634D-01   
-7.21463D-01  0.00000D+00 -9.99733D-01 -7.51288D-01  0.00000D+00 -9.99900D-01   
-7.60738D-01  0.00000D+00 -1.00000D+00 -7.44801D-01  0.00000D+00 -1.00005D+00   
-7.18524D-01  0.00000D+00 -1.00005D+00 -7.03494D-01  0.00000D+00 -9.99975D-01   
-6.40896D-01 -1.00000D+00 -9.99012D-01 -4.71788D-01 -9.98580D-01 -9.97229D-01   
-3.46876D-01 -9.95895D-01 -9.94448D-01 -2.67459D-01 -9.92925D-01 -9.91757D-01   
-2.13458D-01 -9.89198D-01 -9.87914D-01 -1.64700D-01 -9.84098D-01 -9.83077D-01   
-1.20264D-01 -9.82423D-01 -9.81459D-01 -1.04721D-01 -9.80229D-01 -9.79112D-01   
-8.68461D-02 -9.73745D-01 -9.72376D-01 -5.62974D-02 -9.60725D-01 -9.59078D-01   
-1.08866D-02 -9.41032D-01 -9.39526D-01  2.51460D-02 -9.21168D-01 -9.19729D-01   
 5.88696D-02 -9.01262D-01 -8.99930D-01  9.46245D-02 -8.74806D-01 -8.73771D-01   
 1.30225D-01 -8.41946D-01 -8.41523D-01  1.76181D-01 -8.09348D-01 -8.07669D-01   
 2.25360D-01 -7.45011D-01 -7.43272D-01  3.19541D-01 -6.81567D-01 -6.81485D-01   
 3.99330D-01 -6.18505D-01 -6.16234D-01  4.53620D-01 -5.55702D-01 -5.52396D-01   
 4.91528D-01 -4.93525D-01 -4.94431D-01  5.93836D-01 -4.32523D-01 -4.34108D-01   
 7.32700D-01 -3.73012D-01 -3.73580D-01  7.96056D-01 -2.57935D-01 -2.56528D-01   
 9.38643D-01 -9.07718D-02 -9.00866D-02  1.00710D+00  7.13430D-02  7.24621D-02   
 1.19741D+00  1.76036D-01  1.78480D-01  1.37932D+00  3.77868D-01  3.80364D-01   
 1.65547D+00  6.58530D-01  6.58626D-01  1.70249D+00  8.72263D-01  8.72425D-01   
 1.83248D+00  1.06882D+00  1.06761D+00  2.19767D+00  1.35062D+00  1.35002D+00   
 2.57756D+00  1.59454D+00  1.59461D+00  2.41121D+00  1.85304D+00  1.85337D+00   
 2.41099D+00  2.10208D+00  2.10289D+00  2.89223D+00  2.26677D+00  2.26796D+00   
 2.77764D+00  2.41092D+00  2.40890D+00  3.04542D+00  2.42234D+00  2.42496D+00   
 2.71447D+00  0.00000D+00 -2.95995D-02 -3.44247D-03  0.00000D+00 -9.34769D-03   
-6.57747D-03  0.00000D+00  7.03735D-04 -9.70691D-03  0.00000D+00  5.38989D-03   
-1.66413D-02  0.00000D+00  2.92618D-03 -2.32544D-02  0.00000D+00 -1.07055D-03   
-2.85265D-02  0.00000D+00 -3.27646D-03 -3.06631D-02  0.00000D+00 -1.24669D-02   
-3.69459D-02  4.10120D-03 -3.99996D-02 -4.74030D-02 -4.59143D-02 -6.78729D-02   
-5.78395D-02 -8.12091D-02 -9.50909D-02 -6.34977D-02 -1.07658D-01 -1.17090D-01   
-7.38001D-02 -1.33355D-01 -1.41344D-01 -7.80476D-02 -1.61698D-01 -1.67290D-01   
-8.73851D-02 -1.69919D-01 -1.75661D-01 -8.96856D-02 -1.80059D-01 -1.86250D-01   
-8.98142D-02 -2.06980D-01 -2.11797D-01 -9.15636D-02 -2.51849D-01 -2.56151D-01   
-9.46266D-02 -3.06087D-01 -3.08791D-01 -1.04919D-01 -3.50730D-01 -3.53114D-01   
-1.14397D-01 -3.88784D-01 -3.90671D-01 -1.18402D-01 -4.32098D-01 -4.33837D-01   
-1.24406D-01 -4.77525D-01 -4.79083D-01 -1.20687D-01 -5.15734D-01 -5.17305D-01   
-1.20128D-01 -5.76618D-01 -5.76903D-01 -1.01759D-01 -6.22962D-01 -6.24659D-01   
-6.01678D-02 -6.58773D-01 -6.61627D-01 -3.84316D-02 -6.85758D-01 -6.82474D-01   
-3.33361D-02 -7.04863D-01 -7.02810D-01 -2.32066D-02 -7.17175D-01 -7.18904D-01   
 3.27180D-02 -7.24047D-01 -7.26555D-01  1.61098D-01 -7.26253D-01 -7.26140D-01   
 2.48542D-01 -7.07902D-01 -7.07998D-01  3.15447D-01 -6.65829D-01 -6.66635D-01   
 4.60413D-01 -6.27749D-01 -6.27783D-01  6.38286D-01 -5.34686D-01 -5.32286D-01   
 1.00894D+00 -3.59839D-01 -3.58172D-01  9.57754D-01 -1.97147D-01 -1.97703D-01   
 1.06409D+00 -3.07045D-02 -3.23860D-02  1.54816D+00  2.41349D-01  2.40118D-01   
 2.19754D+00  5.03428D-01  5.03503D-01  1.86864D+00  8.10116D-01  8.10252D-01   
 1.73765D+00  1.13224D+00  1.13340D+00  2.54621D+00  1.36082D+00  1.36340D+00   
 2.25252D+00  1.57335D+00  1.56782D+00  3.21592D+00  1.59068D+00  1.59498D+00   
 2.05514D+00  0.00000D+00 -4.02061D-04 -1.21116D-05  0.00000D+00 -3.65024D-04   
-4.46159D-05  0.00000D+00 -2.66333D-04 -8.64729D-05  0.00000D+00 -9.91437D-05   
-2.13612D-04  0.00000D+00  8.59618D-07 -3.96256D-04  0.00000D+00  4.77399D-05   
-6.12380D-04  0.00000D+00  5.32437D-05 -7.26190D-04  0.00000D+00 -2.42147D-05   
-1.18181D-03  1.71079D-06 -9.87006D-04 -2.47641D-03 -1.41814D-03 -2.76749D-03   
-4.45167D-03 -4.09858D-03 -5.54164D-03 -6.33463D-03 -7.05751D-03 -8.21876D-03   
-8.96825D-03 -1.07639D-02 -1.20406D-02 -1.21821D-02 -1.58215D-02 -1.68276D-02   
-1.55341D-02 -1.74782D-02 -1.84274D-02 -1.75099D-02 -1.96466D-02 -2.07525D-02   
-1.97149D-02 -2.60370D-02 -2.73828D-02 -2.16040D-02 -3.87914D-02 -4.04277D-02   
-2.89032D-02 -5.78849D-02 -5.93487D-02 -3.85141D-02 -7.69061D-02 -7.83590D-02   
-4.85807D-02 -9.57224D-02 -9.71578D-02 -6.48834D-02 -1.20347D-01 -1.21473D-01   
-7.63678D-02 -1.50327D-01 -1.50352D-01 -8.43121D-02 -1.79399D-01 -1.81412D-01   
-1.04090D-01 -2.34810D-01 -2.34832D-01 -1.31027D-01 -2.86925D-01 -2.87600D-01   
-1.39957D-01 -3.36348D-01 -3.39760D-01 -1.49824D-01 -3.83232D-01 -3.85132D-01   
-1.76114D-01 -4.27217D-01 -4.24228D-01 -1.74957D-01 -4.67777D-01 -4.64875D-01   
-2.11089D-01 -5.04716D-01 -5.08260D-01 -2.46130D-01 -5.69175D-01 -5.68489D-01   
 3.72983D-02 -6.49820D-01 -6.49972D-01 -1.45664D-01 -7.12345D-01 -7.13919D-01   
-2.16323D-01 -7.42520D-01 -7.43681D-01  1.70314D-02 -7.81894D-01 -7.82649D-01   
 3.36879D-01 -7.96495D-01 -7.92915D-01  1.44138D-01 -7.61720D-01 -7.61514D-01   
 3.61826D-02 -7.12781D-01 -7.17270D-01  6.49149D-01 -5.92817D-01 -5.94222D-01   
 1.44865D+00 -4.48085D-01 -4.47610D-01  8.25270D-01 -2.42887D-01 -2.43308D-01   
 4.74373D-01  4.70650D-03  5.72798D-03  1.88552D+00  2.01007D-01  2.04106D-01   
 1.18549D+00  4.00140D-01  3.93492D-01  2.84638D+00  4.17087D-01  4.22725D-01   
 9.86052D-01  0.00000D+00 -1.53266D-06 -1.71704D-08  0.00000D+00 -3.18273D-06   
-2.57907D-07  0.00000D+00 -3.38320D-06 -6.74440D-07  0.00000D+00 -2.65422D-06   
-2.31548D-06  0.00000D+00 -1.51243D-06 -5.38102D-06  0.00000D+00 -2.09651D-07   
-1.00159D-05  0.00000D+00  4.21816D-07 -1.29094D-05  0.00000D+00  1.91260D-06   
-2.77881D-05 -1.15039D-08 -1.76136D-05 -9.79187D-05 -3.59898D-05 -8.72856D-05   
-2.35474D-04 -1.64904D-04 -2.52254D-04 -4.60339D-04 -3.64643D-04 -4.56399D-04   
-7.01111D-04 -6.80097D-04 -7.81529D-04 -1.26704D-03 -1.20717D-03 -1.34636D-03   
-1.70755D-03 -1.40117D-03 -1.51432D-03 -1.99309D-03 -1.66963D-03 -1.76229D-03   
-2.55345D-03 -2.54866D-03 -2.79168D-03 -3.37741D-03 -4.64278D-03 -4.95619D-03   
-6.05081D-03 -8.47959D-03 -8.99302D-03 -9.53907D-03 -1.30248D-02 -1.35171D-02   
-1.33154D-02 -1.81627D-02 -1.85153D-02 -2.00320D-02 -2.57691D-02 -2.58574D-02   
-2.75017D-02 -3.62737D-02 -3.63993D-02 -3.42736D-02 -4.76929D-02 -4.87924D-02   
-5.06639D-02 -7.26701D-02 -7.38697D-02 -7.04921D-02 -9.97982D-02 -9.96182D-02   
-8.20030D-02 -1.28641D-01 -1.27511D-01 -1.09796D-01 -1.58956D-01 -1.63185D-01   
-1.42892D-01 -1.90453D-01 -1.92316D-01 -1.46555D-01 -2.22651D-01 -2.17048D-01   
-1.64508D-01 -2.54947D-01 -2.54367D-01 -2.35353D-01 -3.18176D-01 -3.19386D-01   
-2.26054D-01 -4.09919D-01 -4.10362D-01 -3.37331D-01 -5.00811D-01 -5.02559D-01   
-3.86190D-01 -5.58271D-01 -5.58841D-01 -3.92515D-01 -6.61060D-01 -6.62042D-01   
-4.04534D-02 -7.96785D-01 -7.97145D-01 -4.09688D-01 -8.78032D-01 -8.75038D-01   
-6.17263D-01 -9.36406D-01 -9.42496D-01 -1.83957D-01 -9.97133D-01 -9.95815D-01   
 6.37499D-01 -1.01683D+00 -1.01594D+00 -1.26829D-01 -9.93343D-01 -9.93720D-01   
-7.88850D-01 -9.23651D-01 -9.23150D-01  7.29430D-01 -8.43345D-01 -8.40075D-01   
-2.90194D-01 -7.41227D-01 -7.49530D-01  2.52815D+00 -7.31634D-01 -7.25342D-01   
-6.76142D-01  0.00000D+00 -4.18575D-09  1.55844D-10  0.00000D+00 -2.15477D-08   
-1.25968D-09  0.00000D+00 -3.24225D-08 -4.70803D-09  0.00000D+00 -4.17134D-08   
-2.25037D-08  0.00000D+00 -4.00198D-08 -6.43076D-08  0.00000D+00 -2.72959D-08   
-1.40993D-07  0.00000D+00 -1.70997D-08 -1.95659D-07  0.00000D+00  3.67523D-08   
-5.41321D-07 -9.80298D-11 -1.92413D-07 -3.27723D-06 -8.11197D-07 -2.40586D-06   
-9.98606D-06 -5.80095D-06 -9.53095D-06 -2.80820D-05 -1.63641D-05 -2.31190D-05   
-4.36152D-05 -3.71499D-05 -4.35103D-05 -9.74624D-05 -7.93729D-05 -9.37858D-05   
-1.62551D-04 -9.67359D-05 -1.11727D-04 -1.74878D-04 -1.22141D-04 -1.32974D-04   
-2.23125D-04 -2.14637D-04 -2.37800D-04 -4.76671D-04 -4.78162D-04 -4.88627D-04   
-1.03500D-03 -1.06869D-03 -1.11406D-03 -2.23170D-03 -1.89571D-03 -1.88890D-03   
-3.78163D-03 -2.95952D-03 -2.86007D-03 -3.96545D-03 -4.73749D-03 -4.64354D-03   
-7.95734D-03 -7.51472D-03 -7.89787D-03 -1.44510D-02 -1.08847D-02 -1.06188D-02   
-2.19991D-02 -1.93089D-02 -2.11061D-02 -2.49886D-02 -2.98185D-02 -2.91719D-02   
-2.86195D-02 -4.22611D-02 -4.08459D-02 -5.35388D-02 -5.65470D-02 -5.81056D-02   
-7.59886D-02 -7.26154D-02 -7.49061D-02 -7.00236D-02 -9.03809D-02 -9.02006D-02   
-8.45528D-02 -1.09655D-01 -1.06139D-01 -1.13785D-01 -1.51624D-01 -1.53807D-01   
-2.43182D-01 -2.20087D-01 -2.20490D-01  4.10427D-02 -2.95684D-01 -2.95915D-01   
-4.22157D-01 -3.50038D-01 -3.50906D-01 -3.84262D-01 -4.61181D-01 -4.61824D-01   
-6.85962D-02 -6.29534D-01 -6.32585D-01 -4.36184D-01 -7.71814D-01 -7.70441D-01   
-9.07845D-01 -8.95750D-01 -8.95294D-01 -5.64277D-01 -1.07971D+00 -1.07732D+00   
 3.28948D-01 -1.22824D+00 -1.22780D+00 -6.23140D-01 -1.36864D+00 -1.36846D+00   
-1.56361D+00 -1.47397D+00 -1.47414D+00  3.60056D-01 -1.51692D+00 -1.51578D+00   
-1.13811D+00 -1.52550D+00 -1.52865D+00  2.00741D+00 -1.52470D+00 -1.52116D+00   
-1.48264D+00  0.00000D+00 -9.69918D-12  1.74858D-12  0.00000D+00 -1.27323D-10   
-2.13103D-12  0.00000D+00 -2.66825D-10 -1.85871D-11  0.00000D+00 -5.19460D-10   
-1.40671D-10  0.00000D+00 -6.98860D-10 -5.15792D-10  0.00000D+00 -7.30033D-10   
-1.36062D-09  0.00000D+00 -6.68125D-10 -2.03970D-09  0.00000D+00  1.84280D-10   
-7.36756D-09 -5.37336D-13  9.07494D-10 -7.90178D-08 -1.68794D-08 -5.41295D-08   
-3.22158D-07 -1.86566D-07 -3.89305D-07 -1.20314D-06 -6.68505D-07 -1.33346D-06   
-2.39999D-06 -1.84114D-06 -3.02035D-06 -5.29963D-06 -4.72163D-06 -4.37486D-06   
-1.38007D-05 -6.03779D-06 -6.25240D-06 -1.43205D-05 -8.07255D-06 -1.00216D-05   
-1.47622D-05 -1.63114D-05 -1.67119D-05 -5.09774D-05 -4.43974D-05 -3.85836D-05   
-1.04550D-04 -1.21401D-04 -9.91138D-05 -3.33356D-04 -2.48290D-04 -2.00168D-04   
-3.42154D-04 -4.33415D-04 -4.05999D-04 -8.90533D-05 -7.81478D-04 -7.94066D-04   
-5.18095D-04 -1.39483D-03 -1.48157D-03 -2.77373D-03 -2.22242D-03 -1.93903D-03   
-5.06689D-03 -4.57535D-03 -4.43101D-03 -7.46235D-03 -7.92461D-03 -7.91365D-03   
-9.89308D-03 -1.23217D-02 -1.28907D-02 -1.95225D-02 -1.78075D-02 -1.75731D-02   
-2.90510D-02 -2.44198D-02 -2.41557D-02 -3.05124D-02 -3.22000D-02 -3.52543D-02   
-3.57993D-02 -4.11793D-02 -3.93369D-02 -5.28142D-02 -6.26336D-02 -6.27510D-02   
-1.28288D-01 -1.02062D-01 -1.02377D-01 -1.28291D-02 -1.49009D-01 -1.48054D-01   
-2.44898D-01 -1.85306D-01 -1.85938D-01 -2.58691D-01 -2.68310D-01 -2.69690D-01   
-1.23307D-01 -4.06499D-01 -4.07808D-01 -3.83762D-01 -5.37939D-01 -5.39073D-01   
-7.12285D-01 -6.69801D-01 -6.65254D-01 -5.99616D-01 -8.79250D-01 -8.78571D-01   
-7.48537D-02 -1.07575D+00 -1.07553D+00 -8.18172D-01 -1.29789D+00 -1.29721D+00   
-1.56205D+00 -1.51325D+00 -1.51368D+00 -3.66588D-01 -1.64954D+00 -1.65059D+00   
-1.55463D+00 -1.75756D+00 -1.75574D+00  1.14430D+00 -1.76522D+00 -1.76476D+00   
-1.89560D+00  0.00000D+00 -2.11853D-14  1.15506D-14  0.00000D+00 -6.05217D-13   
 7.31017D-15  0.00000D+00 -1.69916D-12 -6.62607D-14  0.00000D+00 -4.71476D-12   
-8.79277D-13  0.00000D+00 -8.22629D-12 -4.09646D-12  0.00000D+00 -1.10744D-11   
-1.29173D-11  0.00000D+00 -1.17423D-11 -2.07495D-11  0.00000D+00 -4.29763D-12   
-9.66047D-11 -5.37253D-15  8.85401D-11 -1.71714D-09 -3.27596D-10 -9.27972D-10   
-1.15895D-08 -5.17064D-09 -1.35447D-08 -4.39951D-08 -2.28616D-08 -5.89927D-08   
-1.00488D-07 -7.50491D-08 -1.57396D-07 -1.34525D-07 -2.27989D-07 -1.59482D-07   
-8.67218D-07 -3.04962D-07 -2.82337D-07 -1.21258D-06 -4.30265D-07 -5.88517D-07   
-1.14752D-06 -9.91987D-07 -9.55298D-07 -2.90309D-06 -3.26825D-06 -2.47679D-06   
-1.40591D-06 -1.08555D-05 -7.19557D-06  2.91829D-06 -2.55120D-05 -1.72739D-05   
 3.54281D-04 -4.96797D-05 -4.54330D-05  2.50100D-04 -1.00667D-04 -1.04482D-04   
 1.12790D-04 -2.01734D-04 -2.16244D-04  3.73573D-04 -3.52998D-04 -2.84346D-04   
-7.33372D-04 -8.41329D-04 -7.57330D-04 -1.85902D-03 -1.63106D-03 -1.64595D-03   
-1.94015D-03 -2.77829D-03 -3.03388D-03 -5.32675D-03 -4.33361D-03 -4.18340D-03   
-8.73814D-03 -6.34463D-03 -6.12965D-03 -8.81945D-03 -8.86185D-03 -1.02088D-02   
-1.03684D-02 -1.19385D-02 -1.12725D-02 -1.63195D-02 -1.99060D-02 -1.98240D-02   
-5.26431D-02 -3.62226D-02 -3.63635D-02  1.96760D-04 -5.74982D-02 -5.68996D-02   
-1.12203D-01 -7.51128D-02 -7.54212D-02 -1.28835D-01 -1.18958D-01 -1.19843D-01   
-4.98596D-02 -1.99653D-01 -2.00227D-01 -2.31637D-01 -2.84181D-01 -2.85387D-01   
-4.45720D-01 -3.77357D-01 -3.73653D-01 -4.19978D-01 -5.37389D-01 -5.37463D-01   
-8.96521D-02 -7.04174D-01 -7.03956D-01 -6.81969D-01 -9.13889D-01 -9.13193D-01   
-1.23395D+00 -1.14528D+00 -1.14568D+00 -3.95782D-01 -1.31423D+00 -1.31559D+00   
-1.43105D+00 -1.47149D+00 -1.46784D+00  6.81480D-01 -1.48427D+00 -1.48464D+00   
-1.66603D+00  0.00000D+00 -7.27907D-17  7.63975D-17  0.00000D+00 -2.85330D-15   
 2.21761D-16  0.00000D+00 -1.06932D-14  2.62291D-16  0.00000D+00 -4.43559D-14   
-2.22525D-15  0.00000D+00 -1.04440D-13 -1.77921D-14  0.00000D+00 -1.87299D-13   
-7.47590D-14  0.00000D+00 -2.34559D-13 -1.31347D-13  0.00000D+00 -3.74021D-13   
-8.69711D-13 -1.71081D-17  1.40761D-12 -2.85783D-11 -4.89202D-12 -1.27826D-11   
-3.73697D-10 -1.16334D-10 -3.78739D-10 -1.34222D-09 -6.46631D-10 -2.06835D-09   
-3.20141D-09 -2.55858D-09 -6.56770D-09  3.61505D-09 -9.28110D-09 -4.52189D-09   
-4.41619D-08 -1.30092D-08 -1.08117D-08 -8.84909D-08 -1.94067D-08 -2.88299D-08   
-8.65843D-08 -5.12604D-08 -4.60782D-08 -1.04257D-07 -2.05296D-07 -1.30752D-07   
 6.84857D-07 -8.30337D-07 -4.15601D-07  4.67803D-06 -2.24491D-06 -1.21309D-06   
 9.15248D-05 -4.88061D-06 -4.33396D-06  7.04695D-05 -1.11229D-05 -1.17607D-05   
 4.41367D-05 -2.50422D-05 -2.71686D-05  2.21012D-04 -4.81429D-05 -3.50695D-05   
-6.89299D-05 -1.32890D-04 -1.10687D-04 -3.99566D-04 -2.88299D-04 -2.93219D-04   
-2.32198D-04 -5.37629D-04 -6.11139D-04 -1.22693D-03 -9.04582D-04 -8.54853D-04   
-2.26916D-03 -1.41369D-03 -1.33926D-03 -2.15274D-03 -2.09197D-03 -2.51855D-03   
-2.43433D-03 -2.96953D-03 -2.76191D-03 -3.53055D-03 -5.42702D-03 -5.37472D-03   
-2.34594D-02 -1.10057D-02 -1.10572D-02  3.75162D-03 -1.89600D-02 -1.86782D-02   
-4.63436D-02 -2.59923D-02 -2.61127D-02 -5.53341D-02 -4.49492D-02 -4.54159D-02   
-8.23238D-03 -8.33696D-02 -8.35955D-02 -1.16094D-01 -1.27569D-01 -1.28351D-01   
-2.29676D-01 -1.80206D-01 -1.77705D-01 -2.35451D-01 -2.77597D-01 -2.77629D-01   
-6.34306D-02 -3.88125D-01 -3.87861D-01 -4.44422D-01 -5.39771D-01 -5.39039D-01   
-7.81384D-01 -7.23822D-01 -7.23972D-01 -4.24332D-01 -8.71030D-01 -8.72263D-01   
-1.09023D+00 -1.02141D+00 -1.01829D+00  4.58070D-01 -1.03415D+00 -1.03406D+00   
-1.29245D+00  0.00000D+00 -1.66018D-19  3.37324D-19  0.00000D+00 -1.05782D-17   
 1.58446D-18  0.00000D+00 -5.14260D-17  3.91784D-18  0.00000D+00 -2.95920D-16   
 7.61569D-18  0.00000D+00 -8.92860D-16 -1.98967D-17  0.00000D+00 -1.99701D-15   
-2.26131D-16  0.00000D+00 -2.79251D-15 -4.47087D-16  0.00000D+00 -7.10625D-15   
-5.07301D-15 -4.52728D-20  8.97330D-15 -3.27003D-13 -6.18287D-14 -1.37352D-13   
-1.10262D-11 -2.25299D-12 -9.14645D-12 -2.91361D-11 -1.57984D-11 -6.56438D-11   
-8.64940D-11 -7.55066D-11 -2.31124D-10  6.85563D-10 -3.27844D-10 -3.75338D-11   
-2.17949D-09 -4.81881D-10 -3.36058D-10 -5.77174D-09 -7.60739D-10 -1.24075D-09   
-6.59333D-09 -2.30773D-09 -1.82480D-09  3.34798D-10 -1.12725D-08 -5.34336D-09   
 1.45702D-07 -5.56335D-08 -1.37913D-08  8.51259D-07 -1.73054D-07 -6.03875D-08   
 1.51602D-05 -4.20089D-07 -3.60060D-07  1.39198D-05 -1.07712D-06 -1.16213D-06   
 9.98514D-06 -2.72554D-06 -3.07160D-06  5.10082D-05 -5.75837D-06 -3.59118D-06   
-1.90048D-06 -1.84230D-05 -1.44732D-05 -7.47334D-05 -4.47680D-05 -4.61469D-05   
-1.86955D-06 -9.13997D-05 -1.07237D-04 -2.44347D-04 -1.65689D-04 -1.50920D-04   
-4.84971D-04 -2.75973D-04 -2.53446D-04 -4.03830D-04 -4.32309D-04 -5.43469D-04   
-4.53136D-04 -6.46891D-04 -5.90777D-04 -1.12237D-03 -1.29981D-03 -1.27694D-03   
-1.08722D-02 -2.93918D-03 -2.95339D-03  9.71415D-03 -5.48418D-03 -5.36475D-03   
-1.22453D-02 -7.88742D-03 -7.91426D-03 -1.74343D-02 -1.48739D-02 -1.50714D-02   
 3.33002D-03 -3.04756D-02 -3.05470D-02 -4.66067D-02 -5.00367D-02 -5.04390D-02   
-9.20700D-02 -7.51967D-02 -7.39958D-02 -1.14439D-01 -1.25083D-01 -1.25320D-01   
-2.16010D-02 -1.86577D-01 -1.86189D-01 -2.50327D-01 -2.77493D-01 -2.76855D-01   
-3.76926D-01 -3.97197D-01 -3.97031D-01 -1.73450D-01 -5.00348D-01 -5.00636D-01   
-5.89872D-01 -6.12354D-01 -6.10399D-01  1.09286D-01 -6.22397D-01 -6.21309D-01   
-6.41491D-01  0.00000D+00 -2.74699D-22  1.18806D-21  0.00000D+00 -3.24419D-20   
 8.55060D-21  0.00000D+00 -2.06643D-19  3.09437D-20  0.00000D+00 -1.61665D-18   
 1.86428D-19  0.00000D+00 -5.96064D-18  7.13065D-19  0.00000D+00 -1.57106D-17   
 1.60908D-18  0.00000D+00 -2.38737D-17  2.73772D-18  0.00000D+00 -8.34625D-17   
-3.16790D-18 -1.02145D-22 -1.48248D-16 -6.02803D-17 -6.61544D-16 -3.70682D-16   
-2.98777D-13 -3.70328D-14 -1.81929D-13 -1.45293D-13 -3.27753D-13 -2.08467D-12   
-1.93919D-12 -1.88982D-12 -7.73330D-12  4.63565D-11 -9.80750D-12  5.94741D-12   
-7.21631D-11 -1.51102D-11 -3.50365D-12 -3.16662D-10 -2.52442D-11 -5.25334D-11   
-4.54381D-10 -8.79743D-11 -5.25069D-11  1.29585D-09 -5.25007D-10 -1.47359D-10   
 2.28062D-08 -3.17000D-09  2.02073D-10  1.81131D-07 -1.13432D-08 -1.36967D-09   
 3.18104D-06 -3.07370D-08 -2.35827D-08  2.30036D-06 -8.86549D-08 -9.91012D-08   
 2.00439D-06 -2.52203D-07 -2.94224D-07  1.37775D-05 -5.85623D-07 -2.54341D-07   
 8.32750D-06 -2.17135D-06 -2.02648D-07 -1.27125D-05 -5.91757D-06 -6.12887D-06   
 8.00314D-06 -1.32520D-05 -1.49850D-05 -3.21288D-05 -2.58995D-05 -2.14322D-05   
-6.53726D-05 -4.58844D-05 -3.73502D-05 -5.54784D-05 -7.58110D-05 -1.06007D-04   
-1.90142D-05 -1.19275D-04 -1.04203D-04 -2.51278D-04 -2.64392D-04 -2.53189D-04   
-5.60045D-04 -6.72529D-04 -6.78041D-04 -6.31021D-03 -1.34786D-03 -1.30554D-03   
-2.60495D-03 -2.03150D-03 -2.04107D-03 -3.36576D-03 -4.21971D-03 -4.27927D-03   
 2.74770D-03 -9.35633D-03 -9.41136D-03 -1.93320D-02 -1.67576D-02 -1.70144D-02   
-2.23718D-02 -2.67703D-02 -2.60399D-02 -3.09901D-02 -4.81652D-02 -4.81207D-02   
-2.76271D-02 -7.61878D-02 -7.59703D-02 -1.06474D-01 -1.21223D-01 -1.20583D-01   
-8.46274D-02 -1.84702D-01 -1.84402D-01 -1.69640D-01 -2.42984D-01 -2.43145D-01   
-1.87384D-01 -3.10545D-01 -3.09638D-01 -1.69367D-02 -3.16615D-01 -3.15049D-01   
-1.64021D-01  0.00000D+00 -2.98375D-25  2.65585D-24  0.00000D+00 -7.11137D-23   
 2.60767D-23  0.00000D+00 -5.98974D-22  1.14713D-22  0.00000D+00 -6.38861D-21   
 8.73532D-22  0.00000D+00 -2.84513D-20  4.41180D-21  0.00000D+00 -8.62871D-20   
 1.17795D-20  0.00000D+00 -1.40750D-19  1.86509D-20  0.00000D+00 -6.32631D-19   
-6.55398D-20 -1.66373D-25 -3.76790D-18  7.26711D-17 -5.15748D-18  1.51657D-17   
-7.37238D-15 -4.43854D-16 -3.66340D-15 -2.32006D-15 -4.95689D-15 -4.20855D-14   
 2.54935D-13 -3.44551D-14 -2.30623D-13  1.81474D-12 -2.13369D-13  5.21668D-13   
 1.14853D-12 -3.44261D-13  5.41727D-13 -1.20830D-11 -6.08205D-13 -1.88549D-12   
-1.96527D-11 -2.43220D-12 -7.01106D-13  1.49623D-10 -1.77229D-11 -1.87812D-12   
 1.70529D-09 -1.31390D-10 -6.02920D-13  2.52589D-08 -5.41289D-10  2.92545D-14   
 6.02719D-07 -1.63941D-09 -1.45739D-09  2.33346D-07 -5.31879D-09 -7.47757D-09   
 1.13466D-07 -1.70349D-08 -1.55024D-08  3.91189D-06 -4.35350D-08 -2.31636D-09   
 4.08750D-06 -1.87314D-07  3.63316D-08 -1.98330D-06 -5.73571D-07 -7.20752D-07   
 4.58437D-06 -1.41462D-06 -2.69422D-06 -4.34819D-06 -2.99699D-06 -1.89620D-06   
-7.30054D-06 -5.66907D-06 -3.02112D-06 -6.19665D-06 -9.86578D-06 -1.90285D-05   
 6.26363D-06 -1.62378D-05 -1.51610D-05  2.52988D-05 -3.95356D-05 -3.32213D-05   
 2.59875D-05 -1.16547D-04 -1.18740D-04  6.14874D-03 -2.52043D-04 -2.35002D-04   
 7.68920D-04 -3.90804D-04 -3.90827D-04 -8.07860D-04 -9.07013D-04 -9.49282D-04   
 2.60017D-03 -2.27448D-03 -2.19503D-03 -5.25820D-03 -4.12336D-03 -4.29899D-03   
-1.17895D-03 -7.54110D-03 -7.27114D-03 -8.55123D-03 -1.44168D-02 -1.48127D-02   
-2.24772D-03 -2.49007D-02 -2.46111D-02 -3.59652D-02 -4.29016D-02 -4.24418D-02   
-8.43893D-03 -7.05572D-02 -6.97816D-02 -3.72376D-02 -9.76853D-02 -9.68889D-02   
-7.35443D-02 -1.31126D-01 -1.31633D-01 -3.67874D-02 -1.34430D-01 -1.31391D-01   
-8.08702D-02                                                                    
