  29.000      .000           10        47        13
  8.94363D+00  1.08624D+00  9.58631D-01  9.37481D-01  1.21307D-01  8.05414D-02 
 7.78514D-02  1.00855D-02  9.77876D-03  7.11396D-03  2.00000D-02  2.59300D-02 
 3.36170D-02  4.35850D-02  5.65070D-02  7.32600D-02  8.17440D-02  8.45680D-02 
 9.49810D-02  1.23140D-01  1.27370D-01  1.59650D-01  2.06990D-01  2.68350D-01 
 3.47920D-01  4.51070D-01  5.84800D-01  7.58190D-01  9.82980D-01  9.84360D-01 
 1.00660D+00  1.14060D+00  1.27440D+00  1.65230D+00  2.14210D+00  2.77730D+00 
 3.60070D+00  4.66820D+00  6.05230D+00  7.84670D+00  9.39080D+00  1.01730D+01 
 1.31890D+01  1.71000D+01  2.21700D+01  2.87430D+01  3.72640D+01  4.83130D+01 
 6.26370D+01  8.12080D+01  1.05280D+02  1.36500D+02  1.76970D+02  2.29440D+02 
 2.97460D+02  3.85660D+02  5.00000D+02  0.00000D+00  0.00000D+00  0.00000D+00 
 0.00000D+00  0.00000D+00  0.00000D+00  0.00000D+00  2.26016D+01  3.53637D+01 
 1.73585D-01  0.00000D+00  0.00000D+00  0.00000D+00  0.00000D+00  0.00000D+00 
 0.00000D+00  0.00000D+00  5.69432D+01  8.82711D+01  6.19862D-01  0.00000D+00 
 0.00000D+00  0.00000D+00  0.00000D+00  0.00000D+00  0.00000D+00  0.00000D+00 
 1.40632D+02  2.16002D+02  1.49295D+00  0.00000D+00  0.00000D+00  0.00000D+00 
 0.00000D+00  0.00000D+00  0.00000D+00  0.00000D+00  3.35561D+02  5.10853D+02 
 3.05533D+00  0.00000D+00  0.00000D+00  0.00000D+00  0.00000D+00  0.00000D+00 
 0.00000D+00  0.00000D+00  7.43843D+02  1.12313D+03  5.76982D+00  0.00000D+00 
 0.00000D+00  0.00000D+00  0.00000D+00  0.00000D+00  0.00000D+00  0.00000D+00 
 1.47663D+03  2.21454D+03  1.03845D+01  0.00000D+00  0.00000D+00  0.00000D+00 
 0.00000D+00  0.00000D+00  2.35827D+02  4.45486D+02  1.90853D+03  2.85578D+03 
 1.31422D+01  0.00000D+00  0.00000D+00  0.00000D+00  0.00000D+00  0.00000D+00 
 2.33755D+02  4.23284D+02  2.05958D+03  3.07982D+03  1.41150D+01  0.00000D+00 
 0.00000D+00  0.00000D+00  0.00000D+00  0.00000D+00  1.88782D+02  3.47939D+02 
 2.64427D+03  3.94615D+03  1.79094D+01  0.00000D+00  0.00000D+00  0.00000D+00 
 0.00000D+00  4.63878D+02  2.88481D+02  6.69622D+02  4.37149D+03  6.49808D+03 
 2.93952D+01  0.00000D+00  0.00000D+00  0.00000D+00  0.00000D+00  5.31436D+02 
 3.36587D+02  7.80761D+02  4.63709D+03  6.88962D+03  3.12324D+01  0.00000D+00 
 0.00000D+00  0.00000D+00  0.00000D+00  1.01990D+03  9.01643D+02  1.99754D+03 
 6.56595D+03  9.72694D+03  4.59254D+01  0.00000D+00  0.00000D+00  0.00000D+00 
 0.00000D+00  1.96983D+03  2.18778D+03  4.63456D+03  8.90573D+03  1.31583D+04 
 6.93806D+01  0.00000D+00  0.00000D+00  0.00000D+00  0.00000D+00  3.42607D+03 
 4.27718D+03  8.81444D+03  1.11353D+04  1.64165D+04  1.02927D+02  0.00000D+00 
 0.00000D+00  0.00000D+00  0.00000D+00  5.57682D+03  7.33983D+03  1.48548D+04 
 1.28266D+04  1.88730D+04  1.51685D+02  0.00000D+00  0.00000D+00  0.00000D+00 
 0.00000D+00  8.64217D+03  1.13902D+04  2.27491D+04  1.38591D+04  2.03539D+04 
 2.23121D+02  0.00000D+00  0.00000D+00  0.00000D+00  0.00000D+00  1.29061D+04 
 1.64116D+04  3.24359D+04  1.41564D+04  2.07511D+04  3.20097D+02  0.00000D+00 
 0.00000D+00  0.00000D+00  0.00000D+00  1.86486D+04  2.21742D+04  4.34411D+04 
 1.38072D+04  2.01988D+04  4.48387D+02  0.00000D+00  0.00000D+00  3.16350D+05 
 6.42976D+05  2.62176D+04  2.83425D+04  5.50903D+04  1.29091D+04  1.88443D+04 
 6.20708D+02  0.00000D+00  0.00000D+00  3.19148D+05  6.42742D+05  2.62641D+04 
 2.83764D+04  5.51538D+04  1.29030D+04  1.88352D+04  6.21778D+02  0.00000D+00 
 0.00000D+00  3.31780D+05  6.36951D+05  2.70134D+04  2.89152D+04  5.61647D+04 
 1.28046D+04  1.86880D+04  6.39008D+02  0.00000D+00  1.61800D+05  3.42980D+05 
 6.67110D+05  3.15137D+04  3.19037D+04  6.17499D+04  1.22137D+04  1.78065D+04 
 7.41537D+02  0.00000D+00  1.96149D+05  3.62827D+05  7.03700D+05  3.59516D+04 
 3.45113D+04  6.65933D+04  1.16326D+04  1.69428D+04  8.40914D+02  0.00000D+00 
 2.84336D+05  4.03949D+05  7.77141D+05  4.81887D+04  4.02634D+04  7.71564D+04 
 1.01264D+04  1.47126D+04  1.11814D+03  0.00000D+00  3.95324D+05  4.31850D+05 
 8.24556D+05  6.32401D+04  4.52265D+04  8.60800D+04  8.54884D+03  1.23881D+04 
 1.45867D+03  0.00000D+00  5.29687D+05  4.47069D+05  8.47472D+05  8.13730D+04 
 4.91012D+04  9.28058D+04  7.00183D+03  1.01193D+04  1.87015D+03  0.00000D+00 
 6.86812D+05  4.50229D+05  8.47315D+05  1.02709D+05  5.16463D+04  9.69032D+04 
 5.56763D+03  8.02016D+03  2.35348D+03  0.00000D+00  8.64622D+05  4.41925D+05 
 8.25443D+05  1.27152D+05  5.26755D+04  9.80865D+04  4.29353D+03  6.16117D+03 
 2.90799D+03  0.00000D+00  1.05908D+06  4.23391D+05  7.84505D+05  1.54236D+05 
 5.21525D+04  9.63472D+04  3.21041D+03  4.58874D+03  3.52277D+03  0.00000D+00 
 1.26433D+06  3.96657D+05  7.28659D+05  1.83096D+05  5.01980D+04  9.19616D+04 
 2.34105D+03  3.32778D+03  4.17832D+03  1.91768D+07  1.40897D+06  3.74599D+05 
 6.83800D+05  2.03586D+05  4.81485D+04  8.76613D+04  1.85816D+03  2.63300D+03 
 4.64496D+03  1.99249D+07  1.47331D+06  3.64073D+05  6.62651D+05  2.12747D+05 
 4.70906D+04  8.54869D+04  1.67233D+03  2.36625D+03  4.85349D+03  2.20596D+07 
 1.67821D+06  3.27857D+05  5.90831D+05  2.42085D+05  4.31962D+04  7.76310D+04 
 1.17764D+03  1.65693D+03  5.52202D+03  2.39003D+07  1.87098D+06  2.90041D+05 
 5.16981D+05  2.69977D+05  3.88322D+04  6.89710D+04  8.17312D+02  1.14128D+03 
 6.16020D+03  2.53690D+07  2.04395D+06  2.52542D+05  4.44531D+05  2.95405D+05 
 3.42757D+04  6.00827D+04  5.58261D+02  7.72305D+02  6.74087D+03  2.64586D+07 
 2.19065D+06  2.16969D+05  3.76508D+05  3.17302D+05  2.97650D+04  5.14424D+04 
 3.77588D+02  5.16706D+02  7.24076D+03  2.71805D+07  2.30722D+06  1.84465D+05 
 3.14972D+05  3.34857D+05  2.55197D+04  4.34106D+04  2.53504D+02  3.42654D+02 
 7.64374D+03  2.75608D+07  2.39222D+06  1.55677D+05  2.60916D+05  3.47862D+05 
 2.16925D+04  3.62151D+04  1.69977D+02  2.26874D+02  7.94310D+03  2.76408D+07 
 2.44628D+06  1.30892D+05  2.14861D+05  3.56416D+05  1.83523D+04  2.99971D+04 
 1.14060D+02  1.51424D+02  8.13983D+03  2.74811D+07  2.47278D+06  1.10123D+05 
 1.76662D+05  3.60941D+05  1.55120D+04  2.47689D+04  7.73714D+01  1.01089D+02 
 8.24439D+03  2.71625D+07  2.47832D+06  9.31640D+04  1.45645D+05  3.62305D+05 
 1.31677D+04  2.04961D+04  5.32127D+01  6.74873D+01  8.27750D+03  2.67877D+07 
 2.47248D+06  7.96512D+04  1.21214D+05  3.61934D+05  1.12975D+04  1.71165D+04 
 3.68478D+01  4.73655D+01  8.26999D+03  2.64858D+07  2.46779D+06  6.91705D+04 
 1.02580D+05  3.61659D+05  9.83586D+03  1.45255D+04  2.55459D+01  3.14480D+01 
 8.26392D+03  2.64217D+07  2.48053D+06  6.12472D+04  8.89476D+04  3.63834D+05 
 8.72114D+03  1.26038D+04  1.78916D+01  2.40368D+01  8.31379D+03  2.68072D+07 
 2.53150D+06  5.53481D+04  7.94699D+04  3.71550D+05  7.89319D+03  1.12766D+04 
 1.26194D+01  1.70346D+01  8.49005D+03  2.79147D+07  2.64736D+06  5.09174D+04 
 7.36726D+04  3.88746D+05  7.27309D+03  1.04457D+04  8.95146D+00  1.25819D+01 
 8.88353D+03  3.00826D+07  2.86124D+06  4.73856D+04  7.11562D+04  4.20281D+05 
 6.77273D+03  1.00841D+04  6.20762D+00  1.23614D+01  9.60573D+03  0.00000D+00 
 0.00000D+00  0.00000D+00  0.00000D+00  0.00000D+00  0.00000D+00  0.00000D+00 
 1.00000D+00  1.00000D+00  1.00000D+00  0.00000D+00  0.00000D+00  0.00000D+00 
 0.00000D+00  0.00000D+00  0.00000D+00  0.00000D+00  1.00000D+00  1.00000D+00 
 1.00000D+00  0.00000D+00  0.00000D+00  0.00000D+00  0.00000D+00  0.00000D+00 
 0.00000D+00  0.00000D+00  1.00000D+00  1.00000D+00  1.00000D+00  0.00000D+00 
 0.00000D+00  0.00000D+00  0.00000D+00  0.00000D+00  0.00000D+00  0.00000D+00 
 1.00000D+00  1.00000D+00  1.00000D+00  0.00000D+00  0.00000D+00  0.00000D+00 
 0.00000D+00  0.00000D+00  0.00000D+00  0.00000D+00  1.00000D+00  1.00000D+00 
 1.00000D+00  0.00000D+00  0.00000D+00  0.00000D+00  0.00000D+00  0.00000D+00 
 0.00000D+00  0.00000D+00  1.00000D+00  1.00000D+00  1.00000D+00  0.00000D+00 
 0.00000D+00  0.00000D+00  0.00000D+00  0.00000D+00  1.00000D+00  1.00000D+00 
 1.00000D+00  1.00000D+00  1.00000D+00  0.00000D+00  0.00000D+00  0.00000D+00 
 0.00000D+00  0.00000D+00  1.00000D+00  1.00000D+00  1.00000D+00  1.00000D+00 
 1.00000D+00  0.00000D+00  0.00000D+00  0.00000D+00  0.00000D+00  0.00000D+00 
 1.00000D+00  1.00000D+00  1.00000D+00  1.00000D+00  1.00000D+00  0.00000D+00 
 0.00000D+00  0.00000D+00  0.00000D+00  1.00000D+00  1.00000D+00  1.00000D+00 
 1.00000D+00  1.00000D+00  1.00000D+00  0.00000D+00  0.00000D+00  0.00000D+00 
 0.00000D+00  1.00000D+00  1.00000D+00  1.00000D+00  1.00000D+00  1.00000D+00 
 1.00000D+00  0.00000D+00  0.00000D+00  0.00000D+00  0.00000D+00  1.00000D+00 
 1.00000D+00  1.00000D+00  1.00000D+00  1.00000D+00  1.00000D+00  0.00000D+00 
 0.00000D+00  0.00000D+00  0.00000D+00  1.00000D+00  1.00000D+00  1.00000D+00 
 1.00000D+00  1.00000D+00  1.00000D+00  0.00000D+00  0.00000D+00  0.00000D+00 
 0.00000D+00  1.00000D+00  1.00000D+00  1.00000D+00  1.00000D+00  1.00000D+00 
 1.00000D+00  0.00000D+00  0.00000D+00  0.00000D+00  0.00000D+00  1.00000D+00 
 1.00000D+00  1.00000D+00  1.00000D+00  1.00000D+00  1.00000D+00  0.00000D+00 
 0.00000D+00  0.00000D+00  0.00000D+00  1.00000D+00  1.00000D+00  1.00000D+00 
 1.00000D+00  1.00000D+00  1.00000D+00  0.00000D+00  0.00000D+00  0.00000D+00 
 0.00000D+00  1.00000D+00  1.00000D+00  1.00000D+00  1.00000D+00  1.00000D+00 
 1.00000D+00  0.00000D+00  0.00000D+00  0.00000D+00  0.00000D+00  1.00000D+00 
 1.00000D+00  1.00000D+00  1.00000D+00  1.00000D+00  1.00000D+00  0.00000D+00 
 0.00000D+00  1.00000D+00  1.00000D+00  1.00000D+00  1.00000D+00  1.00000D+00 
 1.00000D+00  1.00000D+00  1.00000D+00  0.00000D+00  0.00000D+00  1.00000D+00 
 1.00000D+00  1.00000D+00  1.00000D+00  1.00000D+00  1.00000D+00  1.00000D+00 
 1.00000D+00  0.00000D+00  0.00000D+00  1.00000D+00  1.00000D+00  1.00000D+00 
 1.00000D+00  1.00000D+00  1.00000D+00  1.00000D+00  1.00000D+00  0.00000D+00 
 1.00000D+00  1.00000D+00  1.00000D+00  1.00000D+00  1.00000D+00  1.00000D+00 
 1.00000D+00  1.00000D+00  1.00000D+00  0.00000D+00  1.00000D+00  1.00000D+00 
 1.00000D+00  1.00000D+00  1.00000D+00  1.00000D+00  1.00000D+00  1.00000D+00 
 1.00000D+00  0.00000D+00  1.00000D+00  1.00000D+00  1.00000D+00  1.00000D+00 
 1.00000D+00  1.00000D+00  1.00000D+00  1.00000D+00  1.00000D+00  0.00000D+00 
 1.00000D+00  1.00000D+00  1.00000D+00  1.00000D+00  1.00000D+00  1.00000D+00 
 1.00000D+00  1.00000D+00  1.00000D+00  0.00000D+00  1.00000D+00  1.00000D+00 
 1.00000D+00  1.00000D+00  1.00000D+00  1.00000D+00  1.00000D+00  1.00000D+00 
 1.00000D+00  0.00000D+00  1.00000D+00  1.00000D+00  1.00000D+00  1.00000D+00 
 1.00000D+00  1.00000D+00  1.00000D+00  1.00000D+00  1.00000D+00  0.00000D+00 
 1.00000D+00  1.00000D+00  1.00000D+00  1.00000D+00  1.00000D+00  1.00000D+00 
 1.00000D+00  1.00000D+00  1.00000D+00  0.00000D+00  1.00000D+00  1.00000D+00 
 1.00000D+00  1.00000D+00  1.00000D+00  1.00000D+00  1.00000D+00  1.00000D+00 
 1.00000D+00  0.00000D+00  1.00000D+00  1.00000D+00  1.00000D+00  1.00000D+00 
 1.00000D+00  1.00000D+00  1.00000D+00  1.00000D+00  1.00000D+00  1.00000D+00 
 1.00000D+00  1.00000D+00  1.00000D+00  1.00000D+00  1.00000D+00  1.00000D+00 
 1.00000D+00  1.00000D+00  1.00000D+00  1.00000D+00  1.00000D+00  1.00000D+00 
 1.00000D+00  1.00000D+00  1.00000D+00  1.00000D+00  1.00000D+00  1.00000D+00 
 1.00000D+00  1.00000D+00  1.00000D+00  1.00000D+00  1.00000D+00  1.00000D+00 
 1.00000D+00  1.00000D+00  1.00000D+00  1.00000D+00  1.00000D+00  1.00000D+00 
 1.00000D+00  1.00000D+00  1.00000D+00  1.00000D+00  1.00000D+00  1.00000D+00 
 1.00000D+00  1.00000D+00  1.00000D+00  1.00000D+00  1.00000D+00  1.00000D+00 
 1.00000D+00  1.00000D+00  1.00000D+00  1.00000D+00  1.00000D+00  1.00000D+00 
 1.00000D+00  1.00000D+00  1.00000D+00  1.00000D+00  1.00000D+00  1.00000D+00 
 1.00000D+00  1.00000D+00  1.00000D+00  1.00000D+00  1.00000D+00  1.00000D+00 
 1.00000D+00  1.00000D+00  1.00000D+00  1.00000D+00  1.00000D+00  1.00000D+00 
 1.00000D+00  1.00000D+00  1.00000D+00  1.00000D+00  1.00000D+00  1.00000D+00 
 1.00000D+00  1.00000D+00  1.00000D+00  1.00000D+00  1.00000D+00  1.00000D+00 
 1.00000D+00  1.00000D+00  1.00000D+00  1.00000D+00  1.00000D+00  1.00000D+00 
 1.00000D+00  1.00000D+00  1.00000D+00  1.00000D+00  1.00000D+00  1.00000D+00 
 1.00000D+00  1.00000D+00  1.00000D+00  1.00000D+00  1.00000D+00  1.00000D+00 
 1.00000D+00  1.00000D+00  1.00000D+00  1.00000D+00  1.00000D+00  1.00000D+00 
 1.00000D+00  1.00000D+00  1.00000D+00  1.00000D+00  1.00000D+00  1.00000D+00 
 1.00000D+00  1.00000D+00  1.00000D+00  1.00000D+00  1.00000D+00  1.00000D+00 
 1.00000D+00  1.00000D+00  1.00000D+00  1.00000D+00  1.00000D+00  1.00000D+00 
 1.00000D+00  1.00000D+00  1.00000D+00  1.00000D+00  1.00000D+00  1.00000D+00 
 1.00000D+00  1.00000D+00  1.00000D+00  1.00000D+00  1.00000D+00  1.00000D+00 
 1.00000D+00  1.00000D+00  1.00000D+00  1.00000D+00  1.00000D+00  1.00000D+00 
 1.00000D+00  1.00000D+00  1.00000D+00  1.00000D+00  1.00000D+00  1.00000D+00 
 1.00000D+00  1.00000D+00  1.00000D+00  1.00000D+00  1.00000D+00  1.00000D+00 
 1.00000D+00  1.00000D+00  1.00000D+00  1.00000D+00  1.00000D+00  1.00000D+00 
 1.00000D+00  1.00000D+00  1.00000D+00  1.00000D+00  1.00000D+00  1.00000D+00 
 1.00000D+00  1.00000D+00  1.00000D+00  1.00000D+00  1.00000D+00  1.00000D+00 
 1.00000D+00  0.00000D+00  0.00000D+00  0.00000D+00  0.00000D+00  0.00000D+00 
 0.00000D+00  0.00000D+00  5.96248D-03  6.17775D-03 -5.04872D-02  0.00000D+00 
 0.00000D+00  0.00000D+00  0.00000D+00  0.00000D+00  0.00000D+00  0.00000D+00 
 7.67886D-03  7.84136D-03 -2.40512D-02  0.00000D+00  0.00000D+00  0.00000D+00 
 0.00000D+00  0.00000D+00  0.00000D+00  0.00000D+00  9.26035D-03  9.38680D-03 
-9.11224D-03  0.00000D+00  0.00000D+00  0.00000D+00  0.00000D+00  0.00000D+00 
 0.00000D+00  0.00000D+00  1.08205D-02  1.09280D-02  3.07582D-03  0.00000D+00 
 0.00000D+00  0.00000D+00  0.00000D+00  0.00000D+00  0.00000D+00  0.00000D+00 
 1.26313D-02  1.27352D-02  1.40279D-02  0.00000D+00  0.00000D+00  0.00000D+00 
 0.00000D+00  0.00000D+00  0.00000D+00  0.00000D+00  1.50860D-02  1.51958D-02 
 2.38193D-02  0.00000D+00  0.00000D+00  0.00000D+00  0.00000D+00  0.00000D+00 
 1.65178D-02  1.62159D-02  1.63780D-02  1.64909D-02  2.75746D-02  0.00000D+00 
 0.00000D+00  0.00000D+00  0.00000D+00  0.00000D+00  1.55884D-02  1.55350D-02 
 1.68079D-02  1.69216D-02  2.86874D-02  0.00000D+00  0.00000D+00  0.00000D+00 
 0.00000D+00  0.00000D+00  1.46006D-02  1.73240D-02  1.83669D-02  1.84834D-02 
 3.22780D-02  0.00000D+00  0.00000D+00  0.00000D+00  0.00000D+00 -8.24005D-03 
 5.36130D-02  5.58089D-02  2.22385D-02  2.23612D-02  3.85895D-02  0.00000D+00 
 0.00000D+00  0.00000D+00  0.00000D+00 -7.08952D-03  5.81246D-02  5.89884D-02 
 2.27858D-02  2.29098D-02  3.91673D-02  0.00000D+00  0.00000D+00  0.00000D+00 
 0.00000D+00  3.44234D-02  6.37172D-02  6.05029D-02  2.69909D-02  2.71298D-02 
 4.11116D-02  0.00000D+00  0.00000D+00  0.00000D+00  0.00000D+00  5.55456D-02 
 4.50398D-02  4.18571D-02  3.37439D-02  3.39079D-02  3.90112D-02  0.00000D+00 
 0.00000D+00  0.00000D+00  0.00000D+00  5.62823D-02  2.05481D-02  1.85562D-02 
 4.29500D-02  4.31455D-02  3.29351D-02  0.00000D+00  0.00000D+00  0.00000D+00 
 0.00000D+00  4.57601D-02  2.60620D-03  1.84789D-03  5.57672D-02  5.60116D-02 
 2.41927D-02  0.00000D+00  0.00000D+00  0.00000D+00  0.00000D+00  3.02659D-02 
-4.43551D-03 -4.25852D-03  7.28731D-02  7.31793D-02  1.39597D-02  0.00000D+00 
 0.00000D+00  0.00000D+00  0.00000D+00  1.36166D-02 -7.97724D-04  2.56500D-05 
 9.47041D-02  9.50863D-02  2.96488D-03  0.00000D+00  0.00000D+00  0.00000D+00 
 0.00000D+00 -8.92222D-04  1.20332D-02  1.33077D-02  1.21413D-01  1.21898D-01 
-6.31285D-03  0.00000D+00  0.00000D+00 -3.80630D-03 -8.01116D-03 -1.04498D-02 
 3.27456D-02  3.43513D-02  1.52924D-01  1.53529D-01 -1.19245D-02  0.00000D+00 
 0.00000D+00 -4.08638D-03 -8.29381D-03 -1.04837D-02  3.28771D-02  3.44844D-02 
 1.53106D-01  1.53712D-01 -1.19421D-02  0.00000D+00  0.00000D+00 -8.68280D-03 
-1.22459D-02 -1.09948D-02  3.49991D-02  3.66303D-02  1.56028D-01  1.56645D-01 
-1.22007D-02  0.00000D+00  1.74234D-01 -1.33948D-02 -1.09195D-02 -1.28078D-02 
 4.77821D-02  4.95354D-02  1.72969D-01  1.73654D-01 -1.26516D-02  0.00000D+00 
 9.18422D-02  4.72594D-03  8.33144D-03 -1.28291D-02  6.04183D-02  6.22640D-02 
 1.88928D-01  1.89689D-01 -1.12351D-02  0.00000D+00  5.17344D-03  5.73485D-02 
 6.07345D-02 -6.53802D-03  9.43582D-02  9.63571D-02  2.29989D-01  2.30929D-01 
-3.47962D-03  0.00000D+00 -1.29050D-02  1.10663D-01  1.13800D-01  9.15250D-03 
 1.33870D-01  1.35943D-01  2.76505D-01  2.77636D-01  1.34408D-02  0.00000D+00 
 1.81439D-03  1.65592D-01  1.68521D-01  3.43798D-02  1.78558D-01  1.80649D-01 
 3.29630D-01  3.30979D-01  3.82966D-02  0.00000D+00  3.58468D-02  2.22831D-01 
 2.25527D-01  6.89280D-02  2.28427D-01  2.30419D-01  3.90628D-01  3.92533D-01 
 7.24694D-02  0.00000D+00  8.31065D-02  2.83125D-01  2.85506D-01  1.12501D-01 
 2.83905D-01  2.85580D-01  4.60993D-01  4.62867D-01  1.15787D-01  0.00000D+00 
 1.40492D-01  3.47465D-01  3.49356D-01  1.65004D-01  3.45418D-01  3.46478D-01 
 5.38378D-01  5.41791D-01  1.67832D-01  0.00000D+00  2.06336D-01  4.16779D-01 
 4.17863D-01  2.26390D-01  4.13535D-01  4.13518D-01  6.24718D-01  6.28092D-01 
 2.28660D-01 -2.56598D-02  2.56446D-01  4.68148D-01  4.68384D-01  2.73763D-01 
 4.64264D-01  4.63562D-01  6.87543D-01  6.91909D-01  2.75746D-01  6.34359D-02 
 2.79949D-01  4.92044D-01  4.91806D-01  2.96139D-01  4.87838D-01  4.86771D-01 
 7.17124D-01  7.21604D-01  2.98065D-01  2.29808D-01  3.61394D-01  5.74483D-01 
 5.72235D-01  3.74576D-01  5.69484D-01  5.66504D-01  8.20057D-01  8.25122D-01 
 3.76023D-01  3.58943D-01  4.51146D-01  6.65316D-01  6.60377D-01  4.61558D-01 
 6.59815D-01  6.54912D-01  9.36257D-01  9.43214D-01  4.62619D-01  4.81598D-01 
 5.49859D-01  7.65428D-01  7.57140D-01  5.57842D-01  7.60777D-01  7.51809D-01 
 1.06187D+00  1.07620D+00  5.58916D-01  6.06196D-01  6.58399D-01  8.75806D-01 
 8.62815D-01  6.64557D-01  8.71908D-01  8.57550D-01  1.19951D+00  1.21230D+00 
 6.65457D-01  7.36637D-01  7.76975D-01  9.97420D-01  9.78125D-01  7.82372D-01 
 9.93133D-01  9.73191D-01  1.34582D+00  1.35147D+00  7.82678D-01  8.75248D-01 
 9.06625D-01  1.13062D+00  1.10382D+00  9.10578D-01  1.12684D+00  1.09892D+00 
 1.49098D+00  1.50031D+00  9.11164D-01  1.02336D+00  1.04797D+00  1.27513D+00 
 1.23801D+00  1.05101D+00  1.27250D+00  1.23411D+00  1.63533D+00  1.66064D+00 
 1.05137D+00  1.18151D+00  1.20077D+00  1.42973D+00  1.37917D+00  1.20320D+00 
 1.42702D+00  1.37670D+00  1.77809D+00  1.80987D+00  1.20338D+00  1.34919D+00 
 1.36412D+00  1.59204D+00  1.52730D+00  1.36587D+00  1.58920D+00  1.52510D+00 
 1.91198D+00  1.93173D+00  1.36604D+00  1.52473D+00  1.53598D+00  1.75778D+00 
 1.67667D+00  1.53715D+00  1.75576D+00  1.67397D+00  2.01312D+00  2.05974D+00 
 1.53730D+00  1.70439D+00  1.71230D+00  1.91968D+00  1.82172D+00  1.71319D+00 
 1.91859D+00  1.81870D+00  2.07440D+00  2.11064D+00  1.71330D+00  1.88184D+00 
 1.88688D+00  2.06853D+00  1.95307D+00  1.88759D+00  2.06733D+00  1.95340D+00 
 2.10595D+00  2.20060D+00  1.88771D+00  2.04743D+00  2.05021D+00  2.19375D+00 
 2.07275D+00  2.05069D+00  2.19291D+00  2.07000D+00  2.11309D+00  2.22446D+00 
 2.05084D+00  2.18827D+00  2.18934D+00  2.28552D+00  2.16747D+00  2.18961D+00 
 2.28524D+00  2.16566D+00  2.10197D+00  2.24820D+00  2.18975D+00  2.29049D+00 
 2.29051D+00  2.33973D+00  2.24657D+00  2.29050D+00  2.33936D+00  2.24390D+00 
 2.08167D+00  2.37502D+00  2.29186D+00  0.00000D+00  0.00000D+00  0.00000D+00 
 0.00000D+00  0.00000D+00  0.00000D+00  0.00000D+00  1.08634D-01  1.09950D-01 
-9.77685D-01  0.00000D+00  0.00000D+00  0.00000D+00  0.00000D+00  0.00000D+00 
 0.00000D+00  0.00000D+00  8.22919D-02  7.79687D-02 -9.91880D-01  0.00000D+00 
 0.00000D+00  0.00000D+00  0.00000D+00  0.00000D+00  0.00000D+00  0.00000D+00 
 1.89861D-02  1.28016D-02 -9.95525D-01  0.00000D+00  0.00000D+00  0.00000D+00 
 0.00000D+00  0.00000D+00  0.00000D+00  0.00000D+00 -5.97439D-02 -6.66701D-02 
-9.96939D-01  0.00000D+00  0.00000D+00  0.00000D+00  0.00000D+00  0.00000D+00 
 0.00000D+00  0.00000D+00 -1.43886D-01 -1.51187D-01 -9.97560D-01  0.00000D+00 
 0.00000D+00  0.00000D+00  0.00000D+00  0.00000D+00  0.00000D+00  0.00000D+00 
-2.27876D-01 -2.35290D-01 -9.97865D-01  0.00000D+00  0.00000D+00  0.00000D+00 
 0.00000D+00  0.00000D+00 -5.34837D-01 -7.40020D-01 -2.62532D-01 -2.69891D-01 
-9.97961D-01  0.00000D+00  0.00000D+00  0.00000D+00  0.00000D+00  0.00000D+00 
-7.69859D-01 -7.62512D-01 -2.73150D-01 -2.80478D-01 -9.97989D-01  0.00000D+00 
 0.00000D+00  0.00000D+00  0.00000D+00  0.00000D+00 -5.62647D-01 -3.45527D-01 
-3.08989D-01 -3.16153D-01 -9.98089D-01  0.00000D+00  0.00000D+00  0.00000D+00 
 0.00000D+00 -9.95754D-01  1.99456D-01  1.59495D-01 -3.86194D-01 -3.92642D-01 
-9.98346D-01  0.00000D+00  0.00000D+00  0.00000D+00  0.00000D+00 -9.96242D-01 
 1.42389D-01  9.39373D-02 -3.95869D-01 -4.02190D-01 -9.98383D-01  0.00000D+00 
 0.00000D+00  0.00000D+00  0.00000D+00 -9.96678D-01 -2.73485D-01 -2.98686D-01 
-4.57313D-01 -4.62587D-01 -9.98626D-01  0.00000D+00  0.00000D+00  0.00000D+00 
 0.00000D+00 -9.97036D-01 -5.42550D-01 -5.49113D-01 -5.17861D-01 -5.21623D-01 
-9.98734D-01  0.00000D+00  0.00000D+00  0.00000D+00  0.00000D+00 -9.98138D-01 
-6.78701D-01 -6.80457D-01 -5.64404D-01 -5.66429D-01 -9.98456D-01  0.00000D+00 
 0.00000D+00  0.00000D+00  0.00000D+00 -9.98348D-01 -7.50246D-01 -7.51923D-01 
-5.94943D-01 -5.95115D-01 -9.97810D-01  0.00000D+00  0.00000D+00  0.00000D+00 
 0.00000D+00 -9.97405D-01 -7.88621D-01 -7.91647D-01 -6.07822D-01 -6.06183D-01 
-9.96991D-01  0.00000D+00  0.00000D+00  0.00000D+00  0.00000D+00 -9.96053D-01 
-8.05441D-01 -8.10207D-01 -6.03320D-01 -6.00098D-01 -9.96019D-01  0.00000D+00 
 0.00000D+00  0.00000D+00  0.00000D+00 -9.95063D-01 -8.06894D-01 -8.13415D-01 
-5.82508D-01 -5.78073D-01 -9.95458D-01  0.00000D+00  0.00000D+00 -3.14442D-01 
-3.85627D-01 -9.94894D-01 -7.95873D-01 -8.03998D-01 -5.46667D-01 -5.41531D-01 
-9.95659D-01  0.00000D+00  0.00000D+00 -3.20136D-01 -3.89744D-01 -9.94896D-01 
-7.95782D-01 -8.03916D-01 -5.46438D-01 -5.41300D-01 -9.95662D-01  0.00000D+00 
 0.00000D+00 -3.95923D-01 -4.46099D-01 -9.94926D-01 -7.94301D-01 -8.02563D-01 
-5.42754D-01 -5.37583D-01 -9.95717D-01  0.00000D+00 -9.92550D-01 -5.96866D-01 
-6.17127D-01 -9.95224D-01 -7.84586D-01 -7.93530D-01 -5.20621D-01 -5.15362D-01 
-9.95946D-01  0.00000D+00 -9.90899D-01 -6.67005D-01 -6.81220D-01 -9.95650D-01 
-7.73920D-01 -7.83419D-01 -4.99046D-01 -4.93840D-01 -9.96211D-01  0.00000D+00 
-9.88095D-01 -7.18743D-01 -7.30407D-01 -9.97066D-01 -7.41859D-01 -7.52455D-01 
-4.42942D-01 -4.38393D-01 -9.97564D-01  0.00000D+00 -9.92303D-01 -7.11491D-01 
-7.23476D-01 -9.98532D-01 -7.00213D-01 -7.11617D-01 -3.81992D-01 -3.78860D-01 
-9.98742D-01  0.00000D+00 -9.96796D-01 -6.76790D-01 -6.89310D-01 -9.99171D-01 
-6.49405D-01 -6.61317D-01 -3.18307D-01 -3.17373D-01 -9.99155D-01  0.00000D+00 
-9.98854D-01 -6.23731D-01 -6.36603D-01 -9.97943D-01 -5.89779D-01 -6.01900D-01 
-2.52442D-01 -2.54251D-01 -9.97644D-01  0.00000D+00 -9.96921D-01 -5.56248D-01 
-5.69274D-01 -9.93704D-01 -5.21476D-01 -5.33628D-01 -1.82790D-01 -1.87978D-01 
-9.93197D-01  0.00000D+00 -9.89749D-01 -4.76755D-01 -4.89857D-01 -9.85158D-01 
-4.44545D-01 -4.56697D-01 -1.07151D-01 -1.16637D-01 -9.84413D-01  0.00000D+00 
-9.76047D-01 -3.87130D-01 -4.00481D-01 -9.70720D-01 -3.59030D-01 -3.71435D-01 
-2.58505D-02 -4.02548D-02 -9.70056D-01 -9.97906D-01 -9.61975D-01 -3.19908D-01 
-3.33723D-01 -9.56354D-01 -2.94876D-01 -3.07855D-01  3.42539D-02  1.50016D-02 
-9.55694D-01 -9.95034D-01 -9.54323D-01 -2.88663D-01 -3.02807D-01 -9.48634D-01 
-2.65135D-01 -2.78403D-01  6.08850D-02  4.04307D-02 -9.47985D-01 -9.65673D-01 
-9.22711D-01 -1.81604D-01 -1.97539D-01 -9.16941D-01 -1.63197D-01 -1.78169D-01 
 1.58209D-01  1.29121D-01 -9.16169D-01 -9.20381D-01 -8.78777D-01 -6.49747D-02 
-8.41824D-02 -8.72970D-01 -5.18277D-02 -6.96993D-02  2.71263D-01  2.34460D-01 
-8.72502D-01 -8.58998D-01 -8.19494D-01  6.30786D-02  3.85730D-02 -8.14123D-01 
 7.18784D-02  4.88467D-02  4.03491D-01  3.64504D-01 -8.13457D-01 -7.78271D-01 
-7.40956D-01  2.05457D-01  1.72752D-01 -7.36219D-01  2.12238D-01  1.79635D-01 
 5.65411D-01  5.16118D-01 -7.35339D-01 -6.73781D-01 -6.38701D-01  3.66684D-01 
 3.21385D-01 -6.33941D-01  3.70696D-01  3.25496D-01  7.53088D-01  6.73764D-01 
-6.33542D-01 -5.40161D-01 -5.07973D-01  5.52180D-01  4.89205D-01 -5.03327D-01 
 5.52991D-01  4.91527D-01  9.65581D-01  8.79801D-01 -5.02936D-01 -3.71406D-01 
-3.41820D-01  7.66600D-01  6.79609D-01 -3.38265D-01  7.67033D-01  6.79362D-01 
 1.18038D+00  1.11126D+00 -3.37549D-01 -1.61222D-01 -1.34470D-01  1.01352D+00 
 8.93540D-01 -1.30976D-01  1.01359D+00  8.92819D-01  1.41755D+00  1.34433D+00 
-1.30725D-01  9.60715D-02  1.19781D-01  1.29316D+00  1.12854D+00  1.22815D-01 
 1.29108D+00  1.12863D+00  1.66715D+00  1.55078D+00  1.23031D-01  4.04378D-01 
 4.24836D-01  1.60051D+00  1.38241D+00  4.27015D-01  1.59936D+00  1.38143D+00 
 1.88186D+00  1.83370D+00  4.27298D-01  7.62915D-01  7.79407D-01  1.92332D+00 
 1.64181D+00  7.81133D-01  1.92266D+00  1.64143D+00  2.03238D+00  1.91885D+00 
 7.81291D-01  1.16294D+00  1.17488D+00  2.24173D+00  1.89426D+00  1.17629D+00 
 2.24007D+00  1.89254D+00  2.13757D+00  2.22458D+00  1.17655D+00  1.58326D+00 
 1.59072D+00  2.52946D+00  2.12513D+00  1.59191D+00  2.52811D+00  2.12259D+00 
 2.20720D+00  2.32198D+00  1.59223D+00  1.98836D+00  1.99209D+00  2.76254D+00 
 2.32829D+00  1.99286D+00  2.76215D+00  2.32085D+00  2.26590D+00  2.43499D+00 
 1.99332D+00  2.33378D+00  2.33486D+00  2.92709D+00  2.51020D+00  2.33502D+00 
 2.92665D+00  2.50008D+00  2.27804D+00  2.93288D+00  2.33702D+00  0.00000D+00 
 0.00000D+00  0.00000D+00  0.00000D+00  0.00000D+00  0.00000D+00  0.00000D+00 
 1.19779D-03  1.21207D-03  5.05269D-02  0.00000D+00  0.00000D+00  0.00000D+00 
 0.00000D+00  0.00000D+00  0.00000D+00  0.00000D+00  1.22533D-03  1.19714D-03 
 2.40719D-02  0.00000D+00  0.00000D+00  0.00000D+00  0.00000D+00  0.00000D+00 
 0.00000D+00  0.00000D+00  9.05881D-04  8.58293D-04  9.12686D-03  0.00000D+00 
 0.00000D+00  0.00000D+00  0.00000D+00  0.00000D+00  0.00000D+00  0.00000D+00 
 3.73276D-04  3.15609D-04 -3.06405D-03  0.00000D+00  0.00000D+00  0.00000D+00 
 0.00000D+00  0.00000D+00  0.00000D+00  0.00000D+00 -2.95946D-04 -3.64537D-04 
-1.40165D-02  0.00000D+00  0.00000D+00  0.00000D+00  0.00000D+00  0.00000D+00 
 0.00000D+00  0.00000D+00 -1.14811D-03 -1.23605D-03 -2.38049D-02  0.00000D+00 
 0.00000D+00  0.00000D+00  0.00000D+00  0.00000D+00 -5.13899D-03 -4.21044D-03 
-1.60422D-03 -1.70327D-03 -2.75581D-02  0.00000D+00  0.00000D+00  0.00000D+00 
 0.00000D+00  0.00000D+00 -4.56989D-03 -1.15342D-03 -1.76067D-03 -1.86346D-03 
-2.86702D-02  0.00000D+00  0.00000D+00  0.00000D+00  0.00000D+00  0.00000D+00 
 1.20112D-02  1.89785D-02 -2.35379D-03 -2.46995D-03 -3.22586D-02  0.00000D+00 
 0.00000D+00  0.00000D+00  0.00000D+00  8.25246D-03  1.27805D-02  6.61083D-03 
-4.01614D-03 -4.16363D-03 -3.85673D-02  0.00000D+00  0.00000D+00  0.00000D+00 
 0.00000D+00  7.11112D-03  4.54873D-03 -7.84338D-04 -4.26998D-03 -4.42172D-03 
-3.91452D-02  0.00000D+00  0.00000D+00  0.00000D+00  0.00000D+00 -3.43758D-02 
-3.16439D-02 -3.09349D-02 -6.31497D-03 -6.49895D-03 -4.10929D-02  0.00000D+00 
 0.00000D+00  0.00000D+00  0.00000D+00 -5.54723D-02 -3.39540D-02 -3.16399D-02 
-9.89429D-03 -1.01214D-02 -3.90035D-02  0.00000D+00  0.00000D+00  0.00000D+00 
 0.00000D+00 -5.62308D-02 -1.88234D-02 -1.69908D-02 -1.53460D-02 -1.56128D-02 
-3.29491D-02  0.00000D+00  0.00000D+00  0.00000D+00  0.00000D+00 -4.57639D-02 
-3.39227D-03 -2.41721D-03 -2.34933D-02 -2.37892D-02 -2.42209D-02  0.00000D+00 
 0.00000D+00  0.00000D+00  0.00000D+00 -3.03098D-02  4.24915D-03  4.54595D-03 
-3.47714D-02 -3.50633D-02 -1.39812D-02  0.00000D+00  0.00000D+00  0.00000D+00 
 0.00000D+00 -1.36484D-02  2.39328D-03  2.21975D-03 -4.91188D-02 -4.93589D-02 
-2.96523D-03  0.00000D+00  0.00000D+00  0.00000D+00  0.00000D+00  9.36981D-04 
-8.10445D-03 -8.65022D-03 -6.60370D-02 -6.61805D-02  6.41241D-03  0.00000D+00 
 0.00000D+00  1.86992D-02  2.02199D-02  1.06154D-02 -2.57796D-02 -2.66986D-02 
-8.42605D-02 -8.42670D-02  1.21151D-02  0.00000D+00  0.00000D+00  1.87927D-02 
 2.03453D-02  1.06500D-02 -2.58918D-02 -2.68130D-02 -8.43598D-02 -8.43656D-02 
 1.21336D-02  0.00000D+00  0.00000D+00  2.05224D-02  2.22403D-02  1.11722D-02 
-2.77019D-02 -2.86572D-02 -8.59409D-02 -8.59342D-02  1.24051D-02  0.00000D+00 
-1.74323D-01  2.21640D-02  2.11024D-02  1.30449D-02 -3.85433D-02 -3.96977D-02 
-9.47566D-02 -9.46815D-02  1.28623D-02  0.00000D+00 -9.19475D-02  9.11430D-03 
 6.98137D-03  1.31121D-02 -4.91040D-02 -5.04492D-02 -1.02555D-01 -1.02432D-01 
 1.14837D-02  0.00000D+00 -4.70330D-03 -3.38984D-02 -3.65016D-02  6.87364D-03 
-7.65043D-02 -7.83475D-02 -1.19924D-01 -1.19764D-01  3.75650D-03  0.00000D+00 
 1.36552D-02 -7.79138D-02 -8.09909D-02 -8.87225D-03 -1.06272D-01 -1.08697D-01 
-1.35628D-01 -1.35616D-01 -1.31568D-02  0.00000D+00 -1.20243D-03 -1.20164D-01 
-1.23880D-01 -3.42559D-02 -1.36903D-01 -1.40005D-01 -1.49330D-01 -1.49702D-01 
-3.81722D-02  0.00000D+00 -3.56045D-02 -1.59322D-01 -1.63785D-01 -6.89657D-02 
-1.67184D-01 -1.70980D-01 -1.60934D-01 -1.62293D-01 -7.25269D-02  0.00000D+00 
-8.31522D-02 -1.94325D-01 -1.99587D-01 -1.12491D-01 -1.96094D-01 -2.00511D-01 
-1.69411D-01 -1.72146D-01 -1.15746D-01  0.00000D+00 -1.40291D-01 -2.24158D-01 
-2.30225D-01 -1.64373D-01 -2.22153D-01 -2.27294D-01 -1.71599D-01 -1.76826D-01 
-1.67175D-01  0.00000D+00 -2.04701D-01 -2.47665D-01 -2.54539D-01 -2.23967D-01 
-2.43694D-01 -2.49533D-01 -1.65947D-01 -1.73747D-01 -2.26056D-01  2.56090D-02 
-2.52648D-01 -2.59627D-01 -2.67119D-01 -2.68925D-01 -2.54741D-01 -2.61092D-01 
-1.54793D-01 -1.66860D-01 -2.70770D-01 -6.32404D-02 -2.74759D-01 -2.63710D-01 
-2.71519D-01 -2.89797D-01 -2.58429D-01 -2.65082D-01 -1.49086D-01 -1.62594D-01 
-2.91575D-01 -2.25834D-01 -3.49183D-01 -2.71047D-01 -2.80264D-01 -3.60906D-01 
-2.65079D-01 -2.73094D-01 -1.21575D-01 -1.44047D-01 -3.62150D-01 -3.45196D-01 
-4.26482D-01 -2.67590D-01 -2.79168D-01 -4.35033D-01 -2.61485D-01 -2.71869D-01 
-8.49192D-02 -1.15029D-01 -4.35892D-01 -4.49494D-01 -5.04465D-01 -2.49997D-01 
-2.65292D-01 -5.10393D-01 -2.45085D-01 -2.58403D-01 -2.72990D-02 -6.73051D-02 
-5.11211D-01 -5.43175D-01 -5.79935D-01 -2.13954D-01 -2.35172D-01 -5.83760D-01 
-2.10317D-01 -2.29725D-01  5.78232D-02  6.15312D-04 -5.84453D-01 -6.24428D-01 
-6.47159D-01 -1.53646D-01 -1.84936D-01 -6.50260D-01 -1.49720D-01 -1.80671D-01 
 1.70930D-01  8.15362D-02 -6.50123D-01 -6.87610D-01 -6.99762D-01 -6.03628D-02 
-1.07872D-01 -7.00532D-01 -5.93364D-02 -1.04710D-01  3.21750D-01  1.89456D-01 
-7.01178D-01 -7.23380D-01 -7.27494D-01  7.60886D-02  4.33689D-03 -7.27958D-01 
 7.74958D-02  8.07194D-03  4.81388D-01  3.36673D-01 -7.27660D-01 -7.18551D-01 
-7.16275D-01  2.66606D-01  1.57894D-01 -7.15914D-01  2.67487D-01  1.59090D-01 
 6.69796D-01  5.12927D-01 -7.15852D-01 -6.56244D-01 -6.49497D-01  5.19750D-01 
 3.56015D-01 -6.48189D-01  5.17421D-01  3.57237D-01  9.10485D-01  6.50444D-01 
-6.48183D-01 -5.17020D-01 -5.06951D-01  8.36909D-01  5.95428D-01 -5.05744D-01 
 8.35481D-01  5.95933D-01  1.14448D+00  9.59707D-01 -5.05572D-01 -2.82405D-01 
-2.70788D-01  1.20811D+00  8.67117D-01 -2.69616D-01  1.20847D+00  8.69693D-01 
 1.30996D+00  9.71919D-01 -2.69618D-01  5.81407D-02  6.90714D-02  1.61135D+00 
 1.14951D+00  7.00198D-02  1.60981D+00  1.15489D+00  1.45689D+00  1.41875D+00 
 7.01224D-02  4.95740D-01  5.03970D-01  2.00977D+00  1.43351D+00  5.05005D-01 
 2.00806D+00  1.43089D+00  1.58361D+00  1.54221D+00  5.05208D-01  9.90738D-01 
 9.95513D-01  2.36225D+00  1.69699D+00  9.96463D-01  2.36218D+00  1.68592D+00 
 1.72322D+00  1.71089D+00  9.97351D-01  1.47253D+00  1.47433D+00  2.64100D+00 
 1.95105D+00  1.47453D+00  2.64010D+00  1.93401D+00  1.76114D+00  2.66439D+00 
 1.47847D+00  0.00000D+00  0.00000D+00  0.00000D+00  0.00000D+00  0.00000D+00 
 0.00000D+00  0.00000D+00  8.10709D-06  8.36054D-06 -3.43037D-04  0.00000D+00 
 0.00000D+00  0.00000D+00  0.00000D+00  0.00000D+00  0.00000D+00  0.00000D+00 
 1.11177D-05  1.10962D-05  1.02692D-04  0.00000D+00  0.00000D+00  0.00000D+00 
 0.00000D+00  0.00000D+00  0.00000D+00  0.00000D+00  1.20986D-05  1.18723D-05 
 1.12888D-04  0.00000D+00  0.00000D+00  0.00000D+00  0.00000D+00  0.00000D+00 
 0.00000D+00  0.00000D+00  1.11487D-05  1.07732D-05 -8.86949D-06  0.00000D+00 
 0.00000D+00  0.00000D+00  0.00000D+00  0.00000D+00  0.00000D+00  0.00000D+00 
 8.31449D-06  7.77763D-06 -2.05643D-04  0.00000D+00  0.00000D+00  0.00000D+00 
 0.00000D+00  0.00000D+00  0.00000D+00  0.00000D+00  2.47622D-06  1.65048D-06 
-4.10294D-04  0.00000D+00  0.00000D+00  0.00000D+00  0.00000D+00  0.00000D+00 
-3.38462D-05 -1.66409D-05 -1.65229D-06 -2.67114D-06 -4.80750D-04  0.00000D+00 
 0.00000D+00  0.00000D+00  0.00000D+00  0.00000D+00 -1.45965D-05  2.19056D-05 
-3.22288D-06 -4.31181D-06 -4.99459D-04  0.00000D+00  0.00000D+00  0.00000D+00 
 0.00000D+00  0.00000D+00  2.36322D-04  3.57202D-04 -9.85702D-06 -1.12302D-05 
-5.49648D-04  0.00000D+00  0.00000D+00  0.00000D+00  0.00000D+00 -4.84931D-05 
 7.82415D-04  6.60502D-04 -3.40458D-05 -3.63391D-05 -5.64710D-04  0.00000D+00 
 0.00000D+00  0.00000D+00  0.00000D+00 -1.14784D-04  6.69215D-04  5.44207D-04 
-3.84112D-05 -4.08558D-05 -5.56058D-04  0.00000D+00  0.00000D+00  0.00000D+00 
 0.00000D+00 -1.35156D-03 -3.15101D-04 -3.52465D-04 -7.79003D-05 -8.16384D-05 
-4.66799D-04  0.00000D+00  0.00000D+00  0.00000D+00  0.00000D+00 -1.66136D-03 
-1.18356D-03 -1.14175D-03 -1.57319D-04 -1.63316D-04 -4.72959D-04  0.00000D+00 
 0.00000D+00  0.00000D+00  0.00000D+00 -9.12497D-04 -1.59115D-03 -1.51674D-03 
-3.05696D-04 -3.14983D-04 -8.50590D-04  0.00000D+00  0.00000D+00  0.00000D+00 
 0.00000D+00 -9.00095D-04 -1.53177D-03 -1.45569D-03 -6.00406D-04 -6.14642D-04 
-1.57745D-03  0.00000D+00  0.00000D+00  0.00000D+00  0.00000D+00 -1.97060D-03 
-1.12490D-03 -1.06536D-03 -1.16438D-03 -1.18547D-03 -2.45511D-03  0.00000D+00 
 0.00000D+00  0.00000D+00  0.00000D+00 -3.40750D-03 -5.52318D-04 -5.20727D-04 
-2.15123D-03 -2.17998D-03 -3.48478D-03  0.00000D+00  0.00000D+00  0.00000D+00 
 0.00000D+00 -4.45488D-03 -9.76875D-05 -1.03905D-04 -3.76830D-03 -3.80558D-03 
-4.08022D-03  0.00000D+00  0.00000D+00  8.69124D-04  7.79827D-04 -4.65876D-03 
-1.38684D-04 -1.96454D-04 -6.29761D-03 -6.34402D-03 -3.90734D-03  0.00000D+00 
 0.00000D+00  8.65353D-04  7.76517D-04 -4.65723D-03 -1.41040D-04 -1.99141D-04 
-6.31405D-03 -6.36045D-03 -3.90408D-03  0.00000D+00  0.00000D+00  8.05724D-04 
 7.41820D-04 -4.62892D-03 -1.82238D-04 -2.45632D-04 -6.57921D-03 -6.62604D-03 
-3.85059D-03  0.00000D+00 -6.87735D-03  9.95636D-04  1.01861D-03 -4.34160D-03 
-5.52935D-04 -6.49162D-04 -8.19576D-03 -8.24575D-03 -3.61851D-03  0.00000D+00 
-8.55841D-03  1.26981D-03  1.23983D-03 -3.92073D-03 -1.11056D-03 -1.24083D-03 
-9.84667D-03 -9.90087D-03 -3.37432D-03  0.00000D+00 -1.14207D-02  2.54215D-04 
 5.72046D-05 -2.51054D-03 -3.46366D-03 -3.69609D-03 -1.46713D-02 -1.47424D-02 
-2.02707D-03  0.00000D+00 -7.22339D-03 -3.46826D-03 -3.85155D-03 -1.04561D-03 
-7.62175D-03 -7.99622D-03 -2.07442D-02 -2.08580D-02 -8.91717D-04  0.00000D+00 
-2.73507D-03 -1.00077D-02 -1.06287D-02 -4.13838D-04 -1.39572D-02 -1.45344D-02 
-2.84238D-02 -2.86123D-02 -4.18871D-04  0.00000D+00 -7.00580D-04 -1.95270D-02 
-2.04661D-02 -1.65813D-03 -2.28042D-02 -2.36730D-02 -3.80413D-02 -3.84441D-02 
-1.94268D-03  0.00000D+00 -2.67798D-03 -3.22012D-02 -3.35640D-02 -5.91629D-03 
-3.45827D-02 -3.58184D-02 -4.98170D-02 -5.06901D-02 -6.41691D-03  0.00000D+00 
-9.87948D-03 -4.81557D-02 -5.00699D-02 -1.44406D-02 -4.96847D-02 -5.13646D-02 
-6.38196D-02 -6.52998D-02 -1.51592D-02  0.00000D+00 -2.34894D-02 -6.74043D-02 
-7.00142D-02 -2.87196D-02 -6.83175D-02 -7.06416D-02 -7.84468D-02 -8.12164D-02 
-2.93170D-02 -1.70592D-03 -3.73187D-02 -8.26045D-02 -8.57928D-02 -4.27837D-02 
-8.32689D-02 -8.61106D-02 -8.86496D-02 -9.24370D-02 -4.34288D-02 -4.57201D-03 
-4.47802D-02 -8.98606D-02 -9.33375D-02 -5.02797D-02 -9.03781D-02 -9.34776D-02 
-9.23896D-02 -9.73795D-02 -5.08882D-02 -3.35119D-02 -7.51949D-02 -1.15398D-01 
-1.20033D-01 -8.06555D-02 -1.15323D-01 -1.19390D-01 -1.06561D-01 -1.14319D-01 
-8.13950D-02 -7.70868D-02 -1.16406D-01 -1.43641D-01 -1.50060D-01 -1.21759D-01 
-1.42778D-01 -1.49028D-01 -1.21889D-01 -1.34040D-01 -1.22139D-01 -1.34124D-01 
-1.70089D-01 -1.73277D-01 -1.82574D-01 -1.74825D-01 -1.72191D-01 -1.80537D-01 
-1.30929D-01 -1.52848D-01 -1.75474D-01 -2.05605D-01 -2.37882D-01 -2.01702D-01 
-2.15294D-01 -2.41690D-01 -2.01396D-01 -2.13331D-01 -1.30484D-01 -1.63316D-01 
-2.42590D-01 -2.92155D-01 -3.20388D-01 -2.24979D-01 -2.45642D-01 -3.24324D-01 
-2.23712D-01 -2.43861D-01 -1.18440D-01 -1.88877D-01 -3.24282D-01 -3.92961D-01 
-4.16114D-01 -2.36531D-01 -2.69601D-01 -4.19305D-01 -2.35893D-01 -2.67634D-01 
-8.30024D-02 -1.77320D-01 -4.19851D-01 -5.04324D-01 -5.22966D-01 -2.25724D-01 
-2.78154D-01 -5.24882D-01 -2.26994D-01 -2.77068D-01 -2.76886D-02 -1.48979D-01 
-5.25196D-01 -6.17906D-01 -6.31137D-01 -1.78780D-01 -2.61703D-01 -6.33282D-01 
-1.77079D-01 -2.61103D-01  4.02968D-02 -1.01678D-01 -6.33080D-01 -7.18649D-01 
-7.26928D-01 -7.77495D-02 -2.10934D-01 -7.27645D-01 -7.89169D-02 -2.08530D-01 
 1.82356D-01 -9.60254D-02 -7.27837D-01 -7.83309D-01 -7.86671D-01  9.23166D-02 
-1.15297D-01 -7.86976D-01  9.16509D-02 -1.13877D-01  3.66103D-01  1.44622D-01 
-7.86836D-01 -7.80730D-01 -7.79508D-01  3.39318D-01  2.95896D-02 -7.79259D-01 
 3.41172D-01  3.17751D-02  5.40255D-01  4.70256D-02 -7.79304D-01 -6.77086D-01 
-6.72569D-01  6.61377D-01  2.17857D-01 -6.72426D-01  6.60461D-01  2.23974D-01 
 7.13387D-01  5.47052D-01 -6.72322D-01 -4.48766D-01 -4.43294D-01  1.03787D+00 
 4.48763D-01 -4.43001D-01  1.03643D+00  4.51737D-01  9.27418D-01  6.56278D-01 
-4.43282D-01 -1.01846D-01 -9.77243D-02  1.43298D+00  7.10257D-01 -9.70920D-02 
 1.43327D+00  6.97825D-01  1.19866D+00  8.18418D-01 -9.59841D-02  3.14376D-01 
 3.16797D-01  1.80895D+00  1.00365D+00  3.16993D-01  1.80828D+00  9.80114D-01 
 1.30791D+00  2.12262D+00  3.21632D-01  0.00000D+00  0.00000D+00  0.00000D+00 
 0.00000D+00  0.00000D+00  0.00000D+00  0.00000D+00  3.11054D-08  3.38252D-08 
-1.02803D-05  0.00000D+00  0.00000D+00  0.00000D+00  0.00000D+00  0.00000D+00 
 0.00000D+00  0.00000D+00  6.14405D-08  6.28604D-08 -9.74784D-07  0.00000D+00 
 0.00000D+00  0.00000D+00  0.00000D+00  0.00000D+00  0.00000D+00  0.00000D+00 
 8.67324D-08  8.65597D-08  1.47384D-06  0.00000D+00  0.00000D+00  0.00000D+00 
 0.00000D+00  0.00000D+00  0.00000D+00  0.00000D+00  1.03085D-07  1.01408D-07 
 1.71949D-06  0.00000D+00  0.00000D+00  0.00000D+00  0.00000D+00  0.00000D+00 
 0.00000D+00  0.00000D+00  1.09785D-07  1.06360D-07 -1.12514D-07  0.00000D+00 
 0.00000D+00  0.00000D+00  0.00000D+00  0.00000D+00  0.00000D+00  0.00000D+00 
 9.98353D-08  9.33943D-08 -4.35023D-06  0.00000D+00  0.00000D+00  0.00000D+00 
 0.00000D+00  0.00000D+00 -9.36093D-08 -6.03522D-08  8.34528D-08  7.49149D-08 
-6.81685D-06  0.00000D+00  0.00000D+00  0.00000D+00  0.00000D+00  0.00000D+00 
-7.35958D-08  1.80743D-07  7.57377D-08  6.63158D-08 -7.64891D-06  0.00000D+00 
 0.00000D+00  0.00000D+00  0.00000D+00  0.00000D+00  2.38419D-06  4.00963D-06 
 3.50646D-08  2.24602D-08 -1.06416D-05  0.00000D+00  0.00000D+00  0.00000D+00 
 0.00000D+00  5.32112D-07  1.91608D-05  1.75945D-05 -1.85266D-07 -2.10705D-07 
-1.68172D-05  0.00000D+00  0.00000D+00  0.00000D+00  0.00000D+00  5.91135D-07 
 1.93534D-05  1.73895D-05 -2.34466D-07 -2.62819D-07 -1.73528D-05  0.00000D+00 
 0.00000D+00  0.00000D+00  0.00000D+00 -2.42860D-05  1.08656D-05  8.73679D-06 
-7.86671D-07 -8.40732D-07 -1.72973D-05  0.00000D+00  0.00000D+00  0.00000D+00 
 0.00000D+00 -6.14309D-05 -7.81158D-06 -8.73561D-06 -2.27785D-06 -2.38506D-06 
-6.65242D-06  0.00000D+00  0.00000D+00  0.00000D+00  0.00000D+00 -4.73994D-05 
-2.90832D-05 -2.86763D-05 -5.68261D-06 -5.89272D-06  1.15477D-05  0.00000D+00 
 0.00000D+00  0.00000D+00  0.00000D+00  2.46756D-06 -4.83936D-05 -4.67269D-05 
-1.38500D-05 -1.42652D-05  2.20406D-05  0.00000D+00  0.00000D+00  0.00000D+00 
 0.00000D+00  3.84187D-05 -6.03488D-05 -5.76698D-05 -3.35964D-05 -3.43746D-05 
 1.57186D-05  0.00000D+00  0.00000D+00  0.00000D+00  0.00000D+00  2.29397D-05 
-5.86938D-05 -5.54465D-05 -7.78027D-05 -7.93637D-05 -1.07519D-05  0.00000D+00 
 0.00000D+00  0.00000D+00  0.00000D+00 -5.63405D-05 -4.02057D-05 -3.72443D-05 
-1.68759D-04 -1.71393D-04 -1.05949D-04  0.00000D+00  0.00000D+00 -3.87322D-06 
-8.87053D-06 -1.79194D-04 -1.26036D-05 -1.15431D-05 -3.54774D-04 -3.59790D-04 
-2.10684D-04  0.00000D+00  0.00000D+00 -4.16992D-06 -9.21268D-06 -1.79899D-04 
-1.24707D-05 -1.14272D-05 -3.56165D-04 -3.61189D-04 -2.11323D-04  0.00000D+00 
 0.00000D+00 -9.64653D-06 -1.40469D-05 -1.91116D-04 -1.04327D-05 -9.66879D-06 
-3.79307D-04 -3.84036D-04 -2.20588D-04  0.00000D+00  9.61392D-05 -1.40269D-05 
-1.03118D-05 -2.51486D-04 -3.11210D-06 -4.36341D-06 -5.27341D-04 -5.33968D-04 
-2.12497D-04  0.00000D+00  9.85672D-05  1.26009D-05  1.69365D-05 -2.97734D-04 
-6.29137D-06 -1.01119D-05 -6.94249D-04 -7.01845D-04 -2.75709D-04  0.00000D+00 
-4.87213D-04  5.45839D-05  5.01648D-05 -3.50620D-04 -8.57979D-05 -9.97490D-05 
-1.28565D-03 -1.29887D-03 -2.99320D-04  0.00000D+00 -7.68559D-04 -7.96731D-05 
-1.04231D-04 -2.95635D-04 -3.62024D-04 -3.94923D-04 -2.22517D-03 -2.24716D-03 
-3.09994D-04  0.00000D+00 -6.29115D-04 -5.88565D-04 -6.49505D-04 -1.40995D-04 
-9.95900D-04 -1.06174D-03 -3.73486D-03 -3.77629D-03 -1.66204D-04  0.00000D+00 
-2.60032D-04 -1.72754D-03 -1.85065D-03  1.68125D-05 -2.21413D-03 -2.33756D-03 
-6.02441D-03 -6.09933D-03  5.09600D-05  0.00000D+00  2.19281D-05 -3.83868D-03 
-4.06499D-03 -3.61196D-05 -4.34102D-03 -4.56257D-03 -9.43664D-03 -9.62452D-03 
-7.49978D-05  0.00000D+00 -2.38161D-04 -7.37449D-03 -7.76763D-03 -6.66914D-04 
-7.84661D-03 -8.21163D-03 -1.46269D-02 -1.49529D-02 -8.04002D-04  0.00000D+00 
-1.68453D-03 -1.29101D-02 -1.35647D-02 -2.46545D-03 -1.33424D-02 -1.39404D-02 
-2.16746D-02 -2.24891D-02 -2.63550D-03 -1.77415D-05 -3.84132D-03 -1.82816D-02 
-1.91920D-02 -4.86423D-03 -1.87273D-02 -1.95724D-02 -2.81127D-02 -2.89442D-02 
-5.00561D-03 -2.65413D-04 -5.22132D-03 -2.11660D-02 -2.22160D-02 -6.35104D-03 
-2.16326D-02 -2.26110D-02 -3.09901D-02 -3.21617D-02 -6.48880D-03 -4.01071D-03 
-1.21072D-02 -3.30791D-02 -3.47214D-02 -1.35170D-02 -3.34871D-02 -3.49918D-02 
-4.29983D-02 -4.46049D-02 -1.37193D-02 -1.35498D-02 -2.41068D-02 -4.98829D-02 
-5.24727D-02 -2.58904D-02 -5.01545D-02 -5.26625D-02 -5.77663D-02 -6.15005D-02 
-2.60853D-02 -3.10743D-02 -4.36320D-02 -7.29903D-02 -7.72336D-02 -4.55095D-02 
-7.30535D-02 -7.70723D-02 -7.60006D-02 -8.52593D-02 -4.57987D-02 -5.97160D-02 
-7.38489D-02 -1.03642D-01 -1.10645D-01 -7.59431D-02 -1.03780D-01 -1.10179D-01 
-9.64198D-02 -1.11065D-01 -7.61134D-02 -1.03491D-01 -1.18972D-01 -1.42693D-01 
-1.54049D-01 -1.20997D-01 -1.42841D-01 -1.53549D-01 -1.15681D-01 -1.48941D-01 
-1.21227D-01 -1.67099D-01 -1.82900D-01 -1.90170D-01 -2.09638D-01 -1.85684D-01 
-1.89735D-01 -2.09634D-01 -1.28240D-01 -1.85433D-01 -1.85619D-01 -2.55210D-01 
-2.70947D-01 -2.43293D-01 -2.76416D-01 -2.72564D-01 -2.44192D-01 -2.74370D-01 
-1.37365D-01 -2.31840D-01 -2.73108D-01 -3.71049D-01 -3.85731D-01 -2.95178D-01 
-3.49470D-01 -3.88100D-01 -2.94110D-01 -3.48458D-01 -1.30915D-01 -2.33945D-01 
-3.87803D-01 -5.13799D-01 -5.26513D-01 -3.31907D-01 -4.22944D-01 -5.28133D-01 
-3.33148D-01 -4.22372D-01 -9.30038D-02 -3.21932D-01 -5.28475D-01 -6.75153D-01 
-6.85371D-01 -3.33548D-01 -4.82280D-01 -6.86470D-01 -3.34274D-01 -4.82904D-01 
 1.81320D-02 -1.55116D-01 -6.86504D-01 -8.35202D-01 -8.41772D-01 -2.76931D-01 
-5.13137D-01 -8.42420D-01 -2.75517D-01 -5.04663D-01  1.15922D-01 -3.60026D-01 
-8.42364D-01 -9.60915D-01 -9.63420D-01 -1.39542D-01 -4.89666D-01 -9.63822D-01 
-1.40360D-01 -4.76446D-01  2.61309D-01  4.74983D-02 -9.63629D-01 -1.01095D+00 
-1.01013D+00  8.88805D-02 -3.87751D-01 -1.01040D+00  8.72199D-02 -3.79341D-01 
 4.60216D-01  6.98262D-02 -1.01094D+00 -9.51563D-01 -9.49657D-01  3.98293D-01 
-2.04562D-01 -9.49541D-01  3.99345D-01 -2.18956D-01  7.47351D-01  1.32253D-01 
-9.48702D-01 -7.78811D-01 -7.76992D-01  7.59413D-01  4.86582D-02 -7.76985D-01 
 7.58021D-01  2.22460D-02  8.36807D-01  1.48991D+00 -7.71932D-01  0.00000D+00 
 0.00000D+00  0.00000D+00  0.00000D+00  0.00000D+00  0.00000D+00  0.00000D+00 
 1.54957D-10  1.70297D-10 -1.24981D-07  0.00000D+00  0.00000D+00  0.00000D+00 
 0.00000D+00  0.00000D+00  0.00000D+00  0.00000D+00  3.60923D-10  3.71831D-10 
-3.12121D-08  0.00000D+00  0.00000D+00  0.00000D+00  0.00000D+00  0.00000D+00 
 0.00000D+00  0.00000D+00  6.21735D-10  6.26826D-10  4.01206D-09  0.00000D+00 
 0.00000D+00  0.00000D+00  0.00000D+00  0.00000D+00  0.00000D+00  0.00000D+00 
 9.48833D-10  9.47439D-10  2.18208D-08  0.00000D+00  0.00000D+00  0.00000D+00 
 0.00000D+00  0.00000D+00  0.00000D+00  0.00000D+00  1.38154D-09  1.37008D-09 
 1.90146D-08  0.00000D+00  0.00000D+00  0.00000D+00  0.00000D+00  0.00000D+00 
 0.00000D+00  0.00000D+00  1.96446D-09  1.93406D-09 -2.29997D-08  0.00000D+00 
 0.00000D+00  0.00000D+00  0.00000D+00  0.00000D+00  2.24589D-10  9.08270D-10 
 2.23365D-09  2.20679D-09 -5.99217D-08  0.00000D+00  0.00000D+00  0.00000D+00 
 0.00000D+00  0.00000D+00  9.64191D-10  3.25382D-09  2.32849D-09  2.29453D-09 
-7.43011D-08  0.00000D+00  0.00000D+00  0.00000D+00  0.00000D+00  0.00000D+00 
 2.71667D-08  4.45968D-08  2.58979D-09  2.52119D-09 -1.36979D-07  0.00000D+00 
 0.00000D+00  0.00000D+00  0.00000D+00 -8.74929D-10  3.17963D-07  2.99377D-07 
 2.40770D-09  2.32779D-09 -3.63685D-07  0.00000D+00  0.00000D+00  0.00000D+00 
 0.00000D+00 -5.04171D-09  3.43043D-07  3.16711D-07  2.21449D-09  2.13661D-09 
-4.01683D-07  0.00000D+00  0.00000D+00  0.00000D+00  0.00000D+00 -4.24161D-07 
 3.67658D-07  3.21352D-07 -1.62741D-09 -2.03981D-09 -6.91512D-07  0.00000D+00 
 0.00000D+00  0.00000D+00  0.00000D+00 -1.67387D-06  1.66444D-07  1.22223D-07 
-1.90325D-08 -1.97041D-08 -9.53548D-07  0.00000D+00  0.00000D+00  0.00000D+00 
 0.00000D+00 -2.60082D-06 -2.83251D-07 -3.13007D-07 -7.11515D-08 -7.34390D-08 
-8.74286D-07  0.00000D+00  0.00000D+00  0.00000D+00  0.00000D+00 -2.32143D-06 
-9.88330D-07 -9.90082D-07 -2.13619D-07 -2.19644D-07 -3.07317D-07  0.00000D+00 
 0.00000D+00  0.00000D+00  0.00000D+00 -9.45820D-07 -1.89660D-06 -1.85352D-06 
-6.12545D-07 -6.34092D-07  1.64232D-07  0.00000D+00  0.00000D+00  0.00000D+00 
 0.00000D+00  4.95447D-07 -2.75685D-06 -2.65073D-06 -1.79117D-06 -1.83551D-06 
 1.83217D-07  0.00000D+00  0.00000D+00  0.00000D+00  0.00000D+00 -1.49537D-08 
-3.03386D-06 -2.85636D-06 -4.79299D-06 -4.87544D-06 -1.18996D-06  0.00000D+00 
 0.00000D+00 -8.74867D-09 -1.90267D-08 -4.76527D-06 -2.08213D-06 -1.86537D-06 
-1.21012D-05 -1.23440D-05 -5.68438D-06  0.00000D+00  0.00000D+00 -9.45382D-09 
-1.96155D-08 -4.80513D-06 -2.07314D-06 -1.85639D-06 -1.21489D-05 -1.24160D-05 
-5.77811D-06  0.00000D+00  0.00000D+00 -2.04077D-08 -2.58493D-08 -5.46123D-06 
-1.92491D-06 -1.70893D-06 -1.31053D-05 -1.35365D-05 -7.05150D-06  0.00000D+00 
 1.94902D-07  1.65527D-07  2.51931D-07 -9.86465D-06 -9.46091D-07 -7.62148D-07 
-2.06145D-05 -2.12024D-05 -1.72171D-05  0.00000D+00 -1.35235D-06  8.87211D-07 
 1.05159D-06 -1.46903D-05 -2.82386D-09  1.01760D-07 -3.04403D-05 -3.07007D-05 
-3.72073D-06  0.00000D+00 -2.31717D-05  4.25635D-06  4.32659D-06 -2.74899D-05 
 3.88050D-07 -4.31267D-08 -6.83477D-05 -6.93845D-05 -7.40770D-06  0.00000D+00 
-5.83006D-05  2.95798D-06  1.90539D-06 -3.66418D-05 -1.03191D-05 -1.22834D-05 
-1.48524D-04 -1.51479D-04  2.39641D-05  0.00000D+00 -7.76146D-05 -2.47590D-05 
-2.91308D-05 -3.32080D-05 -5.35006D-05 -5.89059D-05 -3.07830D-04 -3.14583D-04 
-4.50651D-05  0.00000D+00 -6.18166D-05 -1.23365D-04 -1.35452D-04 -1.22808D-05 
-1.71789D-04 -1.84864D-04 -5.92717D-04 -6.06780D-04 -2.75329D-05  0.00000D+00 
-1.31766D-05 -3.74947D-04 -4.03341D-04  1.72609D-05 -4.42776D-04 -4.72020D-04 
-1.12376D-03 -1.15105D-03  1.43486D-05  0.00000D+00  2.93575D-05 -9.23155D-04 
-9.84212D-04  1.56193D-05 -1.00594D-03 -1.06641D-03 -2.10788D-03 -2.17120D-03 
 2.60924D-05  0.00000D+00 -3.88574D-05 -2.00672D-03 -2.13042D-03 -1.17405D-04 
-2.10256D-03 -2.21723D-03 -3.89565D-03 -4.03710D-03 -1.97878D-04 -6.03617D-07 
-2.59200D-04 -3.26165D-03 -3.45745D-03 -3.95824D-04 -3.37173D-03 -3.55627D-03 
-5.66967D-03 -5.88979D-03 -4.10621D-04 -1.38958D-05 -4.36751D-04 -4.00487D-03 
-4.24403D-03 -6.04637D-04 -4.12995D-03 -4.35667D-03 -6.81862D-03 -7.00001D-03 
-6.41804D-04 -4.21682D-04 -1.57362D-03 -7.51264D-03 -7.95562D-03 -1.85337D-03 
-7.67726D-03 -8.11004D-03 -1.09851D-02 -1.14341D-02 -1.89939D-03 -2.06664D-03 
-4.17448D-03 -1.34619D-02 -1.42680D-02 -4.59650D-03 -1.36667D-02 -1.43784D-02 
-1.68117D-02 -1.84786D-02 -4.68989D-03 -6.21208D-03 -9.48543D-03 -2.32710D-02 
-2.47672D-02 -1.00643D-02 -2.34026D-02 -2.49600D-02 -2.59972D-02 -3.02474D-02 
-1.00906D-02 -1.49153D-02 -1.95338D-02 -3.89085D-02 -4.17478D-02 -2.03879D-02 
-3.88556D-02 -4.16071D-02 -4.16897D-02 -4.71656D-02 -2.03458D-02 -3.14433D-02 
-3.76153D-02 -6.28634D-02 -6.80370D-02 -3.83587D-02 -6.30116D-02 -6.79429D-02 
-5.96054D-02 -8.44021D-02 -3.87087D-02 -6.07677D-02 -6.86411D-02 -9.82296D-02 
-1.07734D-01 -7.00089D-02 -9.85950D-02 -1.07507D-01 -8.60389D-02 -1.07943D-01 
-6.98159D-02 -1.09992D-01 -1.19161D-01 -1.47928D-01 -1.66072D-01 -1.20428D-01 
-1.48645D-01 -1.66841D-01 -1.15175D-01 -1.50623D-01 -1.20707D-01 -1.88448D-01 
-1.99109D-01 -2.12869D-01 -2.44969D-01 -2.00354D-01 -2.13147D-01 -2.44951D-01 
-1.49248D-01 -1.70789D-01 -2.00523D-01 -3.06769D-01 -3.17995D-01 -2.89815D-01 
-3.46212D-01 -3.19595D-01 -2.90249D-01 -3.45308D-01 -1.83893D-01 -2.94136D-01 
-3.19772D-01 -4.74261D-01 -4.85534D-01 -3.66347D-01 -4.65325D-01 -4.86768D-01 
-3.68205D-01 -4.66818D-01 -1.64461D-01 -2.10834D-01 -4.87006D-01 -6.93152D-01 
-7.03238D-01 -4.22782D-01 -5.81148D-01 -7.04385D-01 -4.18646D-01 -5.82255D-01 
-1.61296D-01 -4.43158D-01 -7.04321D-01 -9.50576D-01 -9.58059D-01 -4.28977D-01 
-6.78765D-01 -9.58832D-01 -4.28335D-01 -6.70199D-01 -1.30366D-01 -1.95590D-01 
-9.58754D-01 -1.21059D+00 -1.21453D+00 -3.56147D-01 -7.15835D-01 -1.21511D+00 
-3.57602D-01 -7.05113D-01 -2.67907D-02 -2.40757D-01 -1.21548D+00 -1.41494D+00 
-1.41602D+00 -1.86592D-01 -6.56481D-01 -1.41641D+00 -1.85247D-01 -6.62780D-01 
 2.01017D-01 -2.64059D-01 -1.41632D+00 -1.50127D+00 -1.50108D+00  7.45142D-02 
-5.08326D-01 -1.50126D+00  7.40854D-02 -5.26020D-01  2.41550D-01  9.00607D-01 
-1.49979D+00  0.00000D+00  0.00000D+00  0.00000D+00  0.00000D+00  0.00000D+00 
 0.00000D+00  0.00000D+00  3.48098D-13  4.31725D-13 -1.09322D-09  0.00000D+00 
 0.00000D+00  0.00000D+00  0.00000D+00  0.00000D+00  0.00000D+00  0.00000D+00 
 1.42884D-12  1.53401D-12 -4.07844D-10  0.00000D+00  0.00000D+00  0.00000D+00 
 0.00000D+00  0.00000D+00  0.00000D+00  0.00000D+00  3.38163D-12  3.50236D-12 
-7.47074D-11  0.00000D+00  0.00000D+00  0.00000D+00  0.00000D+00  0.00000D+00 
 0.00000D+00  0.00000D+00  6.78870D-12  6.87631D-12  2.06482D-10  0.00000D+00 
 0.00000D+00  0.00000D+00  0.00000D+00  0.00000D+00  0.00000D+00  0.00000D+00 
 1.29313D-11  1.29615D-11  4.21054D-10  0.00000D+00  0.00000D+00  0.00000D+00 
 0.00000D+00  0.00000D+00  0.00000D+00  0.00000D+00  2.48726D-11  2.48859D-11 
 3.97311D-10  0.00000D+00  0.00000D+00  0.00000D+00  0.00000D+00  0.00000D+00 
 7.72644D-13  4.50312D-12  3.24146D-11  3.24366D-11  1.97816D-10  0.00000D+00 
 0.00000D+00  0.00000D+00  0.00000D+00  0.00000D+00  4.88171D-12  1.71814D-11 
 3.51993D-11  3.54989D-11  1.16056D-10  0.00000D+00  0.00000D+00  0.00000D+00 
 0.00000D+00  0.00000D+00  1.74608D-10  3.01971D-10  4.85468D-11  4.81043D-11 
-3.80836D-10  0.00000D+00  0.00000D+00  0.00000D+00  0.00000D+00 -4.00639D-12 
 3.22255D-09  3.13891D-09  8.88823D-11  8.58894D-11 -2.95144D-09  0.00000D+00 
 0.00000D+00  0.00000D+00  0.00000D+00 -3.02894D-11  3.66574D-09  3.50040D-09 
 9.31369D-11  9.34043D-11 -3.56701D-09  0.00000D+00  0.00000D+00  0.00000D+00 
 0.00000D+00 -4.10709D-09  5.81514D-09  5.30258D-09  1.27193D-10  1.37415D-10 
-9.18346D-09  0.00000D+00  0.00000D+00  0.00000D+00  0.00000D+00 -2.46936D-08 
 6.25384D-09  5.50764D-09  9.77686D-11  7.02657D-11 -1.96711D-08  0.00000D+00 
 0.00000D+00  0.00000D+00  0.00000D+00 -5.63719D-08  2.67660D-09  1.84717D-09 
-5.17744D-10 -5.67310D-10 -2.92262D-08  0.00000D+00  0.00000D+00  0.00000D+00 
 0.00000D+00 -7.70794D-08 -7.65067D-09 -8.25961D-09 -2.91798D-09 -2.68797D-09 
-2.92463D-08  0.00000D+00  0.00000D+00  0.00000D+00  0.00000D+00 -6.35387D-08 
-2.79786D-08 -2.77287D-08 -1.01610D-08 -1.11403D-08  6.57952D-09  0.00000D+00 
 0.00000D+00  0.00000D+00  0.00000D+00 -6.61497D-09 -5.76788D-08 -5.53283D-08 
-4.02613D-08 -3.72816D-08  1.79640D-08  0.00000D+00  0.00000D+00  0.00000D+00 
 0.00000D+00  4.93918D-08 -8.38093D-08 -7.73501D-08 -1.33805D-07 -1.48558D-07 
 1.74157D-07  0.00000D+00  0.00000D+00 -3.04249D-11 -7.01756D-11 -4.14976D-08 
-7.01619D-08 -5.81068D-08 -4.20023D-07 -3.82353D-07  7.72754D-08  0.00000D+00 
 0.00000D+00 -3.34877D-11 -7.11512D-11 -4.27909D-08 -6.98775D-08 -5.78039D-08 
-4.24198D-07 -3.82633D-07  7.68907D-08  0.00000D+00  0.00000D+00 -7.10966D-11 
-2.68177D-11 -6.47983D-08 -6.49730D-08 -5.26031D-08 -4.66198D-07 -4.74734D-07 
 9.33718D-09  0.00000D+00  6.04149D-10  4.19602D-09  6.27630D-09 -2.48904D-07 
-2.35913D-08 -8.39233D-09 -7.98380D-07 -7.92175D-07 -7.43961D-07  0.00000D+00 
-3.68067D-08  2.45763D-08  3.01539D-08 -5.12818D-07  3.40062D-08  4.95555D-08 
-1.24903D-06 -1.23001D-06 -1.44923D-06  0.00000D+00 -9.49058D-07  1.91416D-07 
 2.01518D-07 -1.58740D-06  2.00905D-07  1.99894D-07 -3.29628D-06 -3.34928D-06 
-4.91714D-06  0.00000D+00 -3.63726D-06  3.78555D-07  3.46273D-07 -3.09249D-06 
 3.65726D-08 -4.40466D-08 -8.81117D-06 -8.99445D-06  1.30620D-06  0.00000D+00 
-7.12879D-06 -5.67206D-07 -7.98349D-07 -4.29227D-06 -1.94852D-06 -2.27483D-06 
-1.99632D-05 -2.04515D-05  1.88657D-05  0.00000D+00 -8.80429D-06 -6.41760D-06 
-7.25807D-06 -3.65608D-06 -9.91391D-06 -1.08787D-05 -4.30264D-05 -4.46565D-05 
-1.85643D-05  0.00000D+00 -5.57785D-06 -2.69392D-05 -2.93842D-05  2.11783D-07 
-3.37928D-05 -3.63999D-05 -9.68773D-05 -9.87097D-05  8.17092D-06  0.00000D+00 
 3.36335D-06 -8.48555D-05 -9.12193D-05  6.34778D-06 -9.61994D-05 -1.02789D-04 
-2.07092D-04 -2.13432D-04  8.83656D-05  0.00000D+00  9.92531D-06 -2.29220D-04 
-2.44680D-04  5.15963D-06 -2.46347D-04 -2.61120D-04 -4.46872D-04 -4.54912D-04 
-2.50326D-05 -1.75518D-08 -1.90457D-06 -4.28831D-04 -4.56465D-04 -1.55438D-05 
-4.52770D-04 -4.78119D-04 -7.40665D-04 -7.76814D-04 -1.82112D-05 -6.80569D-07 
-1.76817D-05 -5.59547D-04 -5.95056D-04 -3.67593D-05 -5.87278D-04 -6.19624D-04 
-1.00586D-03 -1.05411D-03 -4.25868D-05 -4.07653D-05 -1.64686D-04 -1.26951D-03 
-1.34709D-03 -2.12020D-04 -1.31775D-03 -1.39896D-03 -1.92896D-03 -1.99189D-03 
-2.04301D-04 -2.86998D-04 -6.27189D-04 -2.72711D-03 -2.89086D-03 -7.04820D-04 
-2.80613D-03 -2.93796D-03 -3.53638D-03 -3.75510D-03 -7.02719D-04 -1.12366D-03 
-1.82473D-03 -5.61687D-03 -5.96190D-03 -1.98879D-03 -5.70918D-03 -6.09587D-03 
-6.29433D-03 -7.14491D-03 -1.95786D-03 -3.35204D-03 -4.60249D-03 -1.11428D-02 
-1.18923D-02 -4.83030D-03 -1.11721D-02 -1.19002D-02 -1.19670D-02 -1.34546D-02 
-4.86119D-03 -8.54428D-03 -1.05551D-02 -2.12645D-02 -2.28384D-02 -1.07909D-02 
-2.14103D-02 -2.31296D-02 -2.05296D-02 -3.30363D-02 -1.10106D-02 -1.96222D-02 
-2.27891D-02 -3.90814D-02 -4.21063D-02 -2.31723D-02 -3.94143D-02 -4.23315D-02 
-3.66141D-02 -3.53214D-02 -2.31573D-02 -4.17042D-02 -4.59915D-02 -6.91285D-02 
-7.57359D-02 -4.68164D-02 -6.95594D-02 -7.58568D-02 -5.77778D-02 -8.28569D-02 
-4.69740D-02 -8.31828D-02 -8.91555D-02 -1.16950D-01 -1.29267D-01 -8.95078D-02 
-1.17408D-01 -1.28585D-01 -9.13653D-02 -9.08339D-02 -8.99621D-02 -1.56622D-01 
-1.64051D-01 -1.88077D-01 -2.10554D-01 -1.65253D-01 -1.88562D-01 -2.10660D-01 
-1.39409D-01 -1.94835D-01 -1.65107D-01 -2.78635D-01 -2.87299D-01 -2.83792D-01 
-3.24292D-01 -2.88268D-01 -2.85182D-01 -3.27257D-01 -1.72821D-01 -1.47591D-01 
-2.88500D-01 -4.66610D-01 -4.75913D-01 -3.98636D-01 -4.68832D-01 -4.76939D-01 
-3.96428D-01 -4.65646D-01 -2.15565D-01 -3.69265D-01 -4.77039D-01 -7.30547D-01 
-7.39184D-01 -5.14161D-01 -6.20618D-01 -7.40000D-01 -5.14012D-01 -6.12396D-01 
-2.98310D-01 -2.37285D-01 -7.40233D-01 -1.05891D+00 -1.06538D+00 -6.01584D-01 
-7.44374D-01 -1.06612D+00 -6.02994D-01 -7.37772D-01 -2.93693D-01 -3.31371D-01 
-1.06612D+00 -1.40499D+00 -1.40851D+00 -6.28109D-01 -8.01463D-01 -1.40922D+00 
-6.27101D-01 -8.06433D-01 -2.04539D-01 -4.08169D-01 -1.40996D+00 -1.68885D+00 
-1.69055D+00 -5.70397D-01 -7.70213D-01 -1.69091D+00 -5.71071D-01 -7.83045D-01 
-2.68723D-01  4.29878D-01 -1.69299D+00  0.00000D+00  0.00000D+00  0.00000D+00 
 0.00000D+00  0.00000D+00  0.00000D+00  0.00000D+00 -1.25919D-15 -9.13224D-16 
-8.15218D-12  0.00000D+00  0.00000D+00  0.00000D+00  0.00000D+00  0.00000D+00 
 0.00000D+00  0.00000D+00  1.07536D-15  1.82101D-15 -4.43621D-12  0.00000D+00 
 0.00000D+00  0.00000D+00  0.00000D+00  0.00000D+00  0.00000D+00  0.00000D+00 
 8.36805D-15  9.34201D-15 -2.51652D-12  0.00000D+00  0.00000D+00  0.00000D+00 
 0.00000D+00  0.00000D+00  0.00000D+00  0.00000D+00  2.59089D-14  2.67958D-14 
-3.41172D-13  0.00000D+00  0.00000D+00  0.00000D+00  0.00000D+00  0.00000D+00 
 0.00000D+00  0.00000D+00  6.85332D-14  7.02250D-14  2.39238D-12  0.00000D+00 
 0.00000D+00  0.00000D+00  0.00000D+00  0.00000D+00  0.00000D+00  0.00000D+00 
 1.86878D-13  1.93614D-13  4.86262D-12  0.00000D+00  0.00000D+00  0.00000D+00 
 0.00000D+00  0.00000D+00  1.42352D-15  1.64481D-14  3.02838D-13  2.97963D-13 
 4.85285D-12  0.00000D+00  0.00000D+00  0.00000D+00  0.00000D+00  0.00000D+00 
 1.80407D-14  7.55272D-14  3.40615D-13  3.32796D-13  4.81838D-12  0.00000D+00 
 0.00000D+00  0.00000D+00  0.00000D+00  0.00000D+00  9.93543D-13  1.83285D-12 
 5.36031D-13  5.67290D-13  2.65325D-12  0.00000D+00  0.00000D+00  0.00000D+00 
 0.00000D+00 -9.79564D-15  2.93811D-11  2.95604D-11  1.57482D-12  1.52078D-12 
-1.68147D-11  0.00000D+00  0.00000D+00  0.00000D+00  0.00000D+00 -1.29756D-13 
 3.50935D-11  3.45512D-11  1.82194D-12  1.66050D-12 -2.41724D-11  0.00000D+00 
 0.00000D+00  0.00000D+00  0.00000D+00 -3.39427D-11  7.52246D-11  7.02107D-11 
 4.25286D-12  4.30375D-12 -9.70578D-11  0.00000D+00  0.00000D+00  0.00000D+00 
 0.00000D+00 -3.05021D-10  1.15034D-10  1.03755D-10  1.02175D-11  8.87333D-12 
-3.35630D-10  0.00000D+00  0.00000D+00  0.00000D+00  0.00000D+00 -9.85884D-10 
 9.95253D-11  8.00608D-11  1.94021D-11  1.53629D-11 -6.31466D-10  0.00000D+00 
 0.00000D+00  0.00000D+00  0.00000D+00 -1.94841D-09 -8.11620D-11 -1.08410D-10 
 3.29974D-11  9.39118D-12 -8.92016D-10  0.00000D+00  0.00000D+00  0.00000D+00 
 0.00000D+00 -2.69356D-09 -6.18308D-10 -6.45292D-10  7.67235D-12  2.36703D-10 
-1.94016D-09  0.00000D+00  0.00000D+00  0.00000D+00  0.00000D+00 -2.42382D-09 
-1.72599D-09 -1.72601D-09  2.72472D-10  6.49438D-10 -5.06054D-10  0.00000D+00 
 0.00000D+00  0.00000D+00  0.00000D+00 -1.22668D-09 -3.25202D-09 -3.15758D-09 
-1.45127D-09  2.50065D-09 -4.18966D-09  0.00000D+00  0.00000D+00 -9.52409D-14 
-1.41589D-13 -3.02426D-09 -3.78703D-09 -3.34160D-09 -1.50813D-09 -1.45848D-08 
-7.82521D-09  0.00000D+00  0.00000D+00 -1.05745D-13 -1.20251D-13 -3.05931D-09 
-3.78085D-09 -3.33312D-09 -1.29415D-09 -1.26315D-08 -7.95809D-09  0.00000D+00 
 0.00000D+00 -5.59963D-14  1.20042D-12 -3.67804D-09 -3.65332D-09 -3.19820D-09 
-7.46418D-09  1.07767D-08 -9.16621D-09  0.00000D+00 -1.14426D-12  9.95850D-11 
 1.52538D-10 -9.64254D-09 -2.05495D-09 -1.34510D-09 -3.67908D-09  1.52396D-08 
-1.58285D-08  0.00000D+00 -8.43403D-10  7.20061D-10  9.16862D-10 -1.98123D-08 
 1.27271D-09  1.78231D-09 -4.90625D-08 -2.19606D-08  4.94833D-09  0.00000D+00 
-3.19528D-08  8.74119D-09  9.53838D-09 -7.07057D-08  1.69089D-08  1.71741D-08 
-1.26608D-07 -1.41087D-07 -2.17106D-08  0.00000D+00 -1.61520D-07  2.96170D-08 
 2.96285D-08 -1.66457D-07  3.70065D-08  3.43025D-08 -3.92673D-07 -4.18222D-07 
-8.48802D-09  0.00000D+00 -3.93725D-07  1.51338D-08  5.24955D-09 -2.67067D-07 
-2.58835D-08 -4.74653D-08 -9.69369D-07 -8.94032D-07 -4.63730D-07  0.00000D+00 
-5.70502D-07 -3.03551D-07 -3.57134D-07 -2.30092D-07 -5.13017D-07 -5.70095D-07 
-2.86304D-06 -3.16137D-06  1.97696D-07  0.00000D+00 -3.20359D-07 -1.87811D-06 
-2.07970D-06  2.15446D-07 -2.46357D-06 -2.69025D-06 -8.95647D-06 -8.39307D-06 
-1.87651D-07  0.00000D+00  8.26544D-07 -7.53336D-06 -8.17836D-06  1.29011D-06 
-8.82606D-06 -9.52480D-06 -2.33463D-05 -2.21161D-05 -1.29741D-05  0.00000D+00 
 2.73776D-06 -2.48168D-05 -2.67090D-05  2.42796D-06 -2.74217D-05 -2.93945D-05 
-4.46838D-05 -3.96693D-05  7.33374D-07 -6.29703D-10  3.14594D-06 -5.26376D-05 
-5.64019D-05  1.84990D-06 -5.66372D-05 -6.02457D-05 -1.03287D-04 -1.00943D-04 
 6.81221D-09 -4.71636D-08  2.29073D-06 -7.23929D-05 -7.75576D-05  3.88604D-07 
-7.70113D-05 -8.15312D-05 -1.15355D-04 -1.30102D-04  2.02000D-07 -4.24543D-06 
-1.30362D-05 -1.93921D-04 -2.06790D-04 -1.98076D-05 -2.03262D-04 -2.17440D-04 
-3.51621D-04 -2.85286D-04 -1.43383D-05 -3.78934D-05 -8.05906D-05 -4.86042D-04 
-5.17578D-04 -9.19597D-05 -5.06653D-04 -5.32904D-04 -6.49880D-04 -7.14000D-04 
-8.57775D-05 -1.81009D-04 -2.98578D-04 -1.16158D-03 -1.23546D-03 -3.34372D-04 
-1.19489D-03 -1.27221D-03 -1.25873D-03 -1.39788D-03 -3.22305D-04 -6.44829D-04 
-9.07628D-04 -2.66537D-03 -2.84269D-03 -9.53626D-04 -2.67821D-03 -2.88068D-03 
-2.83955D-03 -3.30519D-03 -9.70369D-04 -1.93563D-03 -2.44067D-03 -5.86782D-03 
-6.29555D-03 -2.50098D-03 -5.93164D-03 -6.40418D-03 -5.43056D-03 -1.84339D-02 
-2.57443D-03 -5.18383D-03 -6.14479D-03 -1.23993D-02 -1.32762D-02 -6.23165D-03 
-1.25410D-02 -1.30893D-02 -1.18283D-02 -9.64711D-03 -6.24098D-03 -1.27543D-02 
-1.42670D-02 -2.51646D-02 -2.71809D-02 -1.46060D-02 -2.54439D-02 -2.78222D-02 
-2.15303D-02 -4.52499D-02 -1.46655D-02 -2.92807D-02 -3.17560D-02 -4.88444D-02 
-5.31429D-02 -3.18400D-02 -4.91083D-02 -5.37775D-02 -3.93385D-02 -1.92734D-02 
-3.20986D-02 -6.31498D-02 -6.67354D-02 -9.02048D-02 -9.79669D-02 -6.73483D-02 
-9.06191D-02 -9.68295D-02 -7.04917D-02 -1.06931D-01 -6.72214D-02 -1.28141D-01 
-1.32965D-01 -1.56526D-01 -1.70736D-01 -1.33515D-01 -1.57554D-01 -1.74115D-01 
-9.98692D-02 -5.18497D-02 -1.33648D-01 -2.43774D-01 -2.49810D-01 -2.53642D-01 
-2.77486D-01 -2.50464D-01 -2.52115D-01 -2.78043D-01 -1.54313D-01 -2.24055D-01 
-2.50579D-01 -4.31890D-01 -4.38506D-01 -3.79496D-01 -4.14457D-01 -4.39132D-01 
-3.79417D-01 -4.08144D-01 -2.41952D-01 -1.69646D-01 -4.39400D-01 -7.05614D-01 
-7.11695D-01 -5.21098D-01 -5.56160D-01 -7.12368D-01 -5.22265D-01 -5.49748D-01 
-3.00892D-01 -2.71528D-01 -7.12269D-01 -1.05086D+00 -1.05516D+00 -6.52483D-01 
-6.68592D-01 -1.05593D+00 -6.51881D-01 -6.71788D-01 -2.98568D-01 -3.73160D-01 
-1.05691D+00 -1.41089D+00 -1.41383D+00 -7.42872D-01 -7.24855D-01 -1.41442D+00 
-7.43187D-01 -7.34995D-01 -4.24367D-01  1.91434D-01 -1.41736D+00  0.00000D+00 
 0.00000D+00  0.00000D+00  0.00000D+00  0.00000D+00  0.00000D+00  0.00000D+00 
-9.10554D-18 -8.13906D-18 -4.55033D-14  0.00000D+00  0.00000D+00  0.00000D+00 
 0.00000D+00  0.00000D+00  0.00000D+00  0.00000D+00 -7.32351D-18 -4.15739D-18 
-3.07300D-14  0.00000D+00  0.00000D+00  0.00000D+00  0.00000D+00  0.00000D+00 
 0.00000D+00  0.00000D+00  1.51397D-17  2.03920D-17 -2.39500D-14  0.00000D+00 
 0.00000D+00  0.00000D+00  0.00000D+00  0.00000D+00  0.00000D+00  0.00000D+00 
 9.06259D-17  9.66553D-17 -1.35123D-14  0.00000D+00  0.00000D+00  0.00000D+00 
 0.00000D+00  0.00000D+00  0.00000D+00  0.00000D+00  3.11800D-16  3.26920D-16 
 5.26423D-15  0.00000D+00  0.00000D+00  0.00000D+00  0.00000D+00  0.00000D+00 
 0.00000D+00  0.00000D+00  1.04297D-15  1.12026D-15  3.19032D-14  0.00000D+00 
 0.00000D+00  0.00000D+00  0.00000D+00  0.00000D+00  1.49168D-18  4.50084D-17 
 1.95579D-15  1.89048D-15  3.94045D-14  0.00000D+00  0.00000D+00  0.00000D+00 
 0.00000D+00  0.00000D+00  5.01262D-17  2.77568D-16  2.22605D-15  2.10547D-15 
 4.26805D-14  0.00000D+00  0.00000D+00  0.00000D+00  0.00000D+00  0.00000D+00 
 5.08454D-15  9.97708D-15  3.73509D-15  4.23983D-15  3.97118D-14  0.00000D+00 
 0.00000D+00  0.00000D+00  0.00000D+00 -1.36126D-17  2.35014D-13  2.42866D-13 
 1.47731D-14  1.40272D-14 -6.95866D-14  0.00000D+00  0.00000D+00  0.00000D+00 
 0.00000D+00 -4.59054D-16  2.93610D-13  2.96533D-13  1.82825D-14  1.47145D-14 
-1.28163D-13  0.00000D+00  0.00000D+00  0.00000D+00  0.00000D+00 -2.54401D-13 
 8.29693D-13  7.90319D-13  5.45442D-14  5.23838D-14 -8.42763D-13  0.00000D+00 
 0.00000D+00  0.00000D+00  0.00000D+00 -3.24416D-12  1.71929D-12  1.58795D-12 
 1.54080D-13  1.17185D-13 -3.98486D-12  0.00000D+00  0.00000D+00  0.00000D+00 
 0.00000D+00 -1.35034D-11  2.28121D-12  1.97305D-12  4.49873D-13  2.71636D-13 
-1.08800D-11  0.00000D+00  0.00000D+00  0.00000D+00  0.00000D+00 -3.24552D-11 
-2.27137D-14 -6.05636D-13  1.57417D-12 -8.81081D-13 -1.63618D-11  0.00000D+00 
 0.00000D+00  0.00000D+00  0.00000D+00 -4.96431D-11 -1.19806D-11 -1.28102D-11 
-1.52473D-12  2.16989D-11 -6.25639D-12  0.00000D+00  0.00000D+00  0.00000D+00 
 0.00000D+00 -3.10938D-11 -4.82652D-11 -4.86844D-11  5.15013D-11  6.94609D-11 
 1.58595D-12  0.00000D+00  0.00000D+00  0.00000D+00  0.00000D+00  6.56935D-11 
-1.27414D-10 -1.24184D-10 -1.95844D-11  5.89804D-10  2.07967D-10  0.00000D+00 
 0.00000D+00  7.52416D-16  1.03174D-14  1.56589D-10 -2.26637D-10 -2.14094D-10 
 8.43816D-10 -1.50205D-09  2.94651D-10  0.00000D+00  0.00000D+00  9.36527D-16 
 1.17115D-14  1.56412D-10 -2.27048D-10 -2.14413D-10  9.07550D-10 -1.23713D-09 
 2.91414D-10  0.00000D+00  0.00000D+00  1.24476D-14  6.08124D-14  1.51683D-10 
-2.33344D-10 -2.18270D-10  2.09328D-10  2.81520D-09  2.02730D-10  0.00000D+00 
-1.75117D-13  3.17529D-12  4.97065D-12  2.29455D-11 -2.39159D-10 -2.17195D-10 
 2.02728D-09  4.70818D-09 -1.06335D-09  0.00000D+00 -2.53098D-11  2.71097D-11 
 3.50258D-11 -3.29955D-10 -1.72103D-10 -1.17578D-10 -3.44411D-09  6.90409D-10 
-4.23087D-10  0.00000D+00 -1.35024D-09  4.78094D-10  5.32708D-10 -3.09642D-09 
 6.40593D-10  8.36516D-10 -5.37672D-09 -7.67156D-09 -5.28792D-09  0.00000D+00 
-9.22207D-09  2.58638D-09  2.70592D-09 -1.09680D-08  3.04844D-09  3.72124D-09 
-8.84886D-09 -1.28827D-08  2.01139D-08  0.00000D+00 -3.03539D-08  6.91905D-09 
 6.76349D-09 -2.60110D-08  4.68440D-09  3.41925D-09 -1.89157D-08  3.25521D-09 
 1.19350D-08  0.00000D+00 -6.40167D-08  3.17251D-09  7.19587D-10 -4.31768D-08 
-1.01118D-08 -9.41454D-09 -1.60981D-07 -2.11571D-07 -7.69514D-08  0.00000D+00 
-8.68868D-08 -7.03727D-08 -8.31991D-08 -3.97951D-08 -1.17913D-07 -1.33021D-07 
-8.34405D-07 -6.42437D-07 -5.77373D-08  0.00000D+00 -3.78956D-08 -4.62054D-07 
-5.13156D-07  3.00696D-08 -5.99518D-07 -6.56328D-07 -2.77435D-06 -2.21224D-06 
-1.35045D-06  0.00000D+00  1.55504D-07 -2.01274D-06 -2.19581D-06  1.85671D-07 
-2.39299D-06 -2.60858D-06 -2.75037D-06 -7.44474D-07  2.38755D-07 -4.09937D-11 
 3.25154D-07 -4.99145D-06 -5.38877D-06  2.74026D-07 -5.59455D-06 -6.01185D-06 
-1.33559D-05 -1.10286D-05  6.43354D-08 -2.59080D-09  3.45334D-07 -7.29152D-06 
-7.89132D-06  2.39503D-07 -7.98523D-06 -8.47447D-06 -4.13551D-06 -8.04365D-06 
 2.61405D-07 -3.36757D-07 -7.59979D-07 -2.36113D-05 -2.52634D-05 -1.47205D-06 
-2.50584D-05 -2.69792D-05 -5.55316D-05 -2.19709D-05 -5.64805D-07 -3.97786D-06 
-8.48269D-06 -6.98144D-05 -7.45773D-05 -9.84165D-06 -7.41703D-05 -7.84199D-05 
-8.51908D-05 -1.13848D-04 -8.49588D-06 -2.37599D-05 -4.04178D-05 -1.94868D-04 
-2.07022D-04 -4.65468D-05 -2.04020D-04 -2.14325D-04 -1.55952D-04 -1.83005D-04 
-4.39549D-05 -1.02585D-04 -1.49109D-04 -5.19481D-04 -5.51125D-04 -1.57094D-04 
-5.22657D-04 -5.70657D-04 -4.65026D-04 -5.78560D-04 -1.61474D-04 -3.66036D-04 
-4.72941D-04 -1.32393D-03 -1.41318D-03 -4.85761D-04 -1.34365D-03 -1.43666D-03 
-9.02288D-04 -9.49735D-03 -5.04610D-04 -1.15002D-03 -1.39411D-03 -3.22122D-03 
-3.41021D-03 -1.41136D-03 -3.26759D-03 -3.23269D-03 -2.79087D-03 -9.48832D-04 
-1.41567D-03 -3.28775D-03 -3.73329D-03 -7.49801D-03 -7.91492D-03 -3.84387D-03 
-7.62189D-03 -8.42786D-03 -5.13301D-03 -2.09439D-02 -3.86278D-03 -8.70529D-03 
-9.55643D-03 -1.66625D-02 -1.77886D-02 -9.56928D-03 -1.67816D-02 -1.85105D-02 
-1.28168D-02  1.01813D-02 -9.67640D-03 -2.15195D-02 -2.29427D-02 -3.52282D-02 
-3.68288D-02 -2.31979D-02 -3.55082D-02 -3.55662D-02 -2.44217D-02 -4.69534D-02 
-2.31314D-02 -4.97755D-02 -5.19691D-02 -6.99450D-02 -7.22443D-02 -5.22245D-02 
-7.05745D-02 -7.49361D-02 -4.05517D-02  1.73553D-03 -5.22861D-02 -1.07375D-01 
-1.10543D-01 -1.29692D-01 -1.30646D-01 -1.10871D-01 -1.28887D-01 -1.33477D-01 
-6.21779D-02 -1.01271D-01 -1.10939D-01 -2.14624D-01 -2.18620D-01 -2.21970D-01 
-2.20976D-01 -2.18975D-01 -2.22004D-01 -2.15992D-01 -1.47205D-01 -7.19618D-02 
-2.19158D-01 -3.93581D-01 -3.97821D-01 -3.49367D-01 -3.27278D-01 -3.98278D-01 
-3.50276D-01 -3.21468D-01 -1.97512D-01 -1.43566D-01 -3.98218D-01 -6.54435D-01 
-6.57981D-01 -5.03901D-01 -4.30482D-01 -6.58653D-01 -5.03591D-01 -4.31305D-01 
-2.44715D-01 -2.22109D-01 -6.59441D-01 -9.75435D-01 -9.78272D-01 -6.65557D-01 
-5.11407D-01 -9.78910D-01 -6.66050D-01 -5.18239D-01 -3.84029D-01  1.30495D-01 
-9.80920D-01  0.00000D+00  0.00000D+00  0.00000D+00  0.00000D+00  0.00000D+00 
 0.00000D+00  0.00000D+00 -4.35806D-20 -4.23202D-20 -2.19057D-16  0.00000D+00 
 0.00000D+00  0.00000D+00  0.00000D+00  0.00000D+00  0.00000D+00  0.00000D+00 
-8.46194D-20 -7.47122D-20 -1.86605D-16  0.00000D+00  0.00000D+00  0.00000D+00 
 0.00000D+00  0.00000D+00  0.00000D+00  0.00000D+00 -1.06735D-19 -8.75866D-20 
-1.97847D-16  0.00000D+00  0.00000D+00  0.00000D+00  0.00000D+00  0.00000D+00 
 0.00000D+00  0.00000D+00 -4.63260D-20 -2.67569D-20 -2.03649D-16  0.00000D+00 
 0.00000D+00  0.00000D+00  0.00000D+00  0.00000D+00  0.00000D+00  0.00000D+00 
 2.03506D-19  2.86379D-19 -1.63227D-16  0.00000D+00  0.00000D+00  0.00000D+00 
 0.00000D+00  0.00000D+00  0.00000D+00  0.00000D+00  1.26104D-18  1.90799D-18 
-2.51152D-17  0.00000D+00  0.00000D+00  0.00000D+00  0.00000D+00  0.00000D+00 
 3.21966D-21  9.78230D-20  4.63412D-18  3.75799D-18  6.72507D-17  0.00000D+00 
 0.00000D+00  0.00000D+00  0.00000D+00  0.00000D+00  1.09313D-19  7.04053D-19 
 4.83450D-18  3.34468D-18  1.03109D-16  0.00000D+00  0.00000D+00  0.00000D+00 
 0.00000D+00  0.00000D+00  1.71260D-17  3.62186D-17  7.54024D-18  1.29891D-17 
 1.98435D-16  0.00000D+00  0.00000D+00  0.00000D+00  0.00000D+00 -2.66850D-20 
 1.34905D-15  1.45989D-15  6.05219D-17  5.00851D-17 -6.46171D-18  0.00000D+00 
 0.00000D+00  0.00000D+00  0.00000D+00 -1.08942D-18  1.79689D-15  1.89896D-15 
 8.77362D-17  3.62165D-17 -4.53340D-16  0.00000D+00  0.00000D+00  0.00000D+00 
 0.00000D+00 -1.30241D-15  7.81750D-15  7.74805D-15  3.48281D-16  2.97975D-16 
-6.27729D-15  0.00000D+00  0.00000D+00  0.00000D+00  0.00000D+00 -2.99114D-14 
 2.68117D-14  2.58520D-14  9.77802D-16  3.09952D-16 -5.78070D-14  0.00000D+00 
 0.00000D+00  0.00000D+00  0.00000D+00 -2.03914D-13  6.78722D-14  6.36989D-14 
 3.75353D-15 -1.56417D-16 -2.16433D-13  0.00000D+00  0.00000D+00  0.00000D+00 
 0.00000D+00 -7.61084D-13  1.15265D-13  1.02426D-13  2.15413D-14 -4.93562D-14 
-5.47220D-13  0.00000D+00  0.00000D+00  0.00000D+00  0.00000D+00 -1.85210D-12 
 4.49928D-14  1.40294D-14 -1.57798D-13  6.50244D-13 -1.03794D-12  0.00000D+00 
 0.00000D+00  0.00000D+00  0.00000D+00 -2.84029D-12 -6.08355D-13 -6.69087D-13 
 1.86652D-12  2.43761D-12 -1.01825D-12  0.00000D+00  0.00000D+00  0.00000D+00 
 0.00000D+00 -1.35001D-12 -3.12409D-12 -3.17509D-12 -1.60592D-12  3.01388D-11 
 3.72885D-12  0.00000D+00  0.00000D+00  2.24051D-18  4.25202D-17  4.49044D-12 
-9.11583D-12 -8.86774D-12  5.37374D-11 -9.74070D-11  1.56163D-11  0.00000D+00 
 0.00000D+00  2.85513D-18  4.91767D-17  4.52414D-12 -9.15737D-12 -8.90924D-12 
 5.79669D-11 -8.14367D-11  1.56948D-11  0.00000D+00  0.00000D+00  5.25074D-17 
 3.36401D-16  5.04263D-12 -9.82856D-12 -9.58118D-12  1.46888D-11  1.78293D-10 
 1.29756D-11  0.00000D+00 -7.99873D-16  3.92840D-14  6.79004D-14  6.03167D-12 
-1.39121D-11 -1.32625D-11  1.48104D-10  3.27405D-10 -3.83842D-11  0.00000D+00 
-3.18034D-13  5.29771D-13  7.21576D-13  3.13673D-13 -1.68967D-11 -1.51806D-11 
-2.31209D-10  6.63166D-11 -5.97605D-11  0.00000D+00 -3.85930D-11  1.65316D-11 
 1.89439D-11 -9.91142D-11 -9.33143D-13  9.19422D-12 -3.38800D-10 -5.46612D-10 
-4.35934D-10  0.00000D+00 -3.92012D-10  1.35087D-10  1.45448D-10 -5.32858D-10 
 1.19273D-10  1.75048D-10  1.12812D-10 -2.83900D-10  1.10811D-09  0.00000D+00 
-1.76848D-09  5.88462D-10  6.08122D-10 -1.76977D-09  4.21510D-10  3.71054D-10 
 9.92748D-10  3.76407D-09  6.50828D-09  0.00000D+00 -5.10626D-09  1.51860D-09 
 1.48159D-09 -4.24392D-09  7.43169D-10  1.11354D-09 -1.35518D-08 -1.94291D-08 
-1.45036D-08  0.00000D+00 -1.04303D-08  8.53886D-10  3.49483D-10 -7.42912D-09 
-2.43746D-09 -3.08363D-09 -9.68405D-08 -6.73846D-08 -3.16790D-09  0.00000D+00 
-1.41045D-08 -1.58948D-08 -1.86922D-08 -7.52418D-09 -2.82376D-08 -3.14136D-08 
-4.12787D-07 -2.99754D-07  6.76217D-08  0.00000D+00 -5.84548D-09 -1.15589D-07 
-1.28542D-07  2.11341D-09 -1.61850D-07 -1.80982D-07 -1.02054D-07  2.72128D-07 
 2.30311D-09 -7.68964D-13  1.16359D-08 -3.56024D-07 -3.86030D-07  1.54160D-08 
-4.33466D-07 -4.70821D-07 -2.30102D-06 -1.49734D-06  1.13318D-08 -8.62221D-11 
 1.99831D-08 -5.59919D-07 -6.12414D-07  2.01840D-08 -6.48272D-07 -6.83795D-07 
 1.13825D-06  3.46191D-07  2.62568D-08 -2.10264D-08 -2.75988D-08 -2.28050D-06 
-2.43363D-06 -8.44604D-08 -2.46175D-06 -2.65486D-06 -1.07044D-05  2.05124D-07 
 2.04048D-08 -3.45636D-07 -7.35925D-07 -8.10360D-06 -8.65211D-06 -8.67155D-07 
-8.82813D-06 -9.41144D-06 -1.57804D-05 -1.86355D-05 -6.55570D-07 -2.63689D-06 
-4.62362D-06 -2.67020D-05 -2.81825D-05 -5.50178D-06 -2.86336D-05 -2.91645D-05 
-3.46909D-05 -2.30230D-05 -5.05673D-06 -1.39566D-05 -2.09503D-05 -8.32754D-05 
-8.69685D-05 -2.21389D-05 -8.39093D-05 -9.32956D-05 -9.42408D-05 -1.04288D-04 
-2.30111D-05 -5.96043D-05 -7.88306D-05 -2.47549D-04 -2.61207D-04 -8.10516D-05 
-2.51762D-04 -2.65118D-04 -1.99714D-04 -3.36014D-03 -8.52767D-05 -2.20668D-04 
-2.73839D-04 -6.97576D-04 -7.24649D-04 -2.76187D-04 -7.12203D-04 -6.31742D-04 
-6.41343D-04 -3.88408D-04 -2.77523D-04 -7.35176D-04 -8.47143D-04 -1.86936D-03 
-1.89566D-03 -8.78502D-04 -1.91772D-03 -2.16320D-03 -1.40846D-03 -1.05199D-02 
-8.83776D-04 -2.24949D-03 -2.50036D-03 -4.77011D-03 -4.95964D-03 -2.49706D-03 
-4.82083D-03 -5.42458D-03 -4.05293D-03  1.01942D-02 -2.53576D-03 -6.38160D-03 
-6.86401D-03 -1.15672D-02 -1.15731D-02 -6.95738D-03 -1.16842D-02 -1.06230D-02 
-8.65069D-03 -2.17003D-02 -6.92664D-03 -1.68364D-02 -1.76854D-02 -2.62819D-02 
-2.54183D-02 -1.77878D-02 -2.66279D-02 -2.69843D-02 -1.66523D-02  1.02416D-02 
-1.78119D-02 -4.11815D-02 -4.25913D-02 -5.57467D-02 -5.07995D-02 -4.27315D-02 
-5.51320D-02 -5.38443D-02 -3.43053D-02 -3.71959D-02 -4.27750D-02 -9.27920D-02 
-9.48561D-02 -1.08676D-01 -9.87075D-02 -9.50053D-02 -1.08563D-01 -9.62600D-02 
-6.65512D-02 -3.73378D-02 -9.51245D-02 -1.90690D-01 -1.93215D-01 -1.94115D-01 
-1.63960D-01 -1.93427D-01 -1.94604D-01 -1.58625D-01 -1.08484D-01 -7.92689D-02 
-1.93345D-01 -3.53045D-01 -3.55422D-01 -3.16685D-01 -2.35283D-01 -3.55872D-01 
-3.16707D-01 -2.35082D-01 -1.59699D-01 -1.32371D-01 -3.56537D-01 -5.81630D-01 
-5.83903D-01 -4.71575D-01 -3.07195D-01 -5.84584D-01 -4.71605D-01 -3.12015D-01 
-2.27169D-01  6.50345D-02 -5.85305D-01  0.00000D+00  0.00000D+00  0.00000D+00 
 0.00000D+00  0.00000D+00  0.00000D+00  0.00000D+00 -1.50800D-22 -1.54059D-22 
-8.14805D-19  0.00000D+00  0.00000D+00  0.00000D+00  0.00000D+00  0.00000D+00 
 0.00000D+00  0.00000D+00 -4.71984D-22 -4.55009D-22 -8.44698D-19  0.00000D+00 
 0.00000D+00  0.00000D+00  0.00000D+00  0.00000D+00  0.00000D+00  0.00000D+00 
-1.18189D-21 -1.16202D-21 -1.09498D-18  0.00000D+00  0.00000D+00  0.00000D+00 
 0.00000D+00  0.00000D+00  0.00000D+00  0.00000D+00 -2.95695D-21 -2.97137D-21 
-1.42597D-18  0.00000D+00  0.00000D+00  0.00000D+00  0.00000D+00  0.00000D+00 
 0.00000D+00  0.00000D+00 -8.81623D-21 -8.39220D-21 -1.65368D-18  0.00000D+00 
 0.00000D+00  0.00000D+00  0.00000D+00  0.00000D+00  0.00000D+00  0.00000D+00 
-3.07898D-20 -2.59333D-20 -1.49433D-18  0.00000D+00  0.00000D+00  0.00000D+00 
 0.00000D+00  0.00000D+00  4.16429D-24  1.67823D-22 -2.98507D-20 -3.85250D-20 
-1.06416D-18  0.00000D+00  0.00000D+00  0.00000D+00  0.00000D+00  0.00000D+00 
 1.88945D-22  1.48882D-21 -4.03399D-20 -5.86993D-20 -9.62148D-19  0.00000D+00 
 0.00000D+00  0.00000D+00  0.00000D+00  0.00000D+00  5.04500D-20  1.15625D-19 
-1.15398D-19 -5.68609D-20 -2.57894D-19  0.00000D+00  0.00000D+00  0.00000D+00 
 0.00000D+00 -3.61133D-23  6.60112D-18  7.38797D-18 -2.34223D-19 -2.61696D-19 
 7.55772D-19  0.00000D+00  0.00000D+00  0.00000D+00  0.00000D+00 -2.15428D-21 
 9.21921D-18  1.00581D-17 -3.46769D-20 -6.70055D-19 -9.15676D-19  0.00000D+00 
 0.00000D+00  0.00000D+00  0.00000D+00 -5.83657D-18  5.40758D-17  5.50547D-17 
 5.53209D-19 -1.13544D-18 -2.86793D-17  0.00000D+00  0.00000D+00  0.00000D+00 
 0.00000D+00 -2.04164D-16  2.64105D-16  2.61247D-16 -1.14702D-17 -1.87173D-17 
-4.90017D-16  0.00000D+00  0.00000D+00  0.00000D+00  0.00000D+00 -2.00896D-15 
 9.71519D-16  9.40955D-16 -2.01074D-17 -9.00386D-17 -2.43076D-15  0.00000D+00 
 0.00000D+00  0.00000D+00  0.00000D+00 -1.04569D-14  2.74752D-15  2.59946D-15 
 2.52227D-16 -1.60805D-15 -9.55950D-15  0.00000D+00  0.00000D+00  0.00000D+00 
 0.00000D+00 -3.62831D-14  5.70361D-15  5.16921D-15 -6.44583D-15  1.60351D-14 
-3.37755D-14  0.00000D+00  0.00000D+00  0.00000D+00  0.00000D+00 -8.81192D-14 
 5.51679D-15  3.77545D-15  5.00953D-14  5.39783D-14 -3.54067D-14  0.00000D+00 
 0.00000D+00  0.00000D+00  0.00000D+00 -1.33174D-13 -2.63249D-14 -3.06572D-14 
-1.43849D-13  1.15301D-12 -2.24129D-13  0.00000D+00  0.00000D+00  6.81053D-21 
 1.73904D-19 -4.94128D-14 -1.75730D-13 -1.69307D-13  2.52952D-12 -4.98255D-12 
 2.53368D-13  0.00000D+00  0.00000D+00  8.89473D-21  2.03867D-19 -4.84352D-14 
-1.76965D-13 -1.70679D-13  2.76940D-12 -4.29860D-12  2.62186D-13  0.00000D+00 
 0.00000D+00  2.16395D-19  1.68086D-18 -3.22409D-14 -1.96614D-13 -1.95759D-13 
 8.97634D-13  8.22155D-12  2.08968D-13  0.00000D+00 -3.50433D-18  3.47561D-16 
 6.47310D-16  6.61098D-14 -3.56607D-13 -3.30578D-13  7.69290D-12  1.59513D-11 
-8.14982D-13  0.00000D+00 -2.84125D-15  6.77833D-15  9.67573D-15  8.18151D-14 
-5.44477D-13 -5.40518D-13 -1.43188D-11  1.92013D-12  7.95398D-13  0.00000D+00 
-7.26562D-13  3.73985D-13  4.40362D-13 -2.10639D-12 -7.66878D-13 -6.07884D-13 
-2.08337D-11 -3.28141D-11 -1.48666D-11  0.00000D+00 -1.14281D-11  4.62296D-12 
 5.08973D-12 -1.76008D-11  2.39033D-12  4.51205D-12  4.68148D-11  1.55846D-11 
 7.31336D-11  0.00000D+00 -7.15251D-11  2.95193D-11  3.13217D-11 -8.05409D-11 
 1.87341D-11  1.72475D-11  7.38397D-11  3.24497D-10  7.97679D-10  0.00000D+00 
-2.75485D-10  1.23811D-10  1.27585D-10 -2.58984D-10  8.27342D-11  1.18751D-10 
-1.25756D-09 -1.76926D-09 -1.76888D-09  0.00000D+00 -7.56549D-10  3.48163D-10 
 3.45857D-10 -6.33660D-10  1.62433D-10  1.52651D-10 -9.19951D-09 -5.39161D-09 
 4.35170D-10  0.00000D+00 -1.50941D-09  3.93968D-10  3.25584D-10 -1.08497D-09 
-5.23420D-10 -5.84440D-10 -5.12013D-08 -3.52552D-08  9.76901D-08  0.00000D+00 
-1.88637D-09 -2.70627D-09 -3.24333D-09 -1.00430D-09 -7.47848D-09 -8.82145D-09 
-4.21016D-08  1.44801D-08  3.28226D-10 -9.84020D-15 -1.08402D-09 -1.45592D-08 
-1.56535D-08 -2.41864D-10 -2.33377D-08 -2.60788D-08 -3.92674D-07 -2.58662D-07 
 4.77617D-09 -2.13548D-12 -3.29995D-10 -2.58894D-08 -2.87708D-08  3.47100D-10 
-3.60511D-08 -3.72214D-08  3.50839D-07  3.12136D-07 -4.49568D-10 -1.06072D-09 
-1.97955D-10 -1.50550D-07 -1.56416D-07 -3.31266D-09 -1.67876D-07 -1.74383D-07 
-1.43575D-06  7.22788D-07  4.51357D-09 -2.48071D-08 -5.02977D-08 -6.72753D-07 
-7.05859D-07 -5.95664D-08 -7.68705D-07 -8.57310D-07  8.57971D-07 -2.58464D-06 
-3.47857D-08 -2.44160D-07 -4.34140D-07 -2.68997D-06 -2.76898D-06 -5.42068D-07 
-3.04144D-06 -2.74606D-06  3.46212D-06 -2.13850D-06 -4.76192D-07 -1.59331D-06 
-2.46039D-06 -9.96051D-06 -9.92013D-06 -2.58346D-06 -1.02859D-05 -1.17954D-05 
-1.05380D-05 -1.93682D-05 -2.75357D-06 -8.17413D-06 -1.09993D-05 -3.50660D-05 
-3.52534D-05 -1.13263D-05 -3.64074D-05 -3.54441D-05  7.76033D-06 -1.20154D-03 
-1.21625D-05 -3.57475D-05 -4.54526D-05 -1.16152D-04 -1.15741D-04 -4.52527D-05 
-1.16819D-04 -8.51524D-05 -6.32820D-05 -5.83895D-04 -4.56907D-05 -1.39024D-04 
-1.62301D-04 -3.61612D-04 -3.28076D-04 -1.70374D-04 -3.77424D-04 -4.13074D-04 
-1.15073D-04 -1.79473D-03 -1.71243D-04 -4.92174D-04 -5.54244D-04 -1.07332D-03 
-1.03290D-03 -5.49703D-04 -1.07504D-03 -1.28057D-03 -5.96651D-04  6.88583D-03 
-5.62909D-04 -1.60389D-03 -1.74195D-03 -3.00897D-03 -2.68770D-03 -1.76978D-03 
-3.07257D-03 -2.20471D-03 -1.51827D-03 -3.92531D-03 -1.75770D-03 -4.83000D-03 
-5.10388D-03 -7.92361D-03 -6.66621D-03 -5.13751D-03 -8.01247D-03 -7.31092D-03 
-2.36626D-03  5.65661D-03 -5.14716D-03 -1.34013D-02 -1.39259D-02 -1.94225D-02 
-1.39292D-02 -1.39780D-02 -1.93886D-02 -1.60419D-02 -5.44622D-03 -5.90597D-03 
-1.39965D-02 -3.40376D-02 -3.49228D-02 -4.36190D-02 -3.24778D-02 -3.49896D-02 
-4.37415D-02 -3.12622D-02 -1.87039D-02 -9.83796D-03 -3.50542D-02 -7.83317D-02 
-7.96251D-02 -8.93060D-02 -6.03195D-02 -7.96809D-02 -8.95688D-02 -5.71336D-02 
-3.22642D-02 -2.35582D-02 -7.96171D-02 -1.61295D-01 -1.62621D-01 -1.66098D-01 
-9.24859D-02 -1.62835D-01 -1.66305D-01 -9.13560D-02 -5.37993D-02 -4.39720D-02 
-1.63177D-01 -2.93080D-01 -2.94468D-01 -2.80504D-01 -1.31256D-01 -2.94961D-01 
-2.81004D-01 -1.33298D-01 -9.08439D-02  5.19599D-02 -2.94716D-01  0.00000D+00 
 0.00000D+00  0.00000D+00  0.00000D+00  0.00000D+00  0.00000D+00  0.00000D+00 
-1.59617D-25 -1.67362D-25 -2.09552D-21  0.00000D+00  0.00000D+00  0.00000D+00 
 0.00000D+00  0.00000D+00  0.00000D+00  0.00000D+00 -6.70290D-25 -6.78353D-25 
-2.63783D-21  0.00000D+00  0.00000D+00  0.00000D+00  0.00000D+00  0.00000D+00 
 0.00000D+00  0.00000D+00 -2.29265D-24 -2.30372D-24 -4.12149D-21  0.00000D+00 
 0.00000D+00  0.00000D+00  0.00000D+00  0.00000D+00  0.00000D+00  0.00000D+00 
-7.45367D-24 -7.38349D-24 -6.49464D-21  0.00000D+00  0.00000D+00  0.00000D+00 
 0.00000D+00  0.00000D+00  0.00000D+00  0.00000D+00 -2.51668D-23 -2.46241D-23 
-9.28925D-21  0.00000D+00  0.00000D+00  0.00000D+00  0.00000D+00  0.00000D+00 
 0.00000D+00  0.00000D+00 -9.40205D-23 -9.18000D-23 -1.19705D-20  0.00000D+00 
 0.00000D+00  0.00000D+00  0.00000D+00  0.00000D+00  3.23595D-27  1.98301D-25 
-1.60740D-22 -1.61912D-22 -1.05232D-20  0.00000D+00  0.00000D+00  0.00000D+00 
 0.00000D+00  0.00000D+00  2.25116D-25  2.23377D-24 -1.93055D-22 -1.94886D-22 
-1.10066D-20  0.00000D+00  0.00000D+00  0.00000D+00  0.00000D+00  0.00000D+00 
 1.07998D-22  2.69124D-22 -3.93093D-22 -3.81433D-22 -7.77634D-21  0.00000D+00 
 0.00000D+00  0.00000D+00  0.00000D+00 -3.14513D-26  2.36534D-20  2.73018D-20 
-1.70487D-21 -1.64014D-21 -7.41574D-22  0.00000D+00  0.00000D+00  0.00000D+00 
 0.00000D+00 -3.02351D-24  3.45561D-20  3.87883D-20 -1.96017D-21 -2.01289D-21 
-2.39550D-23  0.00000D+00  0.00000D+00  0.00000D+00  0.00000D+00 -1.96603D-20 
 2.61512D-19  2.71258D-19 -7.13593D-21 -8.13702D-21 -7.16318D-20  0.00000D+00 
 0.00000D+00  0.00000D+00  0.00000D+00 -1.01295D-18  1.67178D-18  1.68017D-18 
-3.98629D-20 -3.29193D-20 -2.80015D-18  0.00000D+00  0.00000D+00  0.00000D+00 
 0.00000D+00 -1.36793D-17  8.06520D-18  7.92890D-18 -1.34357D-19 -1.14336D-19 
-1.40578D-17  0.00000D+00  0.00000D+00  0.00000D+00  0.00000D+00 -9.44597D-17 
 2.98161D-17  2.87411D-17 -3.68799D-19 -4.51975D-19 -7.74735D-17  0.00000D+00 
 0.00000D+00  0.00000D+00  0.00000D+00 -4.31701D-16  8.56517D-17  8.01879D-17 
-2.60979D-18 -2.29057D-18 -7.57659D-16  0.00000D+00  0.00000D+00  0.00000D+00 
 0.00000D+00 -1.42120D-15  1.73752D-16  1.46313D-16  1.85713D-17 -2.07600D-17 
-4.55633D-16  0.00000D+00  0.00000D+00  0.00000D+00  0.00000D+00 -3.28415D-15 
-4.60603D-17 -1.73177D-16 -4.79372D-17 -2.42360D-17 -1.31281D-14  0.00000D+00 
 0.00000D+00  1.59734D-23  5.64916D-22 -4.07688D-15 -2.79865D-15 -2.38496D-15 
 1.78455D-15 -8.87627D-17 -3.54567D-15  0.00000D+00  0.00000D+00  2.14181D-23 
 6.71447D-22 -4.07065D-15 -2.82475D-15 -2.41168D-15  1.82141D-15 -1.10656D-16 
-3.74933D-15  0.00000D+00  0.00000D+00  7.00228D-22  6.61877D-21 -3.95630D-15 
-3.20749D-15 -3.01553D-15  9.53494D-17 -9.03968D-17 -2.60884D-18  0.00000D+00 
-1.22112D-20  2.27314D-18  4.53849D-18 -2.43933D-15 -6.94900D-15 -5.65357D-15 
 4.64093D-15 -3.50390D-16 -2.93204D-15  0.00000D+00 -1.89173D-17  6.11883D-17 
 9.08681D-17 -4.73365D-16 -1.14815D-14 -1.37252D-14  2.32395D-15 -1.53182D-16 
-9.37050D-14  0.00000D+00 -9.30870D-15  5.49381D-15  6.61893D-15 -2.54446D-14 
-3.46160D-14 -4.26616D-14 -1.39942D-15 -1.73992D-15 -1.73625D-12  0.00000D+00 
-2.20152D-13  9.70028D-14  1.08510D-13 -3.57570D-13 -6.43655D-17  2.32314D-14 
-5.54429D-14 -4.35695D-14  6.65859D-12  0.00000D+00 -1.89351D-12  8.34668D-13 
 8.96222D-13 -2.30388D-12  4.26242D-13  3.96470D-13 -5.60267D-14 -3.40867D-14 
 7.02805D-11  0.00000D+00 -9.58927D-12  4.61402D-12  4.81161D-12 -9.78655D-12 
 3.56606D-12  5.79151D-12 -8.46125D-13 -1.01509D-12 -1.59839D-10  0.00000D+00 
-3.41508D-11  1.76709D-11  1.79585D-11 -3.18323D-11  1.40430D-11  1.44722D-11 
-9.58053D-12 -1.15564D-11  5.09344D-11  0.00000D+00 -9.03537D-11  4.04856D-11 
 3.92347D-11 -7.47706D-11  1.06992D-11  1.29421D-11 -4.05552D-11 -4.06054D-11 
 1.07971D-09  0.00000D+00 -1.68666D-10 -3.65191D-11 -6.23640D-11 -1.10991D-10 
-3.70926D-10 -4.53810D-10 -2.14044D-11 -1.14211D-11  1.05148D-09 -9.17485D-17 
-1.85121D-10 -6.04081D-10 -6.28702D-10 -1.10497D-10 -1.17298D-09 -1.44790D-09 
 6.95111D-11 -2.94544D-10  9.80287D-10 -3.70775D-14 -1.60219D-10 -1.13403D-09 
-1.36963D-09 -9.25092D-11 -1.94613D-09 -2.14302D-09 -5.78879D-10 -1.44908D-09 
 3.82681D-13 -3.80617D-11 -3.88527D-13 -9.48061D-09 -9.64357D-09 -6.10754D-11 
-1.00746D-08 -9.60564D-09  1.38039D-09 -5.04623D-09  2.71339D-10 -1.27760D-09 
-2.23613D-09 -5.10266D-08 -5.39535D-08 -2.59905D-09 -6.20233D-08 -7.60056D-08 
-4.06731D-08 -2.00335D-08 -1.91983D-11 -1.63226D-08 -2.85346D-08 -2.42968D-07 
-2.52917D-07 -3.90612D-08 -2.80200D-07 -2.07967D-07 -1.48693D-07 -5.74425D-08 
-3.09101D-08 -1.31997D-07 -2.08456D-07 -1.04619D-06 -1.04594D-06 -2.04348D-07 
-1.03521D-06 -1.44341D-06 -2.44598D-07 -2.39798D-07 -2.42082D-07 -8.17593D-07 
-1.11618D-06 -4.26844D-06 -4.22750D-06 -1.15677D-06 -4.44236D-06 -2.75437D-06 
-1.33162D-06 -1.85087D-06 -1.26916D-06 -4.24695D-06 -5.51180D-06 -1.63580D-05 
-1.70745D-05 -5.25514D-06 -1.63105D-05 -4.16970D-06 -3.96252D-06  1.94202D-06 
-5.47234D-06 -1.94023D-05 -2.30572D-05 -5.83385D-05 -4.98453D-05 -2.47887D-05 
-6.15667D-05 -9.51265D-05 -9.58098D-06 -6.37085D-05 -2.49976D-05 -8.00668D-05 
-9.14490D-05 -1.96842D-04 -1.98834D-04 -8.93558D-05 -1.98049D-04 -3.04167D-04 
-4.21271D-05 -4.15100D-05 -9.34276D-05 -3.02449D-04 -3.33142D-04 -6.28096D-04 
-5.61279D-04 -3.41140D-04 -6.46591D-04 -3.55880D-04 -8.27100D-05 -2.44714D-04 
-3.34732D-04 -1.05124D-03 -1.12042D-03 -1.86538D-03 -1.66446D-03 -1.13097D-03 
-1.90797D-03 -1.75741D-03 -3.13432D-04 -6.29210D-05 -1.13120D-03 -3.35336D-03 
-3.51073D-03 -5.16138D-03 -2.82255D-03 -3.51638D-03 -5.06714D-03 -4.43281D-03 
-6.17165D-04 -1.01553D-03 -3.53523D-03 -9.75415D-03 -1.00715D-02 -1.29896D-02 
-8.94373D-03 -1.00881D-02 -1.29811D-02 -9.20001D-03 -1.66628D-03 -1.04847D-03 
-1.01482D-02 -2.55975D-02 -2.61962D-02 -2.96434D-02 -2.05656D-02 -2.62191D-02 
-2.97250D-02 -1.93489D-02 -3.13427D-03 -2.83120D-03 -2.61449D-02 -5.98231D-02 
-6.07089D-02 -6.10143D-02 -3.52823D-02 -6.07535D-02 -6.10724D-02 -3.32502D-02 
-6.45552D-03 -5.61284D-03 -6.10084D-02 -1.22676D-01 -1.23698D-01 -1.13252D-01 
-5.37722D-02 -1.24031D-01 -1.13376D-01 -5.36761D-02 -8.96019D-03 -1.41501D-03 
-1.22259D-01 
