  26.000      .000           10        47        13
  7.08359D+00  8.42954D-01  7.33531D-01  7.20590D-01  1.01008D-01  6.80375D-02 
 6.64097D-02  1.28716D-02  1.26936D-02  7.53534D-03  2.00000D-02  2.59300D-02 
 3.36170D-02  4.35850D-02  5.65070D-02  6.97300D-02  7.14390D-02  7.32600D-02 
 9.49810D-02  1.06060D-01  1.23140D-01  1.59650D-01  2.06990D-01  2.68350D-01 
 3.47920D-01  4.51070D-01  5.84800D-01  7.56620D-01  7.58190D-01  7.70210D-01 
 8.85100D-01  9.82980D-01  1.27440D+00  1.65230D+00  2.14210D+00  2.77730D+00 
 3.60070D+00  4.66820D+00  6.05230D+00  7.43780D+00  7.84670D+00  1.01730D+01 
 1.31890D+01  1.71000D+01  2.21700D+01  2.87430D+01  3.72640D+01  4.83130D+01 
 6.26370D+01  8.12080D+01  1.05280D+02  1.36500D+02  1.76970D+02  2.29440D+02 
 2.97460D+02  3.85660D+02  5.00000D+02  0.00000D+00  0.00000D+00  0.00000D+00 
 0.00000D+00  0.00000D+00  0.00000D+00  0.00000D+00  2.45587D+01  1.26666D+01 
 7.84742D-01  0.00000D+00  0.00000D+00  0.00000D+00  0.00000D+00  0.00000D+00 
 0.00000D+00  0.00000D+00  7.39475D+01  3.78575D+01  2.27551D+00  0.00000D+00 
 0.00000D+00  0.00000D+00  0.00000D+00  0.00000D+00  0.00000D+00  0.00000D+00 
 2.04922D+02  1.03987D+02  5.10675D+00  0.00000D+00  0.00000D+00  0.00000D+00 
 0.00000D+00  0.00000D+00  0.00000D+00  0.00000D+00  4.87836D+02  2.45607D+02 
 1.01162D+01  0.00000D+00  0.00000D+00  0.00000D+00  0.00000D+00  0.00000D+00 
 0.00000D+00  0.00000D+00  9.80770D+02  4.91048D+02  1.84607D+01  0.00000D+00 
 0.00000D+00  0.00000D+00  0.00000D+00  0.00000D+00  1.27001D+02  2.42704D+02 
 1.58135D+03  7.89305D+02  2.85286D+01  0.00000D+00  0.00000D+00  0.00000D+00 
 0.00000D+00  0.00000D+00  1.25754D+02  2.37511D+02  1.66438D+03  8.30485D+02 
 2.99108D+01  0.00000D+00  0.00000D+00  0.00000D+00  0.00000D+00  0.00000D+00 
 1.22771D+02  2.31521D+02  1.75385D+03  8.74845D+02  3.14004D+01  0.00000D+00 
 0.00000D+00  0.00000D+00  0.00000D+00  0.00000D+00  1.70221D+02  3.79787D+02 
 2.84042D+03  1.41247D+03  5.02725D+01  0.00000D+00  0.00000D+00  0.00000D+00 
 0.00000D+00  4.01259D+02  2.75384D+02  6.13566D+02  3.35980D+03  1.66884D+03 
 6.05899D+01  0.00000D+00  0.00000D+00  0.00000D+00  0.00000D+00  5.81329D+02 
 5.18072D+02  1.12821D+03  4.08038D+03  2.02412D+03  7.73922D+01  0.00000D+00 
 0.00000D+00  0.00000D+00  0.00000D+00  1.14585D+03  1.26831D+03  2.66327D+03 
 5.35364D+03  2.65085D+03  1.16856D+02  0.00000D+00  0.00000D+00  0.00000D+00 
 0.00000D+00  1.98987D+03  2.49645D+03  5.12697D+03  6.48398D+03  3.20533D+03 
 1.74761D+02  0.00000D+00  0.00000D+00  0.00000D+00  0.00000D+00  3.25299D+03 
 4.28828D+03  8.67552D+03  7.32534D+03  3.61595D+03  2.60897D+02  0.00000D+00 
 0.00000D+00  0.00000D+00  0.00000D+00  5.03904D+03  6.66927D+03  1.33489D+04 
 7.80638D+03  3.84786D+03  3.81502D+02  0.00000D+00  0.00000D+00  0.00000D+00 
 0.00000D+00  7.52151D+03  9.59860D+03  1.90496D+04  7.93233D+03  3.90425D+03 
 5.42883D+02  0.00000D+00  0.00000D+00  0.00000D+00  0.00000D+00  1.08819D+04 
 1.29732D+04  2.55640D+04  7.71367D+03  3.79073D+03  7.61836D+02  0.00000D+00 
 0.00000D+00  1.83188D+05  3.60360D+05  1.52776D+04  1.65696D+04  3.24465D+04 
 7.22156D+03  3.54317D+03  1.05109D+03  0.00000D+00  0.00000D+00  1.83770D+05 
 3.60544D+05  1.53178D+04  1.65988D+04  3.25022D+04  7.21674D+03  3.54076D+03 
 1.05370D+03  0.00000D+00  0.00000D+00  1.85054D+05  3.63738D+05  1.56254D+04 
 1.68207D+04  3.29248D+04  7.17968D+03  3.52222D+03  1.07369D+03  0.00000D+00 
 9.53466D+04  2.01309D+05  3.94490D+05  1.85592D+04  1.87850D+04  3.66538D+04 
 6.81887D+03  3.34217D+03  1.26379D+03  0.00000D+00  1.13909D+05  2.13233D+05 
 4.16595D+05  2.10453D+04  2.02414D+04  3.94040D+04  6.51657D+03  3.19170D+03 
 1.42601D+03  0.00000D+00  1.66533D+05  2.39284D+05  4.64024D+05  2.82825D+04 
 2.36654D+04  4.58135D+04  5.69458D+03  2.78364D+03  1.90163D+03  0.00000D+00 
 2.33329D+05  2.57134D+05  4.95556D+05  3.72474D+04  2.66637D+04  5.13364D+04 
 4.82456D+03  2.35333D+03  2.48794D+03  0.00000D+00  3.14652D+05  2.67309D+05 
 5.12220D+05  4.81279D+04  2.90484D+04  5.56171D+04  3.96541D+03  1.93055D+03 
 3.19924D+03  0.00000D+00  4.10332D+05  2.70230D+05  5.14846D+05  6.10390D+04 
 3.06571D+04  5.83566D+04  3.15950D+03  1.53429D+03  4.04536D+03  0.00000D+00 
 5.19225D+05  2.66108D+05  5.03972D+05  7.59316D+04  3.13546D+04  5.93265D+04 
 2.43662D+03  1.17956D+03  5.02205D+03  0.00000D+00  6.39036D+05  2.55597D+05 
 4.81016D+05  9.25189D+04  3.10974D+04  5.84715D+04  1.81939D+03  8.77920D+02 
 6.10985D+03  0.00000D+00  7.66308D+05  2.39934D+05  4.48491D+05  1.10278D+05 
 2.99637D+04  5.59583D+04  1.32403D+03  6.36278D+02  7.27668D+03  1.22026D+07 
 8.69879D+05  2.24762D+05  4.17724D+05  1.24812D+05  2.85483D+04  5.30189D+04 
 1.01517D+03  4.86314D+02  8.23374D+03  1.25458D+07  8.96814D+05  2.20519D+05 
 4.09203D+05  1.28607D+05  2.81216D+04  5.21478D+04  9.46264D+02  4.52844D+02 
 8.48357D+03  1.39472D+07  1.02570D+06  1.98640D+05  3.65690D+05  1.46865D+05 
 2.57915D+04  4.74436D+04  6.66735D+02  3.17536D+02  9.68651D+03  1.51715D+07 
 1.14759D+06  1.75547D+05  3.20321D+05  1.64359D+05  2.31593D+04  4.22090D+04 
 4.61357D+02  2.18693D+02  1.08412D+04  1.61568D+07  1.25745D+06  1.52486D+05 
 2.75395D+05  1.80402D+05  2.03890D+04  3.67574D+04  3.13185D+02  1.47335D+02 
 1.18991D+04  1.68948D+07  1.35138D+06  1.30500D+05  2.32951D+05  1.94261D+05 
 1.76297D+04  3.14236D+04  2.09692D+02  9.77087D+01  1.28173D+04  1.73902D+07 
 1.42648D+06  1.10287D+05  1.94354D+05  2.05435D+05  1.50213D+04  2.64356D+04 
 1.39560D+02  6.44241D+01  1.35584D+04  1.76553D+07  1.48107D+06  9.22862D+04 
 1.60243D+05  2.13720D+05  1.26636D+04  2.19408D+04  9.23420D+01  4.21235D+01 
 1.41078D+04  1.77113D+07  1.51525D+06  7.67483D+04  1.30901D+05  2.19074D+05 
 1.05949D+04  1.80356D+04  6.09655D+01  2.76059D+01  1.44642D+04  1.75898D+07 
 1.53041D+06  6.36658D+04  1.06457D+05  2.21640D+05  8.82515D+03  1.47308D+04 
 4.03817D+01  1.82221D+01  1.46369D+04  1.73329D+07  1.52950D+06  5.28594D+04 
 8.64736D+04  2.21832D+05  7.35508D+03  1.20116D+04  2.71266D+01  1.19049D+01 
 1.46517D+04  1.69931D+07  1.51718D+06  4.41809D+04  7.05531D+04  2.20332D+05 
 6.16928D+03  9.82951D+03  1.83807D+01  7.94549D+00  1.45545D+04  1.66350D+07 
 1.49964D+06  3.73836D+04  5.81952D+04  2.18024D+05  5.23104D+03  8.12908D+03 
 1.25235D+01  5.46748D+00  1.44035D+04  1.63378D+07  1.48451D+06  3.21258D+04 
 4.89124D+04  2.16008D+05  4.50098D+03  6.83988D+03  8.64517D+00  3.62704D+00 
 1.42710D+04  1.62006D+07  1.48130D+06  2.81634D+04  4.21640D+04  2.15691D+05 
 3.95375D+03  5.90105D+03  6.02236D+00  2.80921D+00  1.42502D+04  1.63498D+07 
 1.50217D+06  2.52324D+04  3.74115D+04  2.18847D+05  3.54343D+03  5.24952D+03 
 4.16523D+00  1.85021D+00  1.44593D+04  1.69474D+07  1.56259D+06  2.30727D+04 
 3.44891D+04  2.27735D+05  3.24123D+03  4.84808D+03  2.92639D+00  1.57476D+00 
 1.50471D+04  1.81963D+07  1.68173D+06  2.13660D+04  3.32834D+04  2.45157D+05 
 3.00736D+03  4.67264D+03  2.02504D+00  1.22135D+00  1.62023D+04  0.00000D+00 
 0.00000D+00  0.00000D+00  0.00000D+00  0.00000D+00  0.00000D+00  0.00000D+00 
 1.00000D+00  1.00000D+00  1.00000D+00  0.00000D+00  0.00000D+00  0.00000D+00 
 0.00000D+00  0.00000D+00  0.00000D+00  0.00000D+00  1.00000D+00  1.00000D+00 
 1.00000D+00  0.00000D+00  0.00000D+00  0.00000D+00  0.00000D+00  0.00000D+00 
 0.00000D+00  0.00000D+00  1.00000D+00  1.00000D+00  1.00000D+00  0.00000D+00 
 0.00000D+00  0.00000D+00  0.00000D+00  0.00000D+00  0.00000D+00  0.00000D+00 
 1.00000D+00  1.00000D+00  1.00000D+00  0.00000D+00  0.00000D+00  0.00000D+00 
 0.00000D+00  0.00000D+00  0.00000D+00  0.00000D+00  1.00000D+00  1.00000D+00 
 1.00000D+00  0.00000D+00  0.00000D+00  0.00000D+00  0.00000D+00  0.00000D+00 
 1.00000D+00  1.00000D+00  1.00000D+00  1.00000D+00  1.00000D+00  0.00000D+00 
 0.00000D+00  0.00000D+00  0.00000D+00  0.00000D+00  1.00000D+00  1.00000D+00 
 1.00000D+00  1.00000D+00  1.00000D+00  0.00000D+00  0.00000D+00  0.00000D+00 
 0.00000D+00  0.00000D+00  1.00000D+00  1.00000D+00  1.00000D+00  1.00000D+00 
 1.00000D+00  0.00000D+00  0.00000D+00  0.00000D+00  0.00000D+00  0.00000D+00 
 1.00000D+00  1.00000D+00  1.00000D+00  1.00000D+00  1.00000D+00  0.00000D+00 
 0.00000D+00  0.00000D+00  0.00000D+00  1.00000D+00  1.00000D+00  1.00000D+00 
 1.00000D+00  1.00000D+00  1.00000D+00  0.00000D+00  0.00000D+00  0.00000D+00 
 0.00000D+00  1.00000D+00  1.00000D+00  1.00000D+00  1.00000D+00  1.00000D+00 
 1.00000D+00  0.00000D+00  0.00000D+00  0.00000D+00  0.00000D+00  1.00000D+00 
 1.00000D+00  1.00000D+00  1.00000D+00  1.00000D+00  1.00000D+00  0.00000D+00 
 0.00000D+00  0.00000D+00  0.00000D+00  1.00000D+00  1.00000D+00  1.00000D+00 
 1.00000D+00  1.00000D+00  1.00000D+00  0.00000D+00  0.00000D+00  0.00000D+00 
 0.00000D+00  1.00000D+00  1.00000D+00  1.00000D+00  1.00000D+00  1.00000D+00 
 1.00000D+00  0.00000D+00  0.00000D+00  0.00000D+00  0.00000D+00  1.00000D+00 
 1.00000D+00  1.00000D+00  1.00000D+00  1.00000D+00  1.00000D+00  0.00000D+00 
 0.00000D+00  0.00000D+00  0.00000D+00  1.00000D+00  1.00000D+00  1.00000D+00 
 1.00000D+00  1.00000D+00  1.00000D+00  0.00000D+00  0.00000D+00  0.00000D+00 
 0.00000D+00  1.00000D+00  1.00000D+00  1.00000D+00  1.00000D+00  1.00000D+00 
 1.00000D+00  0.00000D+00  0.00000D+00  1.00000D+00  1.00000D+00  1.00000D+00 
 1.00000D+00  1.00000D+00  1.00000D+00  1.00000D+00  1.00000D+00  0.00000D+00 
 0.00000D+00  1.00000D+00  1.00000D+00  1.00000D+00  1.00000D+00  1.00000D+00 
 1.00000D+00  1.00000D+00  1.00000D+00  0.00000D+00  0.00000D+00  1.00000D+00 
 1.00000D+00  1.00000D+00  1.00000D+00  1.00000D+00  1.00000D+00  1.00000D+00 
 1.00000D+00  0.00000D+00  1.00000D+00  1.00000D+00  1.00000D+00  1.00000D+00 
 1.00000D+00  1.00000D+00  1.00000D+00  1.00000D+00  1.00000D+00  0.00000D+00 
 1.00000D+00  1.00000D+00  1.00000D+00  1.00000D+00  1.00000D+00  1.00000D+00 
 1.00000D+00  1.00000D+00  1.00000D+00  0.00000D+00  1.00000D+00  1.00000D+00 
 1.00000D+00  1.00000D+00  1.00000D+00  1.00000D+00  1.00000D+00  1.00000D+00 
 1.00000D+00  0.00000D+00  1.00000D+00  1.00000D+00  1.00000D+00  1.00000D+00 
 1.00000D+00  1.00000D+00  1.00000D+00  1.00000D+00  1.00000D+00  0.00000D+00 
 1.00000D+00  1.00000D+00  1.00000D+00  1.00000D+00  1.00000D+00  1.00000D+00 
 1.00000D+00  1.00000D+00  1.00000D+00  0.00000D+00  1.00000D+00  1.00000D+00 
 1.00000D+00  1.00000D+00  1.00000D+00  1.00000D+00  1.00000D+00  1.00000D+00 
 1.00000D+00  0.00000D+00  1.00000D+00  1.00000D+00  1.00000D+00  1.00000D+00 
 1.00000D+00  1.00000D+00  1.00000D+00  1.00000D+00  1.00000D+00  0.00000D+00 
 1.00000D+00  1.00000D+00  1.00000D+00  1.00000D+00  1.00000D+00  1.00000D+00 
 1.00000D+00  1.00000D+00  1.00000D+00  0.00000D+00  1.00000D+00  1.00000D+00 
 1.00000D+00  1.00000D+00  1.00000D+00  1.00000D+00  1.00000D+00  1.00000D+00 
 1.00000D+00  1.00000D+00  1.00000D+00  1.00000D+00  1.00000D+00  1.00000D+00 
 1.00000D+00  1.00000D+00  1.00000D+00  1.00000D+00  1.00000D+00  1.00000D+00 
 1.00000D+00  1.00000D+00  1.00000D+00  1.00000D+00  1.00000D+00  1.00000D+00 
 1.00000D+00  1.00000D+00  1.00000D+00  1.00000D+00  1.00000D+00  1.00000D+00 
 1.00000D+00  1.00000D+00  1.00000D+00  1.00000D+00  1.00000D+00  1.00000D+00 
 1.00000D+00  1.00000D+00  1.00000D+00  1.00000D+00  1.00000D+00  1.00000D+00 
 1.00000D+00  1.00000D+00  1.00000D+00  1.00000D+00  1.00000D+00  1.00000D+00 
 1.00000D+00  1.00000D+00  1.00000D+00  1.00000D+00  1.00000D+00  1.00000D+00 
 1.00000D+00  1.00000D+00  1.00000D+00  1.00000D+00  1.00000D+00  1.00000D+00 
 1.00000D+00  1.00000D+00  1.00000D+00  1.00000D+00  1.00000D+00  1.00000D+00 
 1.00000D+00  1.00000D+00  1.00000D+00  1.00000D+00  1.00000D+00  1.00000D+00 
 1.00000D+00  1.00000D+00  1.00000D+00  1.00000D+00  1.00000D+00  1.00000D+00 
 1.00000D+00  1.00000D+00  1.00000D+00  1.00000D+00  1.00000D+00  1.00000D+00 
 1.00000D+00  1.00000D+00  1.00000D+00  1.00000D+00  1.00000D+00  1.00000D+00 
 1.00000D+00  1.00000D+00  1.00000D+00  1.00000D+00  1.00000D+00  1.00000D+00 
 1.00000D+00  1.00000D+00  1.00000D+00  1.00000D+00  1.00000D+00  1.00000D+00 
 1.00000D+00  1.00000D+00  1.00000D+00  1.00000D+00  1.00000D+00  1.00000D+00 
 1.00000D+00  1.00000D+00  1.00000D+00  1.00000D+00  1.00000D+00  1.00000D+00 
 1.00000D+00  1.00000D+00  1.00000D+00  1.00000D+00  1.00000D+00  1.00000D+00 
 1.00000D+00  1.00000D+00  1.00000D+00  1.00000D+00  1.00000D+00  1.00000D+00 
 1.00000D+00  1.00000D+00  1.00000D+00  1.00000D+00  1.00000D+00  1.00000D+00 
 1.00000D+00  1.00000D+00  1.00000D+00  1.00000D+00  1.00000D+00  1.00000D+00 
 1.00000D+00  1.00000D+00  1.00000D+00  1.00000D+00  1.00000D+00  1.00000D+00 
 1.00000D+00  1.00000D+00  1.00000D+00  1.00000D+00  1.00000D+00  1.00000D+00 
 1.00000D+00  1.00000D+00  1.00000D+00  1.00000D+00  1.00000D+00  1.00000D+00 
 1.00000D+00  1.00000D+00  1.00000D+00  1.00000D+00  1.00000D+00  1.00000D+00 
 1.00000D+00  1.00000D+00  1.00000D+00  1.00000D+00  1.00000D+00  1.00000D+00 
 1.00000D+00  1.00000D+00  1.00000D+00  1.00000D+00  1.00000D+00  1.00000D+00 
 1.00000D+00  1.00000D+00  1.00000D+00  1.00000D+00  1.00000D+00  1.00000D+00 
 1.00000D+00  1.00000D+00  1.00000D+00  1.00000D+00  1.00000D+00  1.00000D+00 
 1.00000D+00  0.00000D+00  0.00000D+00  0.00000D+00  0.00000D+00  0.00000D+00 
 0.00000D+00  0.00000D+00  4.69225D-03  4.82336D-03 -3.59793D-02  0.00000D+00 
 0.00000D+00  0.00000D+00  0.00000D+00  0.00000D+00  0.00000D+00  0.00000D+00 
 6.47543D-03  6.56124D-03 -1.51025D-02  0.00000D+00  0.00000D+00  0.00000D+00 
 0.00000D+00  0.00000D+00  0.00000D+00  0.00000D+00  8.00258D-03  8.07061D-03 
-5.64759D-04  0.00000D+00  0.00000D+00  0.00000D+00  0.00000D+00  0.00000D+00 
 0.00000D+00  0.00000D+00  9.75300D-03  9.81977D-03  1.11804D-02  0.00000D+00 
 0.00000D+00  0.00000D+00  0.00000D+00  0.00000D+00  0.00000D+00  0.00000D+00 
 1.21748D-02  1.22459D-02  2.11568D-02  0.00000D+00  0.00000D+00  0.00000D+00 
 0.00000D+00  0.00000D+00  2.01257D-02  1.94755D-02  1.46107D-02  1.46831D-02 
 2.80812D-02  0.00000D+00  0.00000D+00  0.00000D+00  0.00000D+00  0.00000D+00 
 1.88338D-02  1.86179D-02  1.49071D-02  1.49796D-02  2.87936D-02  0.00000D+00 
 0.00000D+00  0.00000D+00  0.00000D+00  0.00000D+00  1.78668D-02  1.81806D-02 
 1.52179D-02  1.52905D-02  2.95111D-02  0.00000D+00  0.00000D+00  0.00000D+00 
 0.00000D+00  0.00000D+00  4.53841D-02  4.79822D-02  1.86819D-02  1.87596D-02 
 3.51733D-02  0.00000D+00  0.00000D+00  0.00000D+00  0.00000D+00  3.51275D-04 
 5.76757D-02  5.71392D-02  2.04641D-02  2.05471D-02  3.64217D-02  0.00000D+00 
 0.00000D+00  0.00000D+00  0.00000D+00  2.65354D-02  5.81177D-02  5.57776D-02 
 2.34112D-02  2.35031D-02  3.69395D-02  0.00000D+00  0.00000D+00  0.00000D+00 
 0.00000D+00  4.94297D-02  3.87625D-02  3.64120D-02  3.00889D-02  3.01973D-02 
 3.49421D-02  0.00000D+00  0.00000D+00  0.00000D+00  0.00000D+00  5.16870D-02 
 1.57512D-02  1.44286D-02  3.89563D-02  3.90890D-02  2.99014D-02  0.00000D+00 
 0.00000D+00  0.00000D+00  0.00000D+00  4.28917D-02  7.47790D-04  3.20871D-04 
 5.09874D-02  5.11521D-02  2.26780D-02  0.00000D+00  0.00000D+00  0.00000D+00 
 0.00000D+00  2.89741D-02 -4.26343D-03 -4.06538D-03  6.63119D-02  6.65162D-02 
 1.34009D-02  0.00000D+00  0.00000D+00  0.00000D+00  0.00000D+00  1.38176D-02 
-2.52694D-04  3.63934D-04  8.54168D-02  8.56710D-02  3.40445D-03  0.00000D+00 
 0.00000D+00  0.00000D+00  0.00000D+00  4.09470D-04  1.13155D-02  1.22233D-02 
 1.08557D-01  1.08878D-01 -5.07287D-03  0.00000D+00  0.00000D+00 -5.52510D-03 
-8.78886D-03 -8.65474D-03  2.92386D-02  3.03612D-02  1.35195D-01  1.35593D-01 
-1.03266D-02  0.00000D+00  0.00000D+00 -5.96848D-03 -9.14459D-03 -8.70480D-03 
 2.94069D-02  3.05311D-02  1.35424D-01  1.35822D-01 -1.03484D-02  0.00000D+00 
 0.00000D+00 -9.04999D-03 -1.14268D-02 -9.07143D-03  3.06968D-02  3.18325D-02 
 1.37171D-01  1.37575D-01 -1.05017D-02  0.00000D+00  1.51218D-01 -7.98945D-03 
-5.89087D-03 -1.12515D-02  4.30249D-02  4.42509D-02  1.53334D-01  1.53794D-01 
-1.09323D-02  0.00000D+00  8.54638D-02  7.91343D-03  1.03943D-02 -1.15456D-02 
 5.33765D-02  5.46627D-02  1.66322D-01  1.66832D-01 -1.03473D-02  0.00000D+00 
 6.16913D-03  5.21422D-02  5.44453D-02 -6.79909D-03  8.27330D-02  8.41272D-02 
 2.01341D-01  2.01998D-01 -4.04216D-03  0.00000D+00 -1.19199D-02  9.75415D-02 
 9.96963D-02  6.18357D-03  1.16961D-01  1.18414D-01  2.41723D-01  2.42468D-01 
 9.65313D-03  0.00000D+00 -4.94912D-04  1.44938D-01  1.46964D-01  2.75454D-02 
 1.55700D-01  1.57171D-01  2.88368D-01  2.89248D-01  3.14732D-02  0.00000D+00 
 2.83674D-02  1.94648D-01  1.96523D-01  5.71937D-02  1.99115D-01  2.00523D-01 
 3.42143D-01  3.43506D-01  6.08585D-02  0.00000D+00  6.92346D-02  2.47222D-01 
 2.48884D-01  9.49612D-02  2.47710D-01  2.48881D-01  4.04456D-01  4.05796D-01 
 9.80644D-02  0.00000D+00  1.19281D-01  3.03568D-01  3.04881D-01  1.40810D-01 
 3.01842D-01  3.02657D-01  4.73279D-01  4.75526D-01  1.43565D-01  0.00000D+00 
 1.76943D-01  3.64531D-01  3.65260D-01  1.94692D-01  3.61807D-01  3.61938D-01 
 5.48944D-01  5.51307D-01  1.96864D-01 -2.15898D-02  2.27692D-01  4.16809D-01 
 4.16836D-01  2.42863D-01  4.13519D-01  4.12849D-01  6.12331D-01  6.15964D-01 
 2.44678D-01  3.45802D-02  2.41585D-01  4.31020D-01  4.30823D-01  2.56132D-01 
 4.27514D-01  4.26660D-01  6.29723D-01  6.33696D-01  2.57870D-01  1.90491D-01 
 3.13351D-01  5.04170D-01  5.02674D-01  3.25199D-01  4.99767D-01  4.97815D-01 
 7.23614D-01  7.26913D-01  3.26571D-01  3.06974D-01  3.92828D-01  5.84865D-01 
 5.81791D-01  4.02013D-01  5.80009D-01  5.76609D-01  8.28204D-01  8.33435D-01 
 4.03227D-01  4.16815D-01  4.80503D-01  6.73955D-01  6.68792D-01  4.87523D-01 
 6.69954D-01  6.64350D-01  9.44891D-01  9.54868D-01  4.88484D-01  5.28221D-01 
 5.76815D-01  7.73221D-01  7.64203D-01  5.82592D-01  7.69686D-01  7.59909D-01 
 1.07219D+00  1.08411D+00  5.83197D-01  6.45003D-01  6.82855D-01  8.83015D-01 
 8.68911D-01  6.87592D-01  8.77869D-01  8.64816D-01  1.20964D+00  1.21423D+00 
 6.88186D-01  7.69483D-01  7.99252D-01  1.00327D+00  9.84348D-01  8.02782D-01 
 1.00015D+00  9.81097D-01  1.35343D+00  1.36283D+00  8.03285D-01  9.03274D-01 
 9.26708D-01  1.13595D+00  1.11019D+00  9.29625D-01  1.13365D+00  1.10564D+00 
 1.49546D+00  1.50702D+00  9.29946D-01  1.04733D+00  1.06603D+00  1.28129D+00 
 1.24283D+00  1.06837D+00  1.27878D+00  1.24031D+00  1.64152D+00  1.66483D+00 
 1.06866D+00  1.20200D+00  1.21692D+00  1.43584D+00  1.38492D+00  1.21867D+00 
 1.43380D+00  1.38120D+00  1.78841D+00  1.80513D+00  1.21890D+00  1.36669D+00 
 1.37830D+00  1.59670D+00  1.53123D+00  1.37962D+00  1.59618D+00  1.52892D+00 
 1.91612D+00  1.93971D+00  1.37980D+00  1.53965D+00  1.54832D+00  1.76087D+00 
 1.67940D+00  1.54933D+00  1.75909D+00  1.67933D+00  2.00992D+00  2.05829D+00 
 1.54947D+00  1.71700D+00  1.72308D+00  1.92182D+00  1.82632D+00  1.72388D+00 
 1.92154D+00  1.82398D+00  2.07508D+00  2.10196D+00  1.72397D+00  1.89242D+00 
 1.89639D+00  2.06835D+00  1.95873D+00  1.89694D+00  2.06768D+00  1.95822D+00 
 2.10981D+00  2.21857D+00  1.89698D+00  2.05626D+00  2.05851D+00  2.19227D+00 
 2.07686D+00  2.05883D+00  2.19131D+00  2.07630D+00  2.11092D+00  2.20109D+00 
 2.05890D+00  2.19553D+00  2.19647D+00  2.28308D+00  2.17053D+00  2.19658D+00 
 2.28216D+00  2.17099D+00  2.09744D+00  2.29797D+00  2.19663D+00  2.29636D+00 
 2.29632D+00  2.33743D+00  2.25130D+00  2.29632D+00  2.33690D+00  2.25093D+00 
 2.07947D+00  2.33054D+00  2.29777D+00  0.00000D+00  0.00000D+00  0.00000D+00 
 0.00000D+00  0.00000D+00  0.00000D+00  0.00000D+00  5.50529D-02  6.59753D-02 
-9.92131D-01  0.00000D+00  0.00000D+00  0.00000D+00  0.00000D+00  0.00000D+00 
 0.00000D+00  0.00000D+00  5.67202D-02  5.68678D-02 -9.96585D-01  0.00000D+00 
 0.00000D+00  0.00000D+00  0.00000D+00  0.00000D+00  0.00000D+00  0.00000D+00 
-2.28117D-02 -2.63640D-02 -9.97915D-01  0.00000D+00  0.00000D+00  0.00000D+00 
 0.00000D+00  0.00000D+00  0.00000D+00  0.00000D+00 -1.17923D-01 -1.22965D-01 
-9.98389D-01  0.00000D+00  0.00000D+00  0.00000D+00  0.00000D+00  0.00000D+00 
 0.00000D+00  0.00000D+00 -2.11651D-01 -2.17300D-01 -9.98574D-01  0.00000D+00 
 0.00000D+00  0.00000D+00  0.00000D+00  0.00000D+00 -4.92896D-01 -5.45365D-01 
-2.84710D-01 -2.90418D-01 -9.98673D-01  0.00000D+00  0.00000D+00  0.00000D+00 
 0.00000D+00  0.00000D+00 -5.86038D-01 -5.35372D-01 -2.92968D-01 -2.98660D-01 
-9.98685D-01  0.00000D+00  0.00000D+00  0.00000D+00  0.00000D+00  0.00000D+00 
-5.79703D-01 -4.66785D-01 -3.01517D-01 -3.07188D-01 -9.98699D-01  0.00000D+00 
 0.00000D+00  0.00000D+00  0.00000D+00  0.00000D+00  2.57278D-01  2.42599D-01 
-3.86912D-01 -3.92107D-01 -9.98878D-01  0.00000D+00  0.00000D+00  0.00000D+00 
 0.00000D+00 -9.97981D-01  8.00630D-02  4.25989D-02 -4.20878D-01 -4.25748D-01 
-9.98970D-01  0.00000D+00  0.00000D+00  0.00000D+00  0.00000D+00 -9.97704D-01 
-1.99305D-01 -2.23484D-01 -4.63520D-01 -4.67857D-01 -9.99079D-01  0.00000D+00 
 0.00000D+00  0.00000D+00  0.00000D+00 -9.97751D-01 -5.09683D-01 -5.16226D-01 
-5.26687D-01 -5.29873D-01 -9.99111D-01  0.00000D+00  0.00000D+00  0.00000D+00 
 0.00000D+00 -9.98667D-01 -6.62464D-01 -6.63986D-01 -5.74629D-01 -5.76422D-01 
-9.98853D-01  0.00000D+00  0.00000D+00  0.00000D+00  0.00000D+00 -9.98788D-01 
-7.43618D-01 -7.44730D-01 -6.05178D-01 -6.05458D-01 -9.98365D-01  0.00000D+00 
 0.00000D+00  0.00000D+00  0.00000D+00 -9.98002D-01 -7.86981D-01 -7.89029D-01 
-6.17625D-01 -6.16422D-01 -9.97640D-01  0.00000D+00  0.00000D+00  0.00000D+00 
 0.00000D+00 -9.96928D-01 -8.06929D-01 -8.10357D-01 -6.12309D-01 -6.09786D-01 
-9.96859D-01  0.00000D+00  0.00000D+00  0.00000D+00  0.00000D+00 -9.96155D-01 
-8.10309D-01 -8.15173D-01 -5.90312D-01 -5.86765D-01 -9.96546D-01  0.00000D+00 
 0.00000D+00 -3.36239D-01 -3.87137D-01 -9.96021D-01 -8.00801D-01 -8.06998D-01 
-5.54162D-01 -5.49998D-01 -9.96564D-01  0.00000D+00  0.00000D+00 -3.43601D-01 
-3.92819D-01 -9.96023D-01 -8.00678D-01 -8.06886D-01 -5.53821D-01 -5.49655D-01 
-9.96565D-01  0.00000D+00  0.00000D+00 -3.91944D-01 -4.31933D-01 -9.96039D-01 
-7.99724D-01 -8.06009D-01 -5.51210D-01 -5.47023D-01 -9.96576D-01  0.00000D+00 
-9.94516D-01 -6.06214D-01 -6.21337D-01 -9.96290D-01 -7.89561D-01 -7.96493D-01 
-5.26539D-01 -5.22245D-01 -9.96836D-01  0.00000D+00 -9.92729D-01 -6.69065D-01 
-6.80098D-01 -9.96606D-01 -7.79954D-01 -7.87334D-01 -5.06125D-01 -5.01864D-01 
-9.97222D-01  0.00000D+00 -9.90729D-01 -7.21350D-01 -7.30510D-01 -9.97708D-01 
-7.49255D-01 -7.57588D-01 -4.50855D-01 -4.47104D-01 -9.98121D-01  0.00000D+00 
-9.93968D-01 -7.16675D-01 -7.26149D-01 -9.98882D-01 -7.09340D-01 -7.18386D-01 
-3.91872D-01 -3.89228D-01 -9.99118D-01  0.00000D+00 -9.97489D-01 -6.85212D-01 
-6.95174D-01 -9.99466D-01 -6.60838D-01 -6.70361D-01 -3.31613D-01 -3.30734D-01 
-9.99459D-01  0.00000D+00 -9.99237D-01 -6.35968D-01 -6.46285D-01 -9.98676D-01 
-6.04191D-01 -6.13960D-01 -2.70346D-01 -2.71662D-01 -9.98454D-01  0.00000D+00 
-9.97986D-01 -5.72992D-01 -5.83506D-01 -9.95631D-01 -5.39698D-01 -5.49553D-01 
-2.06325D-01 -2.10313D-01 -9.95274D-01  0.00000D+00 -9.92746D-01 -4.98930D-01 
-5.09570D-01 -9.89312D-01 -4.67533D-01 -4.77443D-01 -1.38081D-01 -1.45339D-01 
-9.88888D-01  0.00000D+00 -9.82498D-01 -4.15970D-01 -4.26824D-01 -9.78461D-01 
-3.88143D-01 -3.98189D-01 -6.66763D-02 -7.80916D-02 -9.77849D-01 -9.98513D-01 
-9.70028D-01 -3.44875D-01 -3.56133D-01 -9.65689D-01 -3.20275D-01 -3.30843D-01 
-8.89483D-03 -2.46234D-02 -9.65101D-01 -9.97419D-01 -9.66071D-01 -3.25724D-01 
-3.37145D-01 -9.61679D-01 -3.02030D-01 -3.12788D-01  5.89656D-03 -1.06538D-02 
-9.61189D-01 -9.76104D-01 -9.41991D-01 -2.28771D-01 -2.41479D-01 -9.37455D-01 
-2.10095D-01 -2.21951D-01  8.56496D-02  6.10872D-02 -9.36849D-01 -9.41605D-01 
-9.08257D-01 -1.24679D-01 -1.39785D-01 -9.03739D-01 -1.10912D-01 -1.25105D-01 
 1.76555D-01  1.47235D-01 -9.03260D-01 -8.94324D-01 -8.62321D-01 -1.25792D-02 
-3.14060D-02 -8.58264D-01 -2.96047D-03 -2.07395D-02  2.92095D-01  2.56252D-01 
-8.57607D-01 -8.31709D-01 -8.01314D-01  1.09822D-01  8.50680D-02 -7.97490D-01 
 1.17441D-01  9.26829D-02  4.25138D-01  3.83647D-01 -7.96990D-01 -7.50121D-01 
-7.21492D-01  2.47860D-01  2.12695D-01 -7.17568D-01  2.51715D-01  2.17779D-01 
 5.85326D-01  5.24765D-01 -7.17253D-01 -6.45048D-01 -6.18072D-01  4.03844D-01 
 3.55978D-01 -6.14651D-01  4.05575D-01  3.59392D-01  7.71585D-01  6.87359D-01 
-6.13995D-01 -5.11124D-01 -4.86276D-01  5.83985D-01  5.19838D-01 -4.83191D-01 
 5.86203D-01  5.20908D-01  9.69023D-01  8.91017D-01 -4.82904D-01 -3.42394D-01 
-3.19485D-01  7.96526D-01  7.06438D-01 -3.16423D-01  7.96345D-01  7.05427D-01 
 1.18485D+00  1.13746D+00 -3.16043D-01 -1.32608D-01 -1.11545D-01  1.04087D+00 
 9.15264D-01 -1.08947D-01  1.03905D+00  9.14797D-01  1.43682D+00  1.34531D+00 
-1.08609D-01  1.23946D-01  1.42737D-01  1.31781D+00  1.14741D+00  1.44935D-01 
 1.31805D+00  1.14585D+00  1.68345D+00  1.57910D+00  1.45212D-01  4.31227D-01 
 4.47291D-01  1.62370D+00  1.39702D+00  4.49213D-01  1.62368D+00  1.39736D+00 
 1.88035D+00  1.83810D+00  4.49492D-01  7.88401D-01  8.01205D-01  1.94151D+00 
 1.65652D+00  8.02758D-01  1.93926D+00  1.65459D+00  2.03587D+00  1.92274D+00 
 8.02924D-01  1.18664D+00  1.19592D+00  2.25355D+00  1.90998D+00  1.19722D+00 
 2.25295D+00  1.90565D+00  2.14479D+00  2.28581D+00  1.19729D+00  1.60480D+00 
 1.61079D+00  2.53356D+00  2.13607D+00  1.61168D+00  2.53156D+00  2.13602D+00 
 2.19764D+00  2.24228D+00  1.61182D+00  2.00751D+00  2.01066D+00  2.76543D+00 
 2.33463D+00  2.01108D+00  2.76303D+00  2.33751D+00  2.24846D+00  2.60369D+00 
 2.01131D+00  2.35044D+00  2.35122D+00  2.92828D+00  2.52021D+00  2.35136D+00 
 2.92787D+00  2.51926D+00  2.24087D+00  2.77859D+00  2.35350D+00  0.00000D+00 
 0.00000D+00  0.00000D+00  0.00000D+00  0.00000D+00  0.00000D+00  0.00000D+00 
 1.14074D-03  1.19262D-03  3.59961D-02  0.00000D+00  0.00000D+00  0.00000D+00 
 0.00000D+00  0.00000D+00  0.00000D+00  0.00000D+00  1.30873D-03  1.31207D-03 
 1.51121D-02  0.00000D+00  0.00000D+00  0.00000D+00  0.00000D+00  0.00000D+00 
 0.00000D+00  0.00000D+00  8.87874D-04  8.70557D-04  5.71154D-04  0.00000D+00 
 0.00000D+00  0.00000D+00  0.00000D+00  0.00000D+00  0.00000D+00  0.00000D+00 
 2.79886D-04  2.49249D-04 -1.11747D-02  0.00000D+00  0.00000D+00  0.00000D+00 
 0.00000D+00  0.00000D+00  0.00000D+00  0.00000D+00 -5.03330D-04 -5.51863D-04 
-2.11491D-02  0.00000D+00  0.00000D+00  0.00000D+00  0.00000D+00  0.00000D+00 
-3.57429D-03 -9.63755D-04 -1.37778D-03 -1.44420D-03 -2.80703D-02  0.00000D+00 
 0.00000D+00  0.00000D+00  0.00000D+00  0.00000D+00 -1.31669D-03  2.74356D-03 
-1.49392D-03 -1.56245D-03 -2.87823D-02  0.00000D+00  0.00000D+00  0.00000D+00 
 0.00000D+00  0.00000D+00  2.57177D-03  7.65737D-03 -1.61793D-03 -1.68867D-03 
-2.94993D-02  0.00000D+00  0.00000D+00  0.00000D+00  0.00000D+00  0.00000D+00 
 2.19249D-02  1.67513D-02 -3.11718D-03 -3.21269D-03 -3.51582D-02  0.00000D+00 
 0.00000D+00  0.00000D+00  0.00000D+00 -3.43449D-04 -4.31275D-03 -7.37497D-03 
-3.93716D-03 -4.04554D-03 -3.64066D-02  0.00000D+00  0.00000D+00  0.00000D+00 
 0.00000D+00 -2.65093D-02 -2.66305D-02 -2.64355D-02 -5.35358D-03 -5.48194D-03 
-3.69268D-02  0.00000D+00  0.00000D+00  0.00000D+00  0.00000D+00 -4.93788D-02 
-3.02436D-02 -2.84729D-02 -8.92074D-03 -9.08530D-03 -3.49400D-02  0.00000D+00 
 0.00000D+00  0.00000D+00  0.00000D+00 -5.16504D-02 -1.55826D-02 -1.42682D-02 
-1.42460D-02 -1.44440D-02 -2.99112D-02  0.00000D+00  0.00000D+00  0.00000D+00 
 0.00000D+00 -4.28943D-02 -1.95330D-03 -1.30569D-03 -2.19750D-02 -2.21934D-02 
-2.26945D-02  0.00000D+00  0.00000D+00  0.00000D+00  0.00000D+00 -2.90038D-02 
 4.23281D-03  4.40280D-03 -3.21725D-02 -3.23852D-02 -1.34202D-02  0.00000D+00 
 0.00000D+00  0.00000D+00  0.00000D+00 -1.38365D-02  2.16448D-03  2.01799D-03 
-4.48114D-02 -4.49836D-02 -3.39329D-03  0.00000D+00  0.00000D+00  0.00000D+00 
 0.00000D+00 -3.73639D-04 -7.18783D-03 -7.58011D-03 -5.93864D-02 -5.94833D-02 
 5.14168D-03  0.00000D+00  0.00000D+00  1.72362D-02  1.87363D-02  8.77362D-03 
-2.24465D-02 -2.30847D-02 -7.47254D-02 -7.47175D-02  1.04473D-02  0.00000D+00 
 0.00000D+00  1.74307D-02  1.89144D-02  8.82438D-03 -2.25901D-02 -2.32305D-02 
-7.48503D-02 -7.48415D-02  1.04696D-02  0.00000D+00  0.00000D+00  1.88514D-02 
 2.00784D-02  9.19636D-03 -2.36903D-02 -2.43472D-02 -7.57985D-02 -7.57831D-02 
 1.06279D-02  0.00000D+00 -1.51291D-01  1.76750D-02  1.66514D-02  1.14218D-02 
-3.41530D-02 -3.49594D-02 -8.42235D-02 -8.41538D-02  1.11059D-02  0.00000D+00 
-8.55264D-02  6.00468D-03  4.50766D-03  1.17450D-02 -4.28279D-02 -4.37586D-02 
-9.04666D-02 -9.03635D-02  1.05585D-02  0.00000D+00 -5.83699D-03 -3.05449D-02 
-3.23228D-02  7.03499D-03 -6.66277D-02 -6.79024D-02 -1.05133D-01 -1.05017D-01 
 4.24418D-03  0.00000D+00  1.24394D-02 -6.83087D-02 -7.04176D-02 -5.98431D-03 
-9.26230D-02 -9.43015D-02 -1.18908D-01 -1.18878D-01 -9.48412D-03  0.00000D+00 
 9.23561D-04 -1.05146D-01 -1.07703D-01 -2.74524D-02 -1.19571D-01 -1.21715D-01 
-1.31742D-01 -1.31925D-01 -3.13783D-02  0.00000D+00 -2.81904D-02 -1.39786D-01 
-1.42870D-01 -5.72170D-02 -1.46601D-01 -1.49245D-01 -1.43154D-01 -1.44048D-01 
-6.08667D-02  0.00000D+00 -6.92687D-02 -1.71284D-01 -1.74942D-01 -9.49738D-02 
-1.72960D-01 -1.76074D-01 -1.52461D-01 -1.54316D-01 -9.80628D-02  0.00000D+00 
-1.19186D-01 -1.98844D-01 -2.03101D-01 -1.40444D-01 -1.97427D-01 -2.01058D-01 
-1.56850D-01 -1.60379D-01 -1.43180D-01  0.00000D+00 -1.75942D-01 -2.21592D-01 
-2.26479D-01 -1.93179D-01 -2.18404D-01 -2.22538D-01 -1.54354D-01 -1.59871D-01 
-1.95272D-01  2.15673D-02 -2.25009D-01 -2.35742D-01 -2.41185D-01 -2.39472D-01 
-2.31563D-01 -2.36117D-01 -1.46541D-01 -1.55058D-01 -2.41145D-01 -3.45148D-02 
-2.38270D-01 -2.38811D-01 -2.44411D-01 -2.52056D-01 -2.34355D-01 -2.39094D-01 
-1.43808D-01 -1.53334D-01 -2.53707D-01 -1.88147D-01 -3.05406D-01 -2.49776D-01 
-2.56324D-01 -3.16254D-01 -2.44327D-01 -2.50093D-01 -1.29289D-01 -1.42717D-01 
-3.17488D-01 -2.98288D-01 -3.76586D-01 -2.52912D-01 -2.60993D-01 -3.84493D-01 
-2.47264D-01 -2.54638D-01 -1.07235D-01 -1.25999D-01 -3.85592D-01 -3.95924D-01 
-4.50271D-01 -2.45704D-01 -2.56381D-01 -4.55905D-01 -2.41412D-01 -2.50694D-01 
-6.45341D-02 -9.38686D-02 -4.56588D-01 -4.86489D-01 -5.24034D-01 -2.25718D-01 
-2.40294D-01 -5.28291D-01 -2.22105D-01 -2.35247D-01  2.60123D-03 -4.26529D-02 
-5.28715D-01 -5.69736D-01 -5.95016D-01 -1.88419D-01 -2.10019D-01 -5.97938D-01 
-1.86663D-01 -2.05949D-01  8.76312D-02  2.06659D-02 -5.98475D-01 -6.42237D-01 
-6.57911D-01 -1.25980D-01 -1.60150D-01 -6.59436D-01 -1.24853D-01 -1.56247D-01 
 2.02009D-01  1.00559D-01 -6.59556D-01 -6.97651D-01 -7.05686D-01 -3.41981D-02 
-8.26624D-02 -7.06734D-01 -3.16461D-02 -7.97119D-02  3.35836D-01  2.11088D-01 
-7.06835D-01 -7.26329D-01 -7.28841D-01  1.05016D-01  2.97581D-02 -7.28903D-01 
 1.06384D-01  3.09902D-02  4.78891D-01  3.73429D-01 -7.28971D-01 -7.15031D-01 
-7.12705D-01  2.97166D-01  1.82247D-01 -7.12263D-01  2.95584D-01  1.82376D-01 
 6.97961D-01  5.08878D-01 -7.12160D-01 -6.46939D-01 -6.40988D-01  5.48516D-01 
 3.78730D-01 -6.40235D-01  5.50234D-01  3.76931D-01  9.37520D-01  6.98331D-01 
-6.40175D-01 -5.02648D-01 -4.94232D-01  8.69689D-01  6.11727D-01 -4.93168D-01 
 8.69246D-01  6.17436D-01  1.13867D+00  9.64426D-01 -4.93005D-01 -2.63759D-01 
-2.54436D-01  1.24176D+00  8.87633D-01 -2.53386D-01  1.24198D+00  8.86669D-01 
 1.32231D+00  9.60698D-01 -2.53277D-01  7.99166D-02  8.83209D-02  1.63419D+00 
 1.17353D+00  8.94385D-02  1.63422D+00  1.17220D+00  1.47253D+00  1.54331D+00 
 8.94867D-02  5.19015D-01  5.25412D-01  2.02393D+00  1.44930D+00  5.26444D-01 
 2.02117D+00  1.45062D+00  1.56982D+00  1.38443D+00  5.26548D-01  1.01388D+00 
 1.01794D+00  2.37090D+00  1.70526D+00  1.01853D+00  2.36656D+00  1.71230D+00 
 1.69529D+00  2.03391D+00  1.01913D+00  1.49428D+00  1.49568D+00  2.64841D+00 
 1.96692D+00  1.49594D+00  2.64678D+00  1.96676D+00  1.68838D+00  2.37434D+00 
 1.50011D+00  0.00000D+00  0.00000D+00  0.00000D+00  0.00000D+00  0.00000D+00 
 0.00000D+00  0.00000D+00  7.19494D-06  7.56460D-06 -3.65115D-05  0.00000D+00 
 0.00000D+00  0.00000D+00  0.00000D+00  0.00000D+00  0.00000D+00  0.00000D+00 
 1.20355D-05  1.22055D-05  1.44850D-04  0.00000D+00  0.00000D+00  0.00000D+00 
 0.00000D+00  0.00000D+00  0.00000D+00  0.00000D+00  1.35143D-05  1.35330D-05 
 5.34927D-05  0.00000D+00  0.00000D+00  0.00000D+00  0.00000D+00  0.00000D+00 
 0.00000D+00  0.00000D+00  1.27369D-05  1.26340D-05 -1.36585D-04  0.00000D+00 
 0.00000D+00  0.00000D+00  0.00000D+00  0.00000D+00  0.00000D+00  0.00000D+00 
 9.28638D-06  8.99370D-06 -3.26139D-04  0.00000D+00  0.00000D+00  0.00000D+00 
 0.00000D+00  0.00000D+00 -5.42796D-05 -2.79103D-05  2.65589D-06  2.10093D-06 
-4.27346D-04  0.00000D+00  0.00000D+00  0.00000D+00  0.00000D+00  0.00000D+00 
-2.72232D-05  1.43145D-05  1.57584D-06  9.82710D-07 -4.34143D-04  0.00000D+00 
 0.00000D+00  0.00000D+00  0.00000D+00  0.00000D+00  1.78623D-05  7.58994D-05 
 3.72128D-07 -2.62489D-07 -4.39938D-04  0.00000D+00  0.00000D+00  0.00000D+00 
 0.00000D+00  0.00000D+00  7.26097D-04  6.61430D-04 -1.79189D-05 -1.91301D-05 
-4.21062D-04  0.00000D+00  0.00000D+00  0.00000D+00  0.00000D+00 -7.73286D-05 
 4.23196D-04  3.46309D-04 -3.00659D-05 -3.16280D-05 -3.81243D-04  0.00000D+00 
 0.00000D+00  0.00000D+00  0.00000D+00 -9.69657D-04 -1.60963D-04 -1.93627D-04 
-5.28931D-05 -5.50696D-05 -3.32653D-04  0.00000D+00  0.00000D+00  0.00000D+00 
 0.00000D+00 -1.38961D-03 -9.41665D-04 -9.13260D-04 -1.20065D-04 -1.23764D-04 
-3.82045D-04  0.00000D+00  0.00000D+00  0.00000D+00  0.00000D+00 -7.14961D-04 
-1.26228D-03 -1.21189D-03 -2.53552D-04 -2.59618D-04 -6.99383D-04  0.00000D+00 
 0.00000D+00  0.00000D+00  0.00000D+00 -7.26507D-04 -1.18579D-03 -1.13657D-03 
-5.15870D-04 -5.25312D-04 -1.23776D-03  0.00000D+00  0.00000D+00  0.00000D+00 
 0.00000D+00 -1.59619D-03 -8.41390D-04 -8.04293D-04 -9.90753D-04 -1.00446D-03 
-2.01134D-03  0.00000D+00  0.00000D+00  0.00000D+00  0.00000D+00 -2.72571D-03 
-3.94480D-04 -3.75815D-04 -1.78511D-03 -1.80334D-03 -2.82050D-03  0.00000D+00 
 0.00000D+00  0.00000D+00  0.00000D+00 -3.53538D-03 -6.39442D-05 -6.91130D-05 
-3.07376D-03 -3.09704D-03 -3.16179D-03  0.00000D+00  0.00000D+00  6.34168D-04 
 5.78737D-04 -3.69273D-03 -1.21456D-04 -1.57741D-04 -4.98061D-03 -5.00830D-03 
-3.15628D-03  0.00000D+00  0.00000D+00  6.28972D-04  5.75592D-04 -3.69103D-03 
-1.24290D-04 -1.60865D-04 -4.99873D-03 -5.02642D-03 -3.15556D-03  0.00000D+00 
 0.00000D+00  5.96617D-04  5.61564D-04 -3.67656D-03 -1.47234D-04 -1.86059D-04 
-5.13793D-03 -5.16555D-03 -3.14701D-03  0.00000D+00 -5.10097D-03  8.18559D-04 
 8.28880D-04 -3.43239D-03 -4.72971D-04 -5.33601D-04 -6.50164D-03 -6.53130D-03 
-2.89495D-03  0.00000D+00 -6.91801D-03  9.75303D-04  9.51254D-04 -3.12111D-03 
-8.86993D-04 -9.67038D-04 -7.70334D-03 -7.73498D-03 -2.51105D-03  0.00000D+00 
-8.96071D-03  1.13111D-04 -8.83367D-06 -2.02331D-03 -2.68704D-03 -2.82872D-03 
-1.12818D-02 -1.13227D-02 -1.61835D-03  0.00000D+00 -5.73199D-03 -2.72995D-03 
-2.96192D-03 -8.51595D-04 -5.83978D-03 -6.06796D-03 -1.58984D-02 -1.59681D-02 
-6.19980D-04  0.00000D+00 -2.21568D-03 -7.68970D-03 -8.06414D-03 -2.71288D-04 
-1.06383D-02 -1.09877D-02 -2.17579D-02 -2.18598D-02 -2.93073D-04  0.00000D+00 
-4.82290D-04 -1.49543D-02 -1.55207D-02 -1.07162D-03 -1.73881D-02 -1.79117D-02 
-2.91959D-02 -2.94314D-02 -1.30083D-03  0.00000D+00 -1.75998D-03 -2.47097D-02 
-2.55333D-02 -4.12800D-03 -2.64690D-02 -2.72190D-02 -3.85964D-02 -3.91194D-02 
-4.47669D-03  0.00000D+00 -7.01920D-03 -3.71134D-02 -3.82741D-02 -1.04386D-02 
-3.82856D-02 -3.93178D-02 -4.98898D-02 -5.08425D-02 -1.08650D-02  0.00000D+00 
-1.72201D-02 -5.22580D-02 -5.38533D-02 -2.12021D-02 -5.30297D-02 -5.44730D-02 
-6.18959D-02 -6.35123D-02 -2.18564D-02 -1.24017D-03 -2.95230D-02 -6.62842D-02 
-6.83142D-02 -3.37670D-02 -6.68579D-02 -6.86190D-02 -7.12137D-02 -7.36382D-02 
-3.43042D-02 -2.33356D-03 -3.34043D-02 -7.02254D-02 -7.23823D-02 -3.76883D-02 
-7.07349D-02 -7.25915D-02 -7.34637D-02 -7.63250D-02 -3.81664D-02 -2.34368D-02 
-5.67987D-02 -9.12037D-02 -9.41100D-02 -6.11519D-02 -9.11112D-02 -9.37930D-02 
-8.61029D-02 -9.01852D-02 -6.17203D-02 -5.69791D-02 -8.89529D-02 -1.15236D-01 
-1.19236D-01 -9.31962D-02 -1.14559D-01 -1.18178D-01 -9.91318D-02 -1.07442D-01 
-9.36179D-02 -1.01758D-01 -1.31600D-01 -1.41607D-01 -1.47377D-01 -1.35267D-01 
-1.40781D-01 -1.46322D-01 -1.12006D-01 -1.27103D-01 -1.35875D-01 -1.58946D-01 
-1.86186D-01 -1.68923D-01 -1.77439D-01 -1.89504D-01 -1.68389D-01 -1.75736D-01 
-1.15439D-01 -1.40262D-01 -1.90007D-01 -2.29840D-01 -2.54130D-01 -1.95636D-01 
-2.08232D-01 -2.57470D-01 -1.94937D-01 -2.07101D-01 -1.11075D-01 -1.49822D-01 
-2.57684D-01 -3.15077D-01 -3.36348D-01 -2.16409D-01 -2.37788D-01 -3.38899D-01 
-2.15751D-01 -2.36619D-01 -9.42477D-02 -1.66951D-01 -3.39453D-01 -4.13756D-01 
-4.31171D-01 -2.26343D-01 -2.60128D-01 -4.33219D-01 -2.26906D-01 -2.57891D-01 
-6.50822D-02 -1.66940D-01 -4.33260D-01 -5.22063D-01 -5.36076D-01 -2.13351D-01 
-2.65934D-01 -5.37932D-01 -2.11283D-01 -2.65402D-01 -2.89582D-02 -1.15971D-01 
-5.38263D-01 -6.31619D-01 -6.41745D-01 -1.61218D-01 -2.48078D-01 -6.42817D-01 
-1.63461D-01 -2.47678D-01  5.38403D-02 -1.13489D-01 -6.42885D-01 -7.27489D-01 
-7.33694D-01 -5.96919D-02 -1.96411D-01 -7.34280D-01 -5.86784D-02 -1.97373D-01 
 2.15667D-01 -5.46479D-02 -7.34386D-01 -7.86652D-01 -7.88816D-01  1.14831D-01 
-1.03220D-01 -7.88878D-01  1.17043D-01 -9.76421D-02  3.68767D-01  1.59803D-01 
-7.88871D-01 -7.78161D-01 -7.76701D-01  3.70613D-01  4.47491D-02 -7.76509D-01 
 3.67970D-01  4.56376D-02  5.33430D-01  2.29400D-02 -7.76543D-01 -6.68552D-01 
-6.64921D-01  6.91123D-01  2.42444D-01 -6.64556D-01  6.92676D-01  2.35702D-01 
 7.38856D-01  7.32988D-01 -6.64564D-01 -4.35175D-01 -4.31258D-01  1.05228D+00 
 4.65147D-01 -4.30605D-01  1.04912D+00  4.68950D-01  9.16497D-01  4.41160D-01 
-4.30721D-01 -8.51174D-02 -8.16973D-02  1.44635D+00  7.14226D-01 -8.11520D-02 
 1.44006D+00  7.25778D-01  1.16662D+00  1.25896D+00 -8.02522D-02  3.32739D-01 
 3.34589D-01  1.82352D+00  1.01620D+00  3.34940D-01  1.82223D+00  1.01671D+00 
 1.18323D+00  1.72519D+00  3.39905D-01  0.00000D+00  0.00000D+00  0.00000D+00 
 0.00000D+00  0.00000D+00  0.00000D+00  0.00000D+00  1.07939D-08  1.32088D-08 
-4.77754D-06  0.00000D+00  0.00000D+00  0.00000D+00  0.00000D+00  0.00000D+00 
 0.00000D+00  0.00000D+00  5.09091D-08  5.29923D-08  4.43944D-07  0.00000D+00 
 0.00000D+00  0.00000D+00  0.00000D+00  0.00000D+00  0.00000D+00  0.00000D+00 
 8.50745D-08  8.63315D-08  1.88628D-06  0.00000D+00  0.00000D+00  0.00000D+00 
 0.00000D+00  0.00000D+00  0.00000D+00  0.00000D+00  1.13548D-07  1.13984D-07 
 8.88435D-07  0.00000D+00  0.00000D+00  0.00000D+00  0.00000D+00  0.00000D+00 
 0.00000D+00  0.00000D+00  1.35979D-07  1.35137D-07 -2.47575D-06  0.00000D+00 
 0.00000D+00  0.00000D+00  0.00000D+00  0.00000D+00 -4.21545D-08  1.06352D-07 
 1.31598D-07  1.28646D-07 -6.54709D-06  0.00000D+00  0.00000D+00  0.00000D+00 
 0.00000D+00  0.00000D+00  9.85150D-08  4.14913D-07  1.28342D-07  1.25015D-07 
-7.04676D-06  0.00000D+00  0.00000D+00  0.00000D+00  0.00000D+00  0.00000D+00 
 4.30039D-07  9.52026D-07  1.24128D-07  1.20378D-07 -7.56579D-06  0.00000D+00 
 0.00000D+00  0.00000D+00  0.00000D+00  0.00000D+00  1.37043D-05  1.32297D-05 
 5.66838D-09 -4.70133D-09 -1.18630D-05  0.00000D+00  0.00000D+00  0.00000D+00 
 0.00000D+00 -4.06607D-08  1.45051D-05  1.31881D-05 -1.12286D-07 -1.27633D-07 
-1.23349D-05  0.00000D+00  0.00000D+00  0.00000D+00  0.00000D+00 -1.32538D-05 
 9.85407D-06  8.50522D-06 -3.90177D-07 -4.15550D-07 -1.09349D-05  0.00000D+00 
 0.00000D+00  0.00000D+00  0.00000D+00 -4.37923D-05 -4.25070D-06 -4.83815D-06 
-1.43983D-06 -1.49630D-06 -2.67803D-06  0.00000D+00  0.00000D+00  0.00000D+00 
 0.00000D+00 -3.39470D-05 -2.00461D-05 -1.97939D-05 -4.04700D-06 -4.16496D-06 
 8.41820D-06  0.00000D+00  0.00000D+00  0.00000D+00  0.00000D+00  2.22553D-06 
-3.36598D-05 -3.26794D-05 -1.05827D-05 -1.08260D-05  1.49414D-05  0.00000D+00 
 0.00000D+00  0.00000D+00  0.00000D+00  2.69240D-05 -4.12714D-05 -3.97381D-05 
-2.58620D-05 -2.63395D-05  1.41181D-05  0.00000D+00  0.00000D+00  0.00000D+00 
 0.00000D+00  1.43079D-05 -3.88665D-05 -3.70745D-05 -5.81644D-05 -5.90232D-05 
-1.44939D-05  0.00000D+00  0.00000D+00  0.00000D+00  0.00000D+00 -4.20299D-05 
-2.53448D-05 -2.37856D-05 -1.24502D-04 -1.25992D-04 -7.74899D-05  0.00000D+00 
 0.00000D+00 -4.63502D-06 -7.69694D-06 -1.26216D-04 -7.21072D-06 -6.73701D-06 
-2.52313D-04 -2.54899D-04 -1.24054D-04  0.00000D+00  0.00000D+00 -5.03985D-06 
-8.02952D-06 -1.26930D-04 -7.08767D-06 -6.62783D-06 -2.53649D-04 -2.56265D-04 
-1.24576D-04  0.00000D+00  0.00000D+00 -7.94149D-06 -1.01639D-05 -1.32335D-04 
-6.18570D-06 -5.83447D-06 -2.64050D-04 -2.66806D-04 -1.30579D-04  0.00000D+00 
 7.69618D-05 -5.64949D-06 -3.36605D-06 -1.78089D-04 -1.68217D-06 -2.56636D-06 
-3.73892D-04 -3.77030D-04 -1.85830D-04  0.00000D+00  5.94525D-05  1.20917D-05 
 1.42575D-05 -2.07505D-04 -4.77909D-06 -6.97020D-06 -4.82465D-04 -4.86733D-04 
-2.18915D-04  0.00000D+00 -3.41370D-04  3.55539D-05  3.29025D-05 -2.44191D-04 
-6.09076D-05 -6.85210D-05 -8.78146D-04 -8.84682D-04 -2.13864D-04  0.00000D+00 
-5.29523D-04 -5.94296D-05 -7.26697D-05 -2.07783D-04 -2.47100D-04 -2.64686D-04 
-1.50912D-03 -1.52138D-03 -1.81653D-04  0.00000D+00 -4.38307D-04 -4.01248D-04 
-4.33536D-04 -1.02454D-04 -6.69507D-04 -7.04666D-04 -2.47900D-03 -2.50175D-03 
-1.09841D-04  0.00000D+00 -1.87042D-04 -1.16193D-03 -1.22692D-03  1.19217D-05 
-1.48076D-03 -1.54540D-03 -4.00240D-03 -4.04011D-03 -1.54789D-05  0.00000D+00 
 2.10047D-05 -2.57712D-03 -2.69670D-03 -1.58911D-06 -2.90105D-03 -3.01841D-03 
-6.34205D-03 -6.44875D-03 -1.02497D-05  0.00000D+00 -1.14839D-04 -4.96358D-03 
-5.17164D-03 -3.85089D-04 -5.26889D-03 -5.46373D-03 -9.92624D-03 -1.01152D-02 
-4.05204D-04  0.00000D+00 -1.02819D-03 -8.72920D-03 -9.07671D-03 -1.53696D-03 
-9.02657D-03 -9.35204D-03 -1.49171D-02 -1.53343D-02 -1.64747D-03 -1.53023D-05 
-2.70711D-03 -1.30429D-02 -1.35534D-02 -3.40712D-03 -1.33632D-02 -1.38400D-02 
-1.99334D-02 -2.05007D-02 -3.54760D-03 -1.04238D-04 -3.33418D-03 -1.43973D-02 
-1.49607D-02 -4.08506D-03 -1.47300D-02 -1.52482D-02 -2.13958D-02 -2.20031D-02 
-4.16137D-03 -2.36902D-03 -7.89969D-03 -2.26920D-02 -2.35885D-02 -8.87525D-03 
-2.30034D-02 -2.38260D-02 -2.89705D-02 -3.05789D-02 -8.99923D-03 -8.60170D-03 
-1.59710D-02 -3.46268D-02 -3.60565D-02 -1.72053D-02 -3.48159D-02 -3.61419D-02 
-3.79927D-02 -4.23379D-02 -1.73111D-02 -2.03921D-02 -2.93450D-02 -5.14015D-02 
-5.37339D-02 -3.06363D-02 -5.13227D-02 -5.36912D-02 -4.93147D-02 -6.06896D-02 
-3.09170D-02 -4.00720D-02 -5.04083D-02 -7.41638D-02 -7.80579D-02 -5.18028D-02 
-7.41735D-02 -7.76968D-02 -6.81273D-02 -8.20325D-02 -5.20043D-02 -7.07842D-02 
-8.21495D-02 -1.04350D-01 -1.10669D-01 -8.38271D-02 -1.04302D-01 -1.10509D-01 
-8.26941D-02 -1.03913D-01 -8.37596D-02 -1.16479D-01 -1.28704D-01 -1.43108D-01 
-1.53888D-01 -1.30419D-01 -1.42824D-01 -1.53624D-01 -9.99276D-02 -1.38067D-01 
-1.30761D-01 -1.81716D-01 -1.94238D-01 -1.89307D-01 -2.09498D-01 -1.95605D-01 
-1.90083D-01 -2.08652D-01 -1.15643D-01 -1.75598D-01 -1.95679D-01 -2.70940D-01 
-2.83074D-01 -2.42976D-01 -2.74695D-01 -2.84932D-01 -2.41238D-01 -2.72791D-01 
-1.39196D-01 -1.94562D-01 -2.85109D-01 -3.87084D-01 -3.98746D-01 -2.90675D-01 
-3.46538D-01 -4.00004D-01 -2.92281D-01 -3.47048D-01 -1.37353D-01 -2.43695D-01 
-4.00183D-01 -5.29087D-01 -5.39296D-01 -3.26611D-01 -4.17782D-01 -5.40323D-01 
-3.26284D-01 -4.21264D-01 -4.89406D-02 -2.75432D-01 -5.40479D-01 -6.88535D-01 
-6.96488D-01 -3.24222D-01 -4.80934D-01 -6.97221D-01 -3.23713D-01 -4.73820D-01 
 2.50648D-02 -1.36270D-01 -6.97325D-01 -8.45492D-01 -8.50293D-01 -2.61811D-01 
-5.01066D-01 -8.50766D-01 -2.62418D-01 -4.99092D-01  1.25404D-01 -4.14470D-01 
-8.50873D-01 -9.66938D-01 -9.68567D-01 -1.18245D-01 -4.69034D-01 -9.68878D-01 
-1.16182D-01 -4.70449D-01  2.88965D-01  2.67818D-01 -9.68861D-01 -1.01198D+00 
-1.01159D+00  1.03149D-01 -3.74976D-01 -1.01160D+00  1.00531D-01 -3.70831D-01 
 4.53752D-01 -1.65991D-01 -1.01189D+00 -9.48164D-01 -9.46710D-01  4.06419D-01 
-2.05333D-01 -9.46468D-01  3.98739D-01 -1.90225D-01  7.21121D-01  6.04182D-01 
-9.45616D-01 -7.71584D-01 -7.70342D-01  7.71028D-01  5.96413D-02 -7.70073D-01 
 7.68020D-01  6.23493D-02  6.94460D-01  1.07212D+00 -7.64522D-01  0.00000D+00 
 0.00000D+00  0.00000D+00  0.00000D+00  0.00000D+00  0.00000D+00  0.00000D+00 
 1.40669D-12  1.18491D-11 -6.32296D-08  0.00000D+00  0.00000D+00  0.00000D+00 
 0.00000D+00  0.00000D+00  0.00000D+00  0.00000D+00  2.17662D-10  2.30108D-10 
-1.23219D-08  0.00000D+00  0.00000D+00  0.00000D+00  0.00000D+00  0.00000D+00 
 0.00000D+00  0.00000D+00  5.17374D-10  5.27443D-10  1.44576D-08  0.00000D+00 
 0.00000D+00  0.00000D+00  0.00000D+00  0.00000D+00  0.00000D+00  0.00000D+00 
 9.14336D-10  9.21708D-10  2.29985D-08  0.00000D+00  0.00000D+00  0.00000D+00 
 0.00000D+00  0.00000D+00  0.00000D+00  0.00000D+00  1.46575D-09  1.47009D-09 
-5.54430D-10  0.00000D+00  0.00000D+00  0.00000D+00  0.00000D+00  0.00000D+00 
 7.81501D-10  2.03144D-09  1.97656D-09  1.97451D-09 -6.06879D-08  0.00000D+00 
 0.00000D+00  0.00000D+00  0.00000D+00  0.00000D+00  2.12705D-09  4.61797D-09 
 2.02782D-09  2.02445D-09 -7.06918D-08  0.00000D+00  0.00000D+00  0.00000D+00 
 0.00000D+00  0.00000D+00  5.01478D-09  9.29756D-09  2.07825D-09  2.07260D-09 
-8.17081D-08  0.00000D+00  0.00000D+00  0.00000D+00  0.00000D+00  0.00000D+00 
 1.87804D-07  1.84655D-07  2.06359D-09  2.02481D-09 -2.41524D-07  0.00000D+00 
 0.00000D+00  0.00000D+00  0.00000D+00 -7.71680D-09  2.49643D-07  2.32391D-07 
 1.42709D-09  1.34857D-09 -3.28387D-07  0.00000D+00  0.00000D+00  0.00000D+00 
 0.00000D+00 -1.99964D-07  2.61648D-07  2.37034D-07 -9.04113D-10 -1.03362D-09 
-4.46930D-07  0.00000D+00  0.00000D+00  0.00000D+00  0.00000D+00 -1.03521D-06 
 1.37474D-07  1.13537D-07 -1.29652D-08 -1.33891D-08 -5.75800D-07  0.00000D+00 
 0.00000D+00  0.00000D+00  0.00000D+00 -1.67173D-06 -1.52563D-07 -1.67711D-07 
-4.92933D-08 -5.04186D-08 -4.72343D-07  0.00000D+00  0.00000D+00  0.00000D+00 
 0.00000D+00 -1.48532D-06 -6.02870D-07 -6.02804D-07 -1.50721D-07 -1.53972D-07 
-1.75392D-07  0.00000D+00  0.00000D+00  0.00000D+00  0.00000D+00 -5.80048D-07 
-1.16262D-06 -1.13970D-06 -4.46962D-07 -4.54349D-07  7.46214D-08  0.00000D+00 
 0.00000D+00  0.00000D+00  0.00000D+00  3.35422D-07 -1.65551D-06 -1.60263D-06 
-1.23686D-06 -1.25613D-06  2.15298D-07  0.00000D+00  0.00000D+00  0.00000D+00 
 0.00000D+00 -2.04951D-08 -1.75391D-06 -1.66862D-06 -3.12289D-06 -3.17145D-06 
-3.61516D-07  0.00000D+00  0.00000D+00 -6.02500D-09 -9.34015D-09 -2.94702D-06 
-1.14265D-06 -1.03906D-06 -7.85899D-06 -7.91935D-06 -4.63042D-06  0.00000D+00 
 0.00000D+00 -6.48384D-09 -9.69055D-09 -2.98318D-06 -1.13475D-06 -1.03094D-06 
-7.91358D-06 -7.97663D-06 -4.39019D-06  0.00000D+00  0.00000D+00 -9.69359D-09 
-1.11624D-08 -3.26438D-06 -1.07290D-06 -9.68038D-07 -8.32551D-06 -8.44216D-06 
-3.31717D-06  0.00000D+00  9.28686D-08  1.37415D-07  1.81624D-07 -6.26188D-06 
-4.21952D-07 -3.50101D-07 -1.31872D-05 -1.33100D-05 -5.28908D-06  0.00000D+00 
-7.58182D-07  5.67779D-07  6.47069D-07 -9.03082D-06  7.66746D-08  1.21720D-07 
-1.83822D-05 -1.85837D-05 -8.96369D-06  0.00000D+00 -1.39298D-05  2.50920D-06 
 2.53078D-06 -1.67077D-05  1.22435D-07 -1.03741D-07 -4.15853D-05 -4.23771D-05 
-1.16842D-05  0.00000D+00 -3.50222D-05  1.43595D-06  9.25162D-07 -2.22514D-05 
-6.43812D-06 -7.36537D-06 -8.71728D-05 -8.86487D-05 -1.77258D-05  0.00000D+00 
-4.68401D-05 -1.52018D-05 -1.72454D-05 -2.05461D-05 -3.19259D-05 -3.45943D-05 
-1.76014D-04 -1.79090D-04 -4.58717D-06  0.00000D+00 -3.80527D-05 -7.31893D-05 
-7.87998D-05 -8.25898D-06 -1.01140D-04 -1.07762D-04 -3.50280D-04 -3.55269D-04 
-1.59447D-06  0.00000D+00 -8.99515D-06 -2.20835D-04 -2.34004D-04  1.02571D-05 
-2.59769D-04 -2.72159D-04 -6.75164D-04 -6.87464D-04  2.00903D-06  0.00000D+00 
 1.92060D-05 -5.44042D-04 -5.72339D-04  1.32667D-05 -5.90952D-04 -6.18739D-04 
-1.26989D-03 -1.29957D-03  1.67824D-05  0.00000D+00 -1.30864D-05 -1.18745D-03 
-1.24481D-03 -5.66134D-05 -1.24318D-03 -1.29839D-03 -2.30068D-03 -2.39883D-03 
-5.62061D-06 -3.97015D-07 -1.63026D-04 -2.07621D-03 -2.17303D-03 -2.45997D-04 
-2.14648D-03 -2.24197D-03 -3.61797D-03 -3.74843D-03 -2.96294D-04 -4.25326D-06 
-2.33477D-04 -2.38394D-03 -2.49594D-03 -3.28844D-04 -2.45781D-03 -2.56889D-03 
-4.09707D-03 -4.19496D-03 -3.36559D-04 -2.11070D-04 -8.83468D-04 -4.50460D-03 
-4.71663D-03 -1.04936D-03 -4.62005D-03 -4.80470D-03 -6.51795D-03 -6.91480D-03 
-1.08609D-03 -1.12908D-03 -2.39736D-03 -8.16614D-03 -8.55524D-03 -2.65340D-03 
-8.27078D-03 -8.66878D-03 -1.04288D-02 -1.11358D-02 -2.70562D-03 -3.53159D-03 
-5.54287D-03 -1.43248D-02 -1.50570D-02 -5.90121D-03 -1.43490D-02 -1.50298D-02 
-1.62463D-02 -1.86690D-02 -5.94657D-03 -8.70027D-03 -1.16272D-02 -2.43451D-02 
-2.57340D-02 -1.20951D-02 -2.44263D-02 -2.59079D-02 -2.27550D-02 -2.99281D-02 
-1.20993D-02 -1.87281D-02 -2.27008D-02 -4.00828D-02 -4.26880D-02 -2.32443D-02 
-4.01676D-02 -4.27496D-02 -3.83290D-02 -4.58554D-02 -2.32947D-02 -3.69115D-02 
-4.20325D-02 -6.44057D-02 -6.90398D-02 -4.28155D-02 -6.44823D-02 -6.89949D-02 
-5.05765D-02 -6.45620D-02 -4.28991D-02 -6.82259D-02 -7.46877D-02 -9.95845D-02 
-1.09380D-01 -7.55351D-02 -1.00090D-01 -1.10089D-01 -7.90362D-02 -1.13286D-01 
-7.57292D-02 -1.19717D-01 -1.27079D-01 -1.50397D-01 -1.67839D-01 -1.28154D-01 
-1.50029D-01 -1.66227D-01 -1.13176D-01 -1.40423D-01 -1.28129D-01 -2.00558D-01 
-2.09176D-01 -2.13767D-01 -2.45509D-01 -2.10260D-01 -2.14051D-01 -2.45231D-01 
-1.62515D-01 -1.99485D-01 -2.10500D-01 -3.21113D-01 -3.30266D-01 -2.91271D-01 
-3.46580D-01 -3.31346D-01 -2.90644D-01 -3.51150D-01 -1.62182D-01 -2.75180D-01 
-3.31497D-01 -4.90365D-01 -4.99482D-01 -3.65729D-01 -4.70738D-01 -5.00512D-01 
-3.62750D-01 -4.64681D-01 -1.73900D-01 -1.96147D-01 -5.00674D-01 -7.10199D-01 
-7.18086D-01 -4.17555D-01 -5.84082D-01 -7.19092D-01 -4.18875D-01 -5.79685D-01 
-1.74082D-01 -5.19958D-01 -7.19193D-01 -9.67327D-01 -9.72980D-01 -4.17173D-01 
-6.65897D-01 -9.73732D-01 -4.14441D-01 -6.72159D-01 -1.20403D-01  1.15311D-02 
-9.73744D-01 -1.22532D+00 -1.22837D+00 -3.42021D-01 -7.07691D-01 -1.22894D+00 
-3.43323D-01 -7.03043D-01 -3.46026D-02 -4.38913D-01 -1.22917D+00 -1.42603D+00 
-1.42711D+00 -1.87432D-01 -6.59551D-01 -1.42726D+00 -1.96036D-01 -6.44960D-01 
 1.72253D-01  1.43193D-01 -1.42702D+00 -1.50734D+00 -1.50737D+00  8.03656D-02 
-5.05616D-01 -1.50732D+00  7.80069D-02 -5.03545D-01  6.73405D-02  5.18437D-01 
-1.50553D+00  0.00000D+00  0.00000D+00  0.00000D+00  0.00000D+00  0.00000D+00 
 0.00000D+00  0.00000D+00 -3.62798D-13 -3.24576D-13 -5.59633D-10  0.00000D+00 
 0.00000D+00  0.00000D+00  0.00000D+00  0.00000D+00  0.00000D+00  0.00000D+00 
 4.25973D-13  4.98455D-13 -2.13588D-10  0.00000D+00  0.00000D+00  0.00000D+00 
 0.00000D+00  0.00000D+00  0.00000D+00  0.00000D+00  2.35465D-12  2.44320D-12 
 6.32896D-11  0.00000D+00  0.00000D+00  0.00000D+00  0.00000D+00  0.00000D+00 
 0.00000D+00  0.00000D+00  6.12297D-12  6.25140D-12  3.25890D-10  0.00000D+00 
 0.00000D+00  0.00000D+00  0.00000D+00  0.00000D+00  0.00000D+00  0.00000D+00 
 1.38204D-11  1.40116D-11  4.64912D-10  0.00000D+00  0.00000D+00  0.00000D+00 
 0.00000D+00  0.00000D+00  2.36559D-12  7.72132D-12  2.53088D-11  2.54765D-11 
 2.63779D-10  0.00000D+00  0.00000D+00  0.00000D+00  0.00000D+00  0.00000D+00 
 8.16609D-12  1.97493D-11  2.69768D-11  2.71814D-11  1.94348D-10  0.00000D+00 
 0.00000D+00  0.00000D+00  0.00000D+00  0.00000D+00  2.17619D-11  4.35206D-11 
 2.87821D-11  2.90245D-11  1.17207D-10  0.00000D+00  0.00000D+00  0.00000D+00 
 0.00000D+00  0.00000D+00  1.47763D-09  1.49700D-09  5.31231D-11  5.33098D-11 
-1.38630D-09  0.00000D+00  0.00000D+00  0.00000D+00  0.00000D+00 -3.42799D-11 
 2.38421D-09  2.28460D-09  6.51370D-11  6.53030D-11 -2.80895D-09  0.00000D+00 
 0.00000D+00  0.00000D+00  0.00000D+00 -1.44633D-09  3.30784D-09  3.08892D-09 
 7.77617D-11  7.72298D-11 -5.32835D-09  0.00000D+00  0.00000D+00  0.00000D+00 
 0.00000D+00 -1.24912D-08  3.71297D-09  3.37697D-09  3.49824D-11  3.53764D-11 
-1.08961D-08  0.00000D+00  0.00000D+00  0.00000D+00  0.00000D+00 -3.07410D-08 
 1.79501D-09  1.42688D-09 -2.94487D-10 -3.20924D-10 -1.58592D-08  0.00000D+00 
 0.00000D+00  0.00000D+00  0.00000D+00 -4.33283D-08 -3.91521D-09 -4.18935D-09 
-1.66071D-09 -1.63642D-09 -1.19635D-08  0.00000D+00  0.00000D+00  0.00000D+00 
 0.00000D+00 -3.60961D-08 -1.49932D-08 -1.48708D-08 -6.83654D-09 -6.77381D-09 
-1.85533D-08  0.00000D+00  0.00000D+00  0.00000D+00  0.00000D+00 -4.06109D-09 
-3.03814D-08 -2.93255D-08 -2.64415D-08 -2.69985D-08 -4.71292D-08  0.00000D+00 
 0.00000D+00  0.00000D+00  0.00000D+00  2.62287D-08 -4.21647D-08 -3.95139D-08 
-8.36331D-08 -8.16545D-08 -4.04264D-08  0.00000D+00  0.00000D+00 -1.31108D-11 
-9.08430D-12 -2.38060D-08 -3.18829D-08 -2.71046D-08 -2.41633D-07 -2.50363D-07 
-7.93988D-07  0.00000D+00  0.00000D+00 -1.37702D-11 -6.90101D-12 -2.48460D-08 
-3.16331D-08 -2.68258D-08 -2.44605D-07 -2.50953D-07 -8.29494D-07  0.00000D+00 
 0.00000D+00 -9.23855D-12  2.78535D-11 -3.31469D-08 -2.96432D-08 -2.45879D-08 
-2.68055D-07 -2.57089D-07 -2.74177D-07  0.00000D+00  3.24884D-11  3.01901D-09 
 3.97585D-09 -1.44258D-07 -5.48527D-09  9.17377D-11 -4.58554D-07 -4.90953D-07 
 7.66745D-07  0.00000D+00 -1.83689D-08  1.40260D-08  1.63714D-08 -2.81149D-07 
 2.34730D-08  2.99085D-08 -6.83456D-07 -6.68625D-07  6.55459D-08  0.00000D+00 
-4.97238D-07  1.00049D-07  1.03774D-07 -8.44781D-07  1.03318D-07  1.00843D-07 
-1.84483D-06 -1.86764D-06 -1.10370D-06  0.00000D+00 -1.90856D-06  1.84171D-07 
 1.69989D-07 -1.64964D-06 -1.74971D-09 -2.53690D-08 -4.36066D-06 -4.39799D-06 
-1.72575D-06  0.00000D+00 -3.74762D-06 -3.26414D-07 -4.21754D-07 -2.30343D-06 
-1.06215D-06 -1.13471D-06 -1.06248D-05 -1.07986D-05  1.22233D-06  0.00000D+00 
-4.68762D-06 -3.34806D-06 -3.69204D-06 -2.00127D-06 -5.15512D-06 -5.47323D-06 
-2.47170D-05 -2.49460D-05  1.14670D-05  0.00000D+00 -3.09900D-06 -1.38804D-05 
-1.48718D-05  6.43901D-09 -1.72736D-05 -1.83030D-05 -5.53772D-05 -5.53859D-05 
-7.86836D-06  0.00000D+00  1.63909D-06 -4.37016D-05 -4.62524D-05  3.40475D-06 
-4.93542D-05 -5.17455D-05 -1.21134D-04 -1.21916D-04  3.56738D-06  0.00000D+00 
 5.78024D-06 -1.18532D-04 -1.24670D-04  3.66516D-06 -1.26944D-04 -1.33279D-04 
-2.41135D-04 -2.52778D-04  3.22087D-05 -1.01620D-08 -1.06851D-06 -2.43517D-04 
-2.55237D-04 -8.50218D-06 -2.56726D-04 -2.68621D-04 -4.31574D-04 -4.49186D-04 
-8.31776D-06 -1.62709D-07 -6.47806D-06 -2.91134D-04 -3.05532D-04 -1.57840D-05 
-3.05261D-04 -3.20089D-04 -5.27098D-04 -5.36033D-04 -3.38044D-05 -1.73167D-05 
-7.85158D-05 -6.65548D-04 -6.99055D-04 -1.02111D-04 -6.93856D-04 -7.22314D-04 
-1.02800D-03 -1.03220D-03 -1.18489D-04 -1.35106D-04 -3.11770D-04 -1.44676D-03 
-1.51487D-03 -3.53592D-04 -1.48575D-03 -1.55553D-03 -1.94381D-03 -2.03084D-03 
-3.60639D-04 -5.54205D-04 -9.27200D-04 -3.02518D-03 -3.17528D-03 -1.01528D-03 
-3.05797D-03 -3.18882D-03 -3.57491D-03 -3.71053D-03 -1.02334D-03 -1.70315D-03 
-2.38701D-03 -6.10816D-03 -6.43517D-03 -2.50858D-03 -6.16152D-03 -6.61769D-03 
-5.28883D-03 -7.74945D-03 -2.47919D-03 -4.44523D-03 -5.59514D-03 -1.18798D-02 
-1.25794D-02 -5.72669D-03 -1.19625D-02 -1.24300D-02 -1.17454D-02 -1.47066D-02 
-5.84514D-03 -1.04328D-02 -1.21952D-02 -2.24326D-02 -2.37784D-02 -1.24667D-02 
-2.25747D-02 -2.34650D-02 -1.70075D-02 -2.26504D-02 -1.25212D-02 -2.26832D-02 
-2.53395D-02 -4.07151D-02 -4.37559D-02 -2.57937D-02 -4.09623D-02 -4.46107D-02 
-3.45627D-02 -4.24058D-02 -2.59242D-02 -4.64100D-02 -5.00398D-02 -7.19359D-02 
-7.83475D-02 -5.04169D-02 -7.20081D-02 -7.70631D-02 -5.71057D-02 -5.84146D-02 
-5.04690D-02 -9.00621D-02 -9.48990D-02 -1.20344D-01 -1.32287D-01 -9.57004D-02 
-1.20518D-01 -1.32118D-01 -1.02591D-01 -1.03266D-01 -9.58325D-02 -1.66166D-01 
-1.72230D-01 -1.93230D-01 -2.13574D-01 -1.73077D-01 -1.93136D-01 -2.17486D-01 
-1.34960D-01 -1.78291D-01 -1.73141D-01 -2.91171D-01 -2.98248D-01 -2.89617D-01 
-3.32666D-01 -2.99293D-01 -2.88264D-01 -3.29286D-01 -1.83437D-01 -1.39894D-01 
-2.99450D-01 -4.82162D-01 -4.89719D-01 -4.04027D-01 -4.72783D-01 -4.90671D-01 
-4.04842D-01 -4.70970D-01 -2.74447D-01 -4.28807D-01 -4.90731D-01 -7.48669D-01 
-7.55487D-01 -5.17787D-01 -6.17473D-01 -7.56365D-01 -5.16243D-01 -6.19954D-01 
-2.87053D-01 -8.03188D-02 -7.56410D-01 -1.07836D+00 -1.08331D+00 -6.02706D-01 
-7.46022D-01 -1.08409D+00 -6.03591D-01 -7.43047D-01 -3.05615D-01 -4.85533D-01 
-1.08407D+00 -1.42366D+00 -1.42668D+00 -6.43514D-01 -8.11334D-01 -1.42715D+00 
-6.50471D-01 -8.01277D-01 -2.35897D-01 -1.14762D-01 -1.42767D+00 -1.70442D+00 
-1.70591D+00 -5.82431D-01 -7.74524D-01 -1.70610D+00 -5.85040D-01 -7.72661D-01 
-4.13564D-01  1.24946D-01 -1.70803D+00  0.00000D+00  0.00000D+00  0.00000D+00 
 0.00000D+00  0.00000D+00  0.00000D+00  0.00000D+00 -3.38050D-15 -3.30975D-15 
-4.16237D-12  0.00000D+00  0.00000D+00  0.00000D+00  0.00000D+00  0.00000D+00 
 0.00000D+00  0.00000D+00 -3.83496D-15 -3.52069D-15 -2.67635D-12  0.00000D+00 
 0.00000D+00  0.00000D+00  0.00000D+00  0.00000D+00  0.00000D+00  0.00000D+00 
 1.42776D-15  2.11356D-15 -1.15577D-12  0.00000D+00  0.00000D+00  0.00000D+00 
 0.00000D+00  0.00000D+00  0.00000D+00  0.00000D+00  2.13808D-14  2.26285D-14 
 1.04787D-12  0.00000D+00  0.00000D+00  0.00000D+00  0.00000D+00  0.00000D+00 
 0.00000D+00  0.00000D+00  8.60828D-14  8.79120D-14  3.80704D-12  0.00000D+00 
 0.00000D+00  0.00000D+00  0.00000D+00  0.00000D+00  4.93798D-15  2.38296D-14 
 2.24567D-13  2.26586D-13  5.24851D-12  0.00000D+00  0.00000D+00  0.00000D+00 
 0.00000D+00  0.00000D+00  2.52079D-14  7.27557D-14  2.50016D-13  2.52267D-13 
 5.05252D-12  0.00000D+00  0.00000D+00  0.00000D+00  0.00000D+00  0.00000D+00 
 8.07581D-14  1.80583D-13  2.78805D-13  2.81651D-13  4.83283D-12  0.00000D+00 
 0.00000D+00  0.00000D+00  0.00000D+00  0.00000D+00  1.07235D-11  1.11809D-11 
 8.16046D-13  8.22238D-13 -3.11678D-12  0.00000D+00  0.00000D+00  0.00000D+00 
 0.00000D+00 -1.23944D-13  2.05417D-11  2.01679D-11  1.24319D-12  1.25023D-12 
-1.88049D-11  0.00000D+00  0.00000D+00  0.00000D+00  0.00000D+00 -9.18060D-12 
 3.51051D-11  3.34229D-11  2.23320D-12  2.22799D-12 -5.23532D-11  0.00000D+00 
 0.00000D+00  0.00000D+00  0.00000D+00 -1.27185D-10  5.61149D-11  5.19174D-11 
 5.33575D-12  5.28573D-12 -1.45706D-10  0.00000D+00  0.00000D+00  0.00000D+00 
 0.00000D+00 -4.58289D-10  4.90929D-11  4.15812D-11  1.13600D-11  1.17251D-11 
-2.86129D-10  0.00000D+00  0.00000D+00  0.00000D+00  0.00000D+00 -9.41492D-10 
-4.03675D-11 -5.07002D-11  2.22318D-11  2.51236D-11 -7.49717D-10  0.00000D+00 
 0.00000D+00  0.00000D+00  0.00000D+00 -1.31955D-09 -3.04840D-10 -3.12538D-10 
 4.36769D-11  4.69668D-11  4.29176D-10  0.00000D+00  0.00000D+00  0.00000D+00 
 0.00000D+00 -1.18317D-09 -8.29052D-10 -8.17092D-10 -6.56466D-11 -2.48124D-11 
 1.55231D-09  0.00000D+00  0.00000D+00  0.00000D+00  0.00000D+00 -5.99909D-10 
-1.50534D-09 -1.43749D-09 -9.77299D-10 -1.32169D-09  5.51202D-10  0.00000D+00 
 0.00000D+00 -1.10496D-15  1.79161D-13 -1.48896D-09 -1.62932D-09 -1.51776D-09 
-3.11972D-09 -6.36232D-09  4.90989D-09  0.00000D+00  0.00000D+00  6.21784D-15 
 2.25556D-13 -1.51395D-09 -1.62201D-09 -1.51430D-09 -3.06105D-09 -6.50148D-09 
 5.45858D-09  0.00000D+00  0.00000D+00  1.92488D-13  8.65121D-13 -1.71817D-09 
-1.55309D-09 -1.47112D-09 -3.07322D-09 -5.48687D-09  8.18841D-10  0.00000D+00 
-2.91163D-12  6.49444D-11  8.80987D-11 -4.88519D-09 -6.44842D-10 -3.39644D-10 
-1.19675D-08 -1.50611D-08 -1.05786D-08  0.00000D+00 -3.70505D-10  3.68624D-10 
 4.42591D-10 -9.44333D-09  9.39627D-10  1.18069D-09 -1.62462D-08 -1.70270D-08 
-1.45488D-08  0.00000D+00 -1.46392D-08  4.07027D-09  4.34872D-09 -3.30288D-08 
 7.97110D-09  7.78119D-09 -3.90369D-08 -8.98895D-08 -2.47585D-08  0.00000D+00 
-7.40522D-08  1.30663D-08  1.30337D-08 -7.70777D-08  1.52956D-08  1.76943D-08 
-1.46386D-07 -2.02086D-07 -7.06755D-08  0.00000D+00 -1.81431D-07  5.13150D-09 
 1.43516D-09 -1.24740D-07 -2.10652D-08 -1.46771D-08 -5.65454D-07 -5.41020D-07 
-1.22737D-07  0.00000D+00 -2.68924D-07 -1.39632D-07 -1.58950D-07 -1.13688D-07 
-2.64214D-07 -1.80201D-07 -1.53314D-06 -1.50200D-06 -4.15222D-07  0.00000D+00 
-1.69892D-07 -8.46879D-07 -9.16942D-07  7.65988D-08 -1.04686D-06 -1.37963D-06 
-3.91662D-06 -3.93553D-06  7.54349D-07  0.00000D+00  3.43130D-07 -3.39405D-06 
-3.61332D-06  5.64643D-07 -4.00969D-06 -4.17688D-06 -1.12704D-05 -1.10514D-05 
-4.34541D-07  0.00000D+00  1.26431D-06 -1.12351D-05 -1.18555D-05  1.17013D-06 
-1.21562D-05 -1.28346D-05 -2.77622D-05 -2.70498D-05  1.74526D-07 -3.28659D-10 
 1.52901D-06 -2.66643D-05 -2.80729D-05  8.98120D-07 -2.85579D-05 -3.01382D-05 
-5.03755D-05 -5.47275D-05  7.19455D-06 -9.08681D-09  1.28650D-06 -3.29470D-05 
-3.45686D-05  4.68883D-07 -3.49949D-05 -3.71161D-05 -5.16025D-05 -5.09550D-05 
-8.41744D-06 -1.55157D-06 -5.09314D-06 -8.88101D-05 -9.38476D-05 -7.91770D-06 
-9.38985D-05 -9.84374D-05 -1.46458D-04 -1.54286D-04 -1.19665D-05 -1.54526D-05 
-3.46140D-05 -2.25929D-04 -2.37644D-04 -4.00865D-05 -2.34981D-04 -2.44703D-04 
-2.64130D-04 -2.76664D-04 -3.98559D-05 -7.76525D-05 -1.32012D-04 -5.47609D-04 
-5.75760D-04 -1.48567D-04 -5.57577D-04 -5.92243D-04 -4.05081D-04 -6.66709D-04 
-1.50091D-04 -2.85801D-04 -4.10171D-04 -1.28028D-03 -1.35048D-03 -4.34227D-04 
-1.29602D-03 -1.38224D-03 -3.83810D-04 -1.73832D-03 -4.23985D-04 -8.80456D-04 
-1.13618D-03 -2.87553D-03 -3.04233D-03 -1.16210D-03 -2.92736D-03 -2.91158D-03 
-2.57035D-03 -3.41916D-03 -1.20620D-03 -2.41438D-03 -2.87752D-03 -6.24866D-03 
-6.58958D-03 -2.95020D-03 -6.30782D-03 -6.80412D-03 -3.74236D-03 -5.56405D-03 
-2.96987D-03 -6.08780D-03 -6.91074D-03 -1.29742D-02 -1.38375D-02 -7.07032D-03 
-1.31338D-02 -1.42250D-02 -1.10556D-02 -1.09261D-02 -7.11888D-03 -1.43618D-02 
-1.56876D-02 -2.64177D-02 -2.82555D-02 -1.57994D-02 -2.64113D-02 -2.82010D-02 
-2.07063D-02 -4.30551D-02 -1.58304D-02 -3.19834D-02 -3.40048D-02 -5.05020D-02 
-5.49624D-02 -3.43775D-02 -5.07054D-02 -5.33481D-02 -4.44358D-02 -3.77600D-02 
-3.44324D-02 -6.74388D-02 -7.03875D-02 -9.33168D-02 -9.86792D-02 -7.08244D-02 
-9.32618D-02 -1.03349D-01 -6.92080D-02 -1.00533D-01 -7.08485D-02 -1.34547D-01 
-1.38523D-01 -1.60687D-01 -1.77066D-01 -1.39163D-01 -1.59898D-01 -1.74689D-01 
-1.10711D-01 -3.68242D-02 -1.39256D-01 -2.52763D-01 -2.57759D-01 -2.58699D-01 
-2.83081D-01 -2.58379D-01 -2.59436D-01 -2.80945D-01 -1.83156D-01 -3.10100D-01 
-2.58414D-01 -4.43705D-01 -4.49035D-01 -3.83626D-01 -4.12363D-01 -4.49714D-01 
-3.82649D-01 -4.15419D-01 -2.44257D-01 -3.11191D-02 -4.49756D-01 -7.19934D-01 
-7.24612D-01 -5.24750D-01 -5.57557D-01 -7.25324D-01 -5.25319D-01 -5.55781D-01 
-3.09584D-01 -3.80765D-01 -7.25240D-01 -1.06633D+00 -1.06997D+00 -6.68817D-01 
-6.77668D-01 -1.07055D+00 -6.74212D-01 -6.70131D-01 -3.20909D-01 -1.71019D-01 
-1.07130D+00 -1.42569D+00 -1.42821D+00 -7.58185D-01 -7.31254D-01 -1.42857D+00 
-7.59880D-01 -7.29685D-01 -5.50129D-01 -3.39616D-02 -1.43142D+00  0.00000D+00 
 0.00000D+00  0.00000D+00  0.00000D+00  0.00000D+00  0.00000D+00  0.00000D+00 
-1.34729D-17 -1.34996D-17 -2.37752D-14  0.00000D+00  0.00000D+00  0.00000D+00 
 0.00000D+00  0.00000D+00  0.00000D+00  0.00000D+00 -2.54952D-17 -2.46064D-17 
-2.02023D-14  0.00000D+00  0.00000D+00  0.00000D+00  0.00000D+00  0.00000D+00 
 0.00000D+00  0.00000D+00 -2.33258D-17 -2.02973D-17 -1.57340D-14  0.00000D+00 
 0.00000D+00  0.00000D+00  0.00000D+00  0.00000D+00  0.00000D+00  0.00000D+00 
 3.63137D-17  4.35335D-17 -5.23992D-15  0.00000D+00  0.00000D+00  0.00000D+00 
 0.00000D+00  0.00000D+00  0.00000D+00  0.00000D+00  3.38444D-16  3.50374D-16 
 1.45412D-14  0.00000D+00  0.00000D+00  0.00000D+00  0.00000D+00  0.00000D+00 
 8.06644D-18  5.91247D-17  1.19917D-15  1.21361D-15  3.52971D-14  0.00000D+00 
 0.00000D+00  0.00000D+00  0.00000D+00  0.00000D+00  6.22983D-17  2.22769D-16 
 1.38520D-15  1.40043D-15  3.57219D-14  0.00000D+00  0.00000D+00  0.00000D+00 
 0.00000D+00  0.00000D+00  2.48087D-16  6.39034D-16  1.60099D-15  1.62209D-15 
 3.62608D-14  0.00000D+00  0.00000D+00  0.00000D+00  0.00000D+00  0.00000D+00 
 6.97236D-14  7.44992D-14  6.44712D-15  6.52743D-15  1.21322D-14  0.00000D+00 
 0.00000D+00  0.00000D+00  0.00000D+00 -3.75731D-16  1.57719D-13  1.58118D-13 
 1.09647D-14  1.10482D-14 -9.99672D-14  0.00000D+00  0.00000D+00  0.00000D+00 
 0.00000D+00 -5.35595D-14  3.28431D-13  3.18401D-13  2.43778D-14  2.42601D-14 
-4.11644D-13  0.00000D+00  0.00000D+00  0.00000D+00  0.00000D+00 -1.13735D-12 
 7.25271D-13  6.84280D-13  8.13917D-14  7.74561D-14 -1.81978D-12  0.00000D+00 
 0.00000D+00  0.00000D+00  0.00000D+00 -5.42135D-12  9.80639D-13  8.76496D-13 
 2.37452D-13  2.80236D-13 -4.35843D-12  0.00000D+00  0.00000D+00  0.00000D+00 
 0.00000D+00 -1.37139D-11 -2.96493D-14 -2.32453D-13  7.97965D-13  8.52619D-13 
-5.47021D-12  0.00000D+00  0.00000D+00  0.00000D+00  0.00000D+00 -2.13773D-11 
-5.30824D-12 -5.59397D-12  3.33130D-12  3.03315D-12 -9.77425D-12  0.00000D+00 
 0.00000D+00  0.00000D+00  0.00000D+00 -1.29300D-11 -2.09203D-11 -2.10839D-11 
 1.13589D-11  1.61561D-11 -1.79811D-11  0.00000D+00  0.00000D+00  0.00000D+00 
 0.00000D+00  2.84763D-11 -5.21048D-11 -5.13404D-11  7.18974D-12 -4.94680D-11 
 2.43091D-11  0.00000D+00  0.00000D+00  1.02940D-15  6.18844D-15  6.37428D-11 
-8.69124D-11 -8.07303D-11  5.55246D-11 -2.92938D-10 -5.42965D-10  0.00000D+00 
 0.00000D+00  1.33597D-15  7.35156D-15  6.35894D-11 -8.71495D-11 -8.07851D-11 
 7.47616D-11 -3.17032D-10 -5.62270D-10  0.00000D+00  0.00000D+00  6.57909D-15 
 2.25215D-14  6.19869D-11 -8.90201D-11 -8.14098D-11  1.74380D-10 -2.34142D-10 
-1.00870D-10  0.00000D+00 -9.32764D-14  1.87592D-12  2.59588D-12 -2.80400D-12 
-8.06164D-11 -7.28618D-11 -4.41401D-10 -6.16712D-10  9.38764D-10  0.00000D+00 
-9.87971D-12  1.25529D-11  1.52677D-11 -1.49752D-10 -5.94670D-11 -4.85466D-11 
-2.62966D-10 -5.53292D-10  2.04933D-10  0.00000D+00 -5.47230D-10  1.99369D-10 
 2.16758D-10 -1.27943D-09  3.34021D-10  4.40148D-10  1.87599D-09 -6.24870D-09 
-1.14710D-09  0.00000D+00 -3.71747D-09  1.02687D-09  1.06185D-09 -4.47894D-09 
 7.37570D-10  8.77372D-10 -6.71046D-10 -1.07527D-08 -4.27413D-09  0.00000D+00 
-1.22349D-08  2.66491D-09  2.60410D-09 -1.06297D-08  6.23931D-10 -5.52732D-10 
-2.41974D-08 -1.82426D-08  5.29918D-10  0.00000D+00 -2.61426D-08  1.05660D-09 
 3.19745D-10 -1.78618D-08 -1.36384D-08  1.58632D-08 -6.64697D-08 -5.87631D-08 
-6.59689D-10  0.00000D+00 -3.68059D-08 -2.79395D-08 -3.15713D-08 -1.77722D-08 
-3.46317D-08 -1.11089D-07 -1.66599D-07 -1.83471D-07 -1.26103D-08  0.00000D+00 
-1.99285D-08 -1.82416D-07 -1.96781D-07  7.97875D-09 -2.53471D-07 -2.55145D-07 
-8.52957D-07 -8.08259D-07 -2.51647D-08  0.00000D+00  5.72037D-08 -7.99101D-07 
-8.45808D-07  7.33946D-08 -8.80189D-07 -9.35402D-07 -3.09904D-06 -2.54882D-06 
-1.37385D-07 -1.86105D-11  1.40725D-07 -2.26705D-06 -2.40439D-06  1.17789D-07 
-2.50787D-06 -2.68891D-06 -4.82036D-06 -5.83829D-06  8.49476D-07 -4.25013D-10 
 1.48624D-07 -2.90006D-06 -3.01622D-06  1.10599D-07 -3.16209D-06 -3.42669D-06 
-1.27075D-06 -8.58814D-07 -8.35554D-07 -1.04966D-07 -2.30620D-07 -9.41304D-06 
-9.99917D-06 -4.79392D-07 -1.01722D-05 -1.07551D-05 -1.61549D-05 -1.97742D-05 
-9.79906D-07 -1.39982D-06 -3.14461D-06 -2.84549D-05 -3.00724D-05 -3.72549D-06 
-3.01165D-05 -3.09095D-05 -1.73854D-05 -1.56300D-05 -3.59395D-06 -8.85050D-06 
-1.55423D-05 -8.03067D-05 -8.43341D-05 -1.79955D-05 -8.25383D-05 -9.04234D-05 
 2.17252D-05 -9.89139D-05 -1.82307D-05 -3.96362D-05 -5.87353D-05 -2.18531D-04 
-2.30076D-04 -6.26904D-05 -2.22099D-04 -2.30537D-04  2.69245D-04 -3.00088D-04 
-6.04850D-05 -1.45576D-04 -1.93389D-04 -5.69238D-04 -5.99876D-04 -1.97761D-04 
-5.88429D-04 -5.45189D-04 -3.52110D-04 -4.36348D-04 -2.08580D-04 -4.69471D-04 
-5.71708D-04 -1.42647D-03 -1.48958D-03 -5.88125D-04 -1.44505D-03 -1.66412D-03 
-2.21879D-04 -9.36845D-04 -5.93379D-04 -1.37862D-03 -1.59219D-03 -3.38250D-03 
-3.56120D-03 -1.63723D-03 -3.45107D-03 -3.70186D-03 -2.42171D-03 -7.49458D-04 
-1.65151D-03 -3.75952D-03 -4.16145D-03 -7.95311D-03 -8.28582D-03 -4.19009D-03 
-7.92835D-03 -8.47407D-03 -4.56719D-03 -2.55176D-02 -4.20163D-03 -9.61967D-03 
-1.03208D-02 -1.72929D-02 -1.86341D-02 -1.04602D-02 -1.74183D-02 -1.72375D-02 
-1.37510D-02 -6.45139D-03 -1.04799D-02 -2.31816D-02 -2.43622D-02 -3.67280D-02 
-3.66212D-02 -2.45447D-02 -3.66753D-02 -4.00891D-02 -2.70082D-02 -5.16538D-02 
-2.45526D-02 -5.26026D-02 -5.44296D-02 -7.20834D-02 -7.63024D-02 -5.47368D-02 
-7.18193D-02 -7.47143D-02 -4.73661D-02  2.53320D-02 -5.47812D-02 -1.11870D-01 
-1.14517D-01 -1.32921D-01 -1.36119D-01 -1.14851D-01 -1.33107D-01 -1.34162D-01 
-1.09610D-01 -1.76289D-01 -1.14869D-01 -2.21285D-01 -2.24522D-01 -2.25574D-01 
-2.19301D-01 -2.24936D-01 -2.25158D-01 -2.21764D-01 -1.39147D-01  4.02921D-02 
-2.24977D-01 -4.02630D-01 -4.05919D-01 -3.51842D-01 -3.27273D-01 -4.06422D-01 
-3.52127D-01 -3.26399D-01 -1.99555D-01 -2.23071D-01 -4.06341D-01 -6.65358D-01 
-6.68356D-01 -5.17494D-01 -4.36631D-01 -6.68858D-01 -5.21011D-01 -4.31089D-01 
-2.57472D-01 -9.51865D-02 -6.69459D-01 -9.87065D-01 -9.89568D-01 -6.80258D-01 
-5.16536D-01 -9.89901D-01 -6.81867D-01 -5.15186D-01 -4.42190D-01 -1.96015D-03 
-9.91814D-01  0.00000D+00  0.00000D+00  0.00000D+00  0.00000D+00  0.00000D+00 
 0.00000D+00  0.00000D+00 -4.25806D-20 -4.35374D-20 -1.13958D-16  0.00000D+00 
 0.00000D+00  0.00000D+00  0.00000D+00  0.00000D+00  0.00000D+00  0.00000D+00 
-1.23514D-19 -1.22593D-19 -1.28916D-16  0.00000D+00  0.00000D+00  0.00000D+00 
 0.00000D+00  0.00000D+00  0.00000D+00  0.00000D+00 -2.48211D-19 -2.38589D-19 
-1.55530D-16  0.00000D+00  0.00000D+00  0.00000D+00  0.00000D+00  0.00000D+00 
 0.00000D+00  0.00000D+00 -4.07182D-19 -3.76887D-19 -1.67038D-16  0.00000D+00 
 0.00000D+00  0.00000D+00  0.00000D+00  0.00000D+00  0.00000D+00  0.00000D+00 
-3.15037D-19 -2.71363D-19 -1.07701D-16  0.00000D+00  0.00000D+00  0.00000D+00 
 0.00000D+00  0.00000D+00  1.58245D-20  1.23281D-19  1.13689D-18  1.16160D-18 
 5.79111D-17  0.00000D+00  0.00000D+00  0.00000D+00  0.00000D+00  0.00000D+00 
 1.28508D-19  5.11888D-19  1.65760D-18  1.67033D-18  7.95066D-17  0.00000D+00 
 0.00000D+00  0.00000D+00  0.00000D+00  0.00000D+00  5.69467D-19  1.61554D-18 
 2.27386D-18  2.32242D-18  1.02215D-16  0.00000D+00  0.00000D+00  0.00000D+00 
 0.00000D+00  0.00000D+00  3.29965D-16  3.67966D-16  2.12753D-17  2.17523D-17 
 4.40806D-16  0.00000D+00  0.00000D+00  0.00000D+00  0.00000D+00 -8.37120D-19 
 9.60804D-16  1.00101D-15  4.17973D-17  4.23038D-17 -2.59692D-16  0.00000D+00 
 0.00000D+00  0.00000D+00  0.00000D+00 -2.13263D-16  2.74542D-15  2.75221D-15 
 1.34141D-16  1.31280D-16 -2.97230D-15  0.00000D+00  0.00000D+00  0.00000D+00 
 0.00000D+00 -9.13734D-15  1.03071D-14  1.00546D-14  6.19356D-16  5.45593D-16 
-2.02764D-14  0.00000D+00  0.00000D+00  0.00000D+00  0.00000D+00 -7.34889D-14 
 2.65098D-14  2.51128D-14  2.10893D-15  3.05156D-15 -8.23760D-14  0.00000D+00 
 0.00000D+00  0.00000D+00  0.00000D+00 -2.86260D-13  4.41656D-14  4.00072D-14 
 9.76260D-15  1.06062D-14 -2.58448D-13  0.00000D+00  0.00000D+00  0.00000D+00 
 0.00000D+00 -7.03398D-13  1.17607D-14  3.65256D-15  6.36510D-14  5.10115D-14 
 1.58146D-15  0.00000D+00  0.00000D+00  0.00000D+00  0.00000D+00 -1.05688D-12 
-2.58470D-13 -2.68727D-13  3.54296D-13  5.35558D-13 -1.37990D-13  0.00000D+00 
 0.00000D+00  0.00000D+00  0.00000D+00 -4.48288D-13 -1.20137D-12 -1.20687D-12 
 3.52084D-13 -2.37917D-12 -2.38566D-13  0.00000D+00  0.00000D+00  2.99548D-18 
 2.41292D-17  1.64681D-12 -3.22404D-12 -3.17894D-12  3.71721D-12 -1.49335D-11 
-1.75912D-11  0.00000D+00  0.00000D+00  4.03644D-18  2.95821D-17  1.66380D-12 
-3.24296D-12 -3.19531D-12  4.87595D-12 -1.63857D-11 -1.85101D-11  0.00000D+00 
 0.00000D+00  2.59162D-17  1.12109D-16  1.78812D-12 -3.38919D-12 -3.31575D-12 
 1.12361D-11 -1.27448D-11 -4.27596D-12  0.00000D+00 -4.06533D-16  2.34693D-14 
 3.47888D-14  1.98690D-12 -4.79935D-12 -4.66432D-12 -2.22463D-11 -2.98622D-11 
 4.96246D-11  0.00000D+00 -1.14269D-13  2.28955D-13  2.89464D-13 -3.94270D-13 
-5.56151D-12 -5.15651D-12 -6.71878D-12 -2.94321D-11  2.69839D-11  0.00000D+00 
-1.37790D-11  6.15755D-12  6.84304D-12 -3.61099D-11  2.96219D-12  7.85672D-12 
 2.09986D-10 -4.16764D-10 -5.40484D-11  0.00000D+00 -1.37651D-10  4.74392D-11 
 5.01688D-11 -1.91233D-10  1.54160D-11  1.92713D-11  1.88333D-10 -7.32478D-10 
-1.91805D-10  0.00000D+00 -6.17766D-10  2.00775D-10  2.05463D-10 -6.30683D-10 
 6.75730D-11 -5.43451D-11 -1.14371D-09 -5.18788D-10  7.50887D-10  0.00000D+00 
-1.79659D-09  5.09568D-10  5.03102D-10 -1.50411D-09 -6.51085D-10  2.20512D-09 
-2.09370D-09 -1.22612D-09  5.15711D-09  0.00000D+00 -3.74433D-09  2.59748D-10 
 1.60522D-10 -2.67147D-09  3.48833D-10 -7.91450D-09 -8.16700D-10 -4.88435D-09 
-8.20892D-09  0.00000D+00 -5.29535D-09 -5.55739D-09 -6.15328D-09 -2.93283D-09 
-1.22643D-08 -1.12321D-08 -6.87097D-08 -6.36868D-08  2.16080D-09  0.00000D+00 
-2.77851D-09 -4.04137D-08 -4.25734D-08  2.52971D-10 -4.61324D-08 -4.93235D-08 
-4.24187D-07 -2.95830D-07 -7.86262D-08 -3.18932D-13  4.60554D-09 -1.46306D-07 
-1.56424D-07  5.91105D-09 -1.72567D-07 -1.89126D-07 -5.70571D-07 -7.29155D-07 
 6.34611D-08 -1.10634D-11  6.78166D-09 -1.94191D-07 -1.96052D-07  7.19187D-09 
-2.22777D-07 -2.49595D-07  4.74382D-07  5.73137D-07 -1.96128D-08 -5.55919D-09 
-5.06762D-09 -7.87097D-07 -8.38712D-07 -2.14626D-08 -8.78170D-07 -9.40672D-07 
-1.43331D-06 -2.67497D-06 -6.49588D-08 -1.04797D-07 -2.34974D-07 -2.90230D-06 
-3.07698D-06 -2.84905D-07 -3.13810D-06 -3.11483D-06  5.04358D-06  3.01461D-06 
-2.63281D-07 -8.52352D-07 -1.54435D-06 -9.59665D-06 -1.00075D-05 -1.85018D-06 
-1.00052D-05 -1.15221D-05  4.13217D-05 -1.87797D-05 -1.87795D-06 -4.69987D-06 
-7.18578D-06 -3.05732D-05 -3.19390D-05 -7.74305D-06 -3.13448D-05 -3.06608D-05 
 9.40194D-05 -6.21842D-05 -7.34009D-06 -2.07269D-05 -2.83551D-05 -9.34008D-05 
-9.71732D-05 -2.89272D-05 -9.90870D-05 -7.99729D-05 -4.22114D-06  2.87206D-05 
-3.11474D-05 -7.89717D-05 -9.82054D-05 -2.70668D-04 -2.79043D-04 -1.01391D-04 
-2.75497D-04 -3.52427D-04 -5.97934D-05 -1.75002D-04 -1.02566D-04 -2.70912D-04 
-3.18478D-04 -7.36782D-04 -7.56523D-04 -3.29484D-04 -7.60958D-04 -7.95668D-04 
-6.18961D-04  1.00052D-03 -3.33256D-04 -8.55822D-04 -9.60103D-04 -2.00535D-03 
-1.99573D-03 -9.65645D-04 -1.99458D-03 -2.16131D-03 -1.47221D-03 -1.61692D-02 
-9.69223D-04 -2.51970D-03 -2.72761D-03 -4.97085D-03 -5.34343D-03 -2.77268D-03 
-5.01958D-03 -4.48736D-03 -4.03656D-03 -1.01466D-03 -2.77889D-03 -6.94546D-03 
-7.34898D-03 -1.21967D-02 -1.11609D-02 -7.41423D-03 -1.21375D-02 -1.31328D-02 
-8.51700D-03 -2.57458D-02 -7.41555D-03 -1.79296D-02 -1.86427D-02 -2.73162D-02 
-2.74887D-02 -1.87741D-02 -2.70956D-02 -2.66799D-02 -1.86692D-02  2.61728D-02 
-1.87922D-02 -4.31516D-02 -4.43553D-02 -5.72427D-02 -5.50988D-02 -4.44974D-02 
-5.73816D-02 -5.35229D-02 -3.84638D-02 -1.04731D-01 -4.45054D-02 -9.60990D-02 
-9.77804D-02 -1.10726D-01 -9.77667D-02 -9.79835D-02 -1.10520D-01 -1.00173D-01 
-6.73257D-02  3.95056D-02 -9.80076D-02 -1.95744D-01 -1.97654D-01 -1.96225D-01 
-1.63270D-01 -1.97969D-01 -1.96334D-01 -1.62816D-01 -1.10134D-01 -1.24970D-01 
-1.97882D-01 -3.59776D-01 -3.61828D-01 -3.26118D-01 -2.39358D-01 -3.62203D-01 
-3.28165D-01 -2.35401D-01 -1.62604D-01 -6.27822D-02 -3.62707D-01 -5.89614D-01 
-5.91683D-01 -4.81387D-01 -3.11986D-01 -5.91987D-01 -4.81923D-01 -3.10961D-01 
-2.32583D-01 -5.14002D-03 -5.92542D-01  0.00000D+00  0.00000D+00  0.00000D+00 
 0.00000D+00  0.00000D+00  0.00000D+00  0.00000D+00 -1.01269D-22 -1.05835D-22 
-4.09450D-19  0.00000D+00  0.00000D+00  0.00000D+00  0.00000D+00  0.00000D+00 
 0.00000D+00  0.00000D+00 -4.42961D-22 -4.48275D-22 -5.67399D-19  0.00000D+00 
 0.00000D+00  0.00000D+00  0.00000D+00  0.00000D+00  0.00000D+00  0.00000D+00 
-1.37525D-21 -1.35534D-21 -8.53260D-19  0.00000D+00  0.00000D+00  0.00000D+00 
 0.00000D+00  0.00000D+00  0.00000D+00  0.00000D+00 -3.98273D-21 -3.92214D-21 
-1.23809D-18  0.00000D+00  0.00000D+00  0.00000D+00  0.00000D+00  0.00000D+00 
 0.00000D+00  0.00000D+00 -1.20831D-20 -1.22331D-20 -1.54403D-18  0.00000D+00 
 0.00000D+00  0.00000D+00  0.00000D+00  0.00000D+00  2.08628D-23  1.98955D-22 
-3.25772D-20 -3.29982D-20 -1.35460D-18  0.00000D+00  0.00000D+00  0.00000D+00 
 0.00000D+00  0.00000D+00  2.05145D-22  9.59698D-22 -3.52528D-20 -3.61392D-20 
-1.21364D-18  0.00000D+00  0.00000D+00  0.00000D+00  0.00000D+00  0.00000D+00 
 1.06634D-21  3.43044D-21 -3.83576D-20 -3.94290D-20 -1.09103D-18  0.00000D+00 
 0.00000D+00  0.00000D+00  0.00000D+00  0.00000D+00  1.29397D-18  1.48549D-18 
-1.10998D-19 -1.10891D-19  1.02563D-18  0.00000D+00  0.00000D+00  0.00000D+00 
 0.00000D+00 -1.54312D-21  4.48675D-18  4.79855D-18 -2.10784D-19 -2.18337D-19 
-2.35985D-19  0.00000D+00  0.00000D+00  0.00000D+00  0.00000D+00 -7.34057D-19 
 1.61056D-17  1.65455D-17 -1.40156D-19 -1.83728D-19 -1.27986D-17  0.00000D+00 
 0.00000D+00  0.00000D+00  0.00000D+00 -5.23942D-17  8.85507D-17  8.82103D-17 
 5.81038D-19 -9.16890D-19 -1.29803D-16  0.00000D+00  0.00000D+00  0.00000D+00 
 0.00000D+00 -6.27127D-16  3.35694D-16  3.25311D-16 -2.26258D-18  1.68563D-17 
-8.84236D-16  0.00000D+00  0.00000D+00  0.00000D+00  0.00000D+00 -3.47298D-15 
 9.48529D-16  9.02959D-16  6.39422D-17  4.43231D-17 -5.39062D-15  0.00000D+00 
 0.00000D+00  0.00000D+00  0.00000D+00 -1.23160D-14  1.89612D-15  1.79805D-15 
 7.00046D-16  1.92931D-16  4.44424D-15  0.00000D+00  0.00000D+00  0.00000D+00 
 0.00000D+00 -2.96178D-14  1.18703D-15  1.11626D-15  7.26428D-15  1.24140D-14 
 2.57960D-14  0.00000D+00  0.00000D+00  0.00000D+00  0.00000D+00 -4.26826D-14 
-1.16478D-14 -1.17058D-14  1.56993D-14 -9.06776D-14 -5.49734D-15  0.00000D+00 
 0.00000D+00  8.56031D-21  8.48357D-20 -1.38289D-14 -5.86947D-14 -6.38757D-14 
 7.09052D-14 -6.17871D-13 -1.41910D-13  0.00000D+00  0.00000D+00  1.18765D-20 
 1.06238D-19 -1.33562D-14 -5.90210D-14 -6.44704D-14  1.25808D-13 -6.90770D-13 
-8.17076D-14  0.00000D+00  0.00000D+00  9.17373D-20  4.67226D-19 -9.67314D-15 
-6.11889D-14 -6.79704D-14  4.60504D-13 -6.53224D-13  3.15285D-14  0.00000D+00 
-1.55367D-18  1.96119D-16  3.08193D-16  2.34673D-14 -1.27826D-13 -1.24758D-13 
-1.11812D-12 -1.08984D-12  3.48336D-13  0.00000D+00 -8.94596D-16  2.69285D-15 
 3.53548D-15  1.99906D-14 -1.52480D-13 -1.40337D-13 -3.27279D-13 -1.68967D-12 
 1.96775D-13  0.00000D+00 -2.30374D-13  1.25646D-13  1.42652D-13 -6.80660D-13 
-2.09066D-13 -1.46097D-13  1.39090D-11 -2.34400D-11 -8.57597D-13  0.00000D+00 
-3.52867D-12  1.44613D-12  1.55546D-12 -5.59203D-12  1.61841D-14 -4.85998D-15 
 1.98556D-11 -4.56093D-11 -4.66597D-12  0.00000D+00 -2.18087D-11  8.92112D-12 
 9.32529D-12 -2.52402D-11  2.28220D-12 -4.40926D-12 -1.17828D-11  3.68033D-11 
 4.15954D-11  0.00000D+00 -8.41463D-11  3.67985D-11  3.80015D-11 -7.97283D-11 
-3.29215D-11  1.53525D-10  1.59431D-10  2.33590D-10  3.88337D-10  0.00000D+00 
-2.34292D-10  1.02229D-10  1.04831D-10 -1.94589D-10  1.43899D-10 -5.12813D-10 
 1.49182D-09  9.25730D-10 -8.57529D-10  0.00000D+00 -4.80965D-10  1.08593D-10 
 1.07126D-10 -3.46050D-10 -4.00306D-10 -2.48488D-10 -5.70842D-10 -9.53154D-10 
 1.27657D-10  0.00000D+00 -6.38627D-10 -8.69657D-10 -8.45857D-10 -3.60779D-10 
-1.18504D-09 -1.23832D-09 -4.79443D-08 -3.19398D-08  1.10171D-08 -3.73604D-15 
-3.52363D-10 -5.64690D-09 -6.13245D-09 -7.53424D-11 -8.18527D-09 -9.42682D-09 
-7.74112D-08 -1.07825D-07  2.23246D-08 -2.12004D-13 -1.85700D-10 -7.68650D-09 
-6.64437D-09  5.46394D-11 -1.06450D-08 -1.27468D-08  1.22672D-07  1.37124D-07 
 2.51914D-08 -2.37813D-10  1.16405D-10 -4.39219D-08 -4.64574D-08 -5.84418D-10 
-5.27618D-08 -5.86961D-08 -4.34637D-09 -4.37723D-07 -3.75419D-09 -6.48241D-09 
-1.37785D-08 -2.12535D-07 -2.25568D-07 -1.69934D-08 -2.42007D-07 -2.10568D-07 
 1.33593D-06  1.53801D-06 -1.33801D-08 -6.85013D-08 -1.25931D-07 -8.38991D-07 
-8.50037D-07 -1.58239D-07 -8.96465D-07 -1.20024D-06  9.76490D-06 -4.38542D-06 
-1.60296D-07 -4.67701D-07 -7.31114D-07 -3.15936D-06 -3.21663D-06 -7.96001D-07 
-3.26166D-06 -2.43718D-06  4.24556D-05 -5.70346D-06 -7.34223D-07 -2.48564D-06 
-3.49631D-06 -1.15534D-05 -1.15115D-05 -3.53439D-06 -1.28375D-05 -6.85994D-06 
 1.72765D-05  4.74102D-05 -3.95692D-06 -1.12164D-05 -1.42089D-05 -3.94749D-05 
-3.88074D-05 -1.46954D-05 -3.99428D-05 -6.45600D-05  5.29214D-05  8.68687D-05 
-1.48984D-05 -4.50258D-05 -5.38218D-05 -1.22207D-04 -1.20839D-04 -5.62892D-05 
-1.30144D-04 -1.20726D-04 -3.82111D-05 -7.77300D-05 -5.72418D-05 -1.64974D-04 
-1.87756D-04 -3.97594D-04 -3.42982D-04 -1.88121D-04 -3.86713D-04 -4.31012D-04 
-6.12432D-05 -7.61246D-03 -1.88879D-04 -5.59439D-04 -6.10934D-04 -1.11748D-03 
-1.18141D-03 -6.23735D-04 -1.15080D-03 -7.95518D-04 -6.58544D-04 -3.07609D-04 
-6.25758D-04 -1.76538D-03 -1.88058D-03 -3.19672D-03 -2.42227D-03 -1.90111D-03 
-3.18547D-03 -3.35055D-03 -1.60492D-03 -1.24588D-02 -1.90149D-03 -5.18751D-03 
-5.42057D-03 -8.26903D-03 -7.58475D-03 -5.46601D-03 -8.31667D-03 -7.11723D-03 
-3.85629D-03  1.66642D-02 -5.47235D-03 -1.41304D-02 -1.45820D-02 -2.01206D-02 
-1.64347D-02 -1.46491D-02 -2.01250D-02 -1.54901D-02 -1.16045D-02 -3.90814D-02 
-1.46523D-02 -3.54186D-02 -3.61583D-02 -4.43293D-02 -3.20461D-02 -3.62395D-02 
-4.43719D-02 -3.30934D-02 -1.85901D-02  2.98172D-02 -3.62628D-02 -8.07308D-02 
-8.16668D-02 -9.14287D-02 -5.95851D-02 -8.18192D-02 -9.16589D-02 -5.95422D-02 
-3.25312D-02 -4.82682D-02 -8.17515D-02 -1.64818D-01 -1.65928D-01 -1.70583D-01 
-9.40085D-02 -1.66173D-01 -1.71198D-01 -9.16082D-02 -5.46872D-02 -1.34006D-02 
-1.66466D-01 -2.97595D-01 -2.98974D-01 -2.85881D-01 -1.33727D-01 -2.99161D-01 
-2.86273D-01 -1.32964D-01 -9.29582D-02  3.02102D-02 -2.98699D-01  0.00000D+00 
 0.00000D+00  0.00000D+00  0.00000D+00  0.00000D+00  0.00000D+00  0.00000D+00 
-8.09266D-26 -8.61663D-26 -1.01849D-21  0.00000D+00  0.00000D+00  0.00000D+00 
 0.00000D+00  0.00000D+00  0.00000D+00  0.00000D+00 -5.06730D-25 -5.16946D-25 
-1.71927D-21  0.00000D+00  0.00000D+00  0.00000D+00  0.00000D+00  0.00000D+00 
 0.00000D+00  0.00000D+00 -2.10412D-24 -2.11423D-24 -3.12855D-21  0.00000D+00 
 0.00000D+00  0.00000D+00  0.00000D+00  0.00000D+00  0.00000D+00  0.00000D+00 
-8.01404D-24 -8.06761D-24 -5.56583D-21  0.00000D+00  0.00000D+00  0.00000D+00 
 0.00000D+00  0.00000D+00  0.00000D+00  0.00000D+00 -3.23256D-23 -3.26008D-23 
-9.02674D-21  0.00000D+00  0.00000D+00  0.00000D+00  0.00000D+00  0.00000D+00 
 1.71979D-26  2.17473D-25 -1.05617D-22 -1.05352D-22 -1.21532D-20  0.00000D+00 
 0.00000D+00  0.00000D+00  0.00000D+00  0.00000D+00  2.20127D-25  1.25440D-24 
-1.20697D-22 -1.20953D-22 -1.11549D-20  0.00000D+00  0.00000D+00  0.00000D+00 
 0.00000D+00  0.00000D+00  1.38234D-24  5.16466D-24 -1.38592D-22 -1.39544D-22 
-1.03870D-20  0.00000D+00  0.00000D+00  0.00000D+00  0.00000D+00  0.00000D+00 
 3.73531D-21  4.39780D-21 -6.17005D-22 -6.21679D-22 -1.03998D-20  0.00000D+00 
 0.00000D+00  0.00000D+00  0.00000D+00 -2.01484D-24  1.51760D-20  1.65540D-20 
-1.17431D-21 -1.17155D-21  1.92066D-21  0.00000D+00  0.00000D+00  0.00000D+00 
 0.00000D+00 -1.89586D-21  6.53124D-20  6.84456D-20 -2.73362D-21 -2.76476D-21 
-2.32979D-20  0.00000D+00  0.00000D+00  0.00000D+00  0.00000D+00 -2.15667D-19 
 4.87729D-19  4.92276D-19 -1.11176D-20 -1.13553D-20 -3.96730D-19  0.00000D+00 
 0.00000D+00  0.00000D+00  0.00000D+00 -3.68203D-18  2.44819D-18  2.38780D-18 
-4.53346D-20 -4.20510D-20 -4.56686D-18  0.00000D+00  0.00000D+00  0.00000D+00 
 0.00000D+00 -2.72694D-17  9.06725D-18  8.78612D-18 -1.41616D-19 -1.71742D-19 
-7.84060D-17  0.00000D+00  0.00000D+00  0.00000D+00  0.00000D+00 -1.29100D-16 
 2.52121D-17  2.52134D-17 -5.83518D-19 -8.50693D-19  1.50130D-16  0.00000D+00 
 0.00000D+00  0.00000D+00  0.00000D+00 -4.27156D-16  4.24033D-17  4.82800D-17 
-6.91879D-19 -2.31221D-18  1.35565D-15  0.00000D+00  0.00000D+00  0.00000D+00 
 0.00000D+00 -9.49900D-16 -9.62824D-17 -6.70087D-17 -4.56155D-19 -1.90340D-18 
-2.18979D-17  0.00000D+00  0.00000D+00  1.90255D-23  2.32164D-22 -1.12364D-15 
-9.60945D-16 -1.15861D-15  1.77766D-17  1.88062D-18  1.16076D-15  0.00000D+00 
 0.00000D+00  2.72197D-23  2.96614D-22 -1.12042D-15 -9.63125D-16 -1.17966D-15 
 3.58536D-17  7.47990D-19 -6.48368D-15  0.00000D+00  0.00000D+00  2.53007D-22 
 1.49003D-21 -1.09320D-15 -9.50031D-16 -1.28941D-15  1.15581D-16 -1.68030D-17 
-4.52216D-15  0.00000D+00 -4.67874D-21  1.18026D-18  1.95201D-18 -5.81215D-16 
-2.55726D-15 -2.25829D-15  2.79899D-16 -4.80626D-17 -1.79172D-14  0.00000D+00 
-5.14684D-18  2.19426D-17  2.97585D-17 -7.14747D-17 -2.46265D-15 -2.21286D-15 
 3.09444D-17  3.60312D-17  1.51352D-15  0.00000D+00 -2.60757D-15  1.65726D-15 
 1.91537D-15 -7.32285D-15 -1.13723D-14 -1.59389D-14 -3.40287D-16 -5.67695D-16 
-3.47941D-14  0.00000D+00 -5.99799D-14  2.70431D-14  2.93984D-14 -1.02296D-13 
-1.24500D-16 -1.21650D-15 -1.10673D-14 -7.01534D-15 -1.19080D-13  0.00000D+00 
-5.06740D-13  2.23277D-13  2.35904D-13 -6.41570D-13  2.86342D-14 -2.84608D-13 
-1.59650D-13 -1.46246D-13  3.16910D-13  0.00000D+00 -2.55739D-12  1.20345D-12 
 1.26493D-12 -2.62669D-12 -1.98466D-12  7.31541D-12 -7.87044D-13 -8.11172D-13 
-1.06889D-11  0.00000D+00 -9.18699D-12  4.49837D-12  4.71583D-12 -8.37828D-12 
 8.72592D-12 -3.40919D-11 -4.58480D-12 -4.22879D-12  4.42362D-11  0.00000D+00 
-2.48436D-11  9.61187D-12  9.75728D-12 -2.01903D-11 -2.05748D-11 -8.81393D-12 
-3.20483D-11 -2.65080D-11 -2.06749D-11  0.00000D+00 -4.83635D-11 -1.74699D-11 
-1.43403D-11 -3.33932D-11  7.68903D-12  1.05970D-11 -8.60913D-11 -5.63911D-11 
-2.17586D-10 -3.15554D-17 -5.50459D-11 -2.35627D-10 -2.94524D-10 -3.29073D-11 
-3.73577D-10 -5.17584D-10 -1.47460D-10 -1.36410D-10 -1.16247D-09 -2.85744D-15 
-5.04036D-11 -3.00944D-10 -1.53516D-10 -2.92849D-11 -4.74535D-10 -7.21818D-10 
-1.20964D-10 -2.29278D-10  1.35535D-09 -7.24505D-12 -4.77298D-13 -2.21126D-09 
-2.19835D-09 -6.42135D-12 -2.94676D-09 -3.33897D-09 -3.02314D-09 -9.38037D-10 
-5.56552D-11 -2.87846D-10 -5.19540D-10 -1.46007D-08 -1.64719D-08 -6.47520D-10 
-1.64864D-08 -1.30550D-08  1.00495D-08 -6.54384D-09 -3.30720D-10 -3.97363D-09 
-7.21171D-09 -6.66359D-08 -6.73162D-08 -9.77733D-09 -6.86530D-08 -1.19671D-07 
 1.72119D-07 -9.43874D-09 -1.03139D-08 -3.37387D-08 -5.31562D-08 -2.90265D-07 
-2.97062D-07 -5.71945D-08 -3.00819D-07 -2.07686D-08 -1.91628D-07 -1.21832D-07 
-4.91815D-08 -2.16990D-07 -3.12874D-07 -1.22488D-06 -1.22650D-06 -3.11708D-07 
-1.57262D-06 -7.99356D-07 -3.35600D-07 -4.72753D-07 -3.84131D-07 -1.16492D-06 
-1.50606D-06 -4.99440D-06 -4.81392D-06 -1.55399D-06 -4.94838D-06 -1.33655D-05 
-1.53105D-06 -1.99248D-06 -1.61472D-06 -5.50022D-06 -6.64615D-06 -1.68702D-05 
-1.78445D-05 -7.06190D-06 -1.86104D-05 -1.63033D-05 -4.68675D-06  2.52260D-06 
-7.19165D-06 -2.35146D-05 -2.74011D-05 -6.63119D-05 -5.21835D-05 -2.70216D-05 
-6.28079D-05 -8.64056D-05 -1.02153D-05 -5.77170D-06 -2.74860D-05 -9.25182D-05 
-1.01604D-04 -2.03663D-04 -2.24573D-04 -1.04924D-04 -2.11083D-04 -1.03384D-04 
-2.46778D-05 -1.51851D-05 -1.05122D-04 -3.37284D-04 -3.62524D-04 -6.78166D-04 
-5.36323D-04 -3.67892D-04 -6.64126D-04 -7.82234D-04 -1.20153D-04 -1.03067D-04 
-3.67294D-04 -1.14084D-03 -1.19811D-03 -1.95451D-03 -1.90881D-03 -1.21508D-03 
-1.95642D-03 -1.79807D-03 -3.00966D-04 -5.77472D-05 -1.21676D-03 -3.56437D-03 
-3.70748D-03 -5.40045D-03 -4.50490D-03 -3.72264D-03 -5.36147D-03 -4.06118D-03 
-8.39812D-04 -1.63415D-03 -3.72441D-03 -1.02123D-02 -1.04922D-02 -1.32688D-02 
-9.01748D-03 -1.05212D-02 -1.32528D-02 -1.01642D-02 -1.50671D-03 -3.34409D-04 
-1.05399D-02 -2.65231D-02 -2.69732D-02 -3.00287D-02 -2.02829D-02 -2.70262D-02 
-3.00841D-02 -2.01690D-02 -3.13520D-03 -3.92756D-03 -2.69411D-02 -6.14341D-02 
-6.20473D-02 -6.33537D-02 -3.57795D-02 -6.22170D-02 -6.36096D-02 -3.47137D-02 
-6.41960D-03 -3.39462D-03 -6.24974D-02 -1.24879D-01 -1.25933D-01 -1.15936D-01 
-5.59905D-02 -1.26097D-01 -1.16065D-01 -5.58314D-02 -6.60228D-03 -3.62297D-03 
-1.24124D-01 
