   1.000     0.000            1        48        13                             
  1.36060D-02  2.40000D-02  3.10000D-02  4.50000D-02  9.80000D-02  1.50000D-01  
 2.10000D-01  2.20000D-01  2.55000D-01  2.85000D-01  3.20000D-01  4.00000D-01   
 5.50000D-01  8.70000D-01  1.10000D+00  1.68000D+00  1.73000D+00  1.91000D+00   
 2.40000D+00  3.20000D+00  4.50000D+00  6.50000D+00  8.00000D+00  1.00000D+01   
 1.25000D+01  1.43000D+01  1.60000D+01  2.00000D+01  2.50000D+01  3.00000D+01   
 3.46000D+01  4.00000D+01  4.50000D+01  5.00000D+01  6.00000D+01  7.50000D+01   
 9.00000D+01  1.00000D+02  1.20000D+02  1.50000D+02  1.75000D+02  2.00000D+02   
 2.40000D+02  2.80000D+02  3.30000D+02  3.90000D+02  4.40000D+02  4.95000D+02   
 5.00000D+02  1.83776D+01  1.91113D+01  1.97217D+01  1.93821D+01  1.84405D+01   
 1.74241D+01  1.72687D+01  1.67561D+01  1.63527D+01  1.59194D+01  1.50583D+01   
 1.37970D+01  1.19494D+01  1.10232D+01  9.54697D+00  9.44645D+00  9.09560D+00   
 8.23541D+00  7.42815D+00  6.34705D+00  5.55983D+00  4.97501D+00  4.60350D+00   
 4.11031D+00  3.91633D+00  3.71221D+00  3.34634D+00  3.02728D+00  2.80292D+00   
 2.62598D+00  2.44538D+00  2.33412D+00  2.22152D+00  2.04835D+00  1.86277D+00   
 1.72701D+00  1.65386D+00  1.54100D+00  1.42212D+00  1.35382D+00  1.30408D+00   
 1.25055D+00  1.22138D+00  1.20282D+00  1.20197D+00  1.21911D+00  1.29018D+00   
 1.26037D+00  1.00000D+00  1.00000D+00  1.00000D+00  1.00000D+00  1.00000D+00   
 1.00000D+00  1.00000D+00  1.00000D+00  1.00000D+00  1.00000D+00  1.00000D+00   
 1.00000D+00  1.00000D+00  1.00000D+00  1.00000D+00  1.00000D+00  1.00000D+00   
 1.00000D+00  1.00000D+00  1.00000D+00  1.00000D+00  1.00000D+00  1.00000D+00   
 1.00000D+00  1.00000D+00  1.00000D+00  1.00000D+00  1.00000D+00  1.00000D+00   
 1.00000D+00  1.00000D+00  1.00000D+00  1.00000D+00  1.00000D+00  1.00000D+00   
 1.00000D+00  1.00000D+00  1.00000D+00  1.00000D+00  1.00000D+00  1.00000D+00   
 1.00000D+00  1.00000D+00  1.00000D+00  1.00000D+00  1.00000D+00  1.00000D+00   
 1.00000D+00  1.53072D-02  1.98025D-02  2.66051D-02  4.36194D-02  5.54428D-02   
 6.65236D-02  6.81959D-02  7.37528D-02  7.82038D-02  8.30910D-02  9.32847D-02   
 1.09870D-01  1.39235D-01  1.56441D-01  1.92776D-01  1.95979D-01  2.07636D-01   
 2.34857D-01  2.59626D-01  3.17795D-01  3.58510D-01  4.14648D-01  5.08137D-01   
 5.08786D-01  5.66015D-01  5.93655D-01  6.68968D-01  7.34090D-01  8.10337D-01   
 8.72600D-01  9.18706D-01  9.82770D-01  1.02742D+00  1.11490D+00  1.23557D+00   
 1.34038D+00  1.40279D+00  1.51462D+00  1.65732D+00  1.75813D+00  1.84588D+00   
 1.96327D+00  2.05756D+00  2.15166D+00  2.22115D+00  2.26270D+00  2.34346D+00   
 2.27616D+00 -9.99860D-01 -9.99767D-01 -9.99579D-01 -9.98867D-01 -9.98170D-01   
-9.97366D-01 -9.97232D-01 -9.96762D-01 -9.96360D-01 -9.95890D-01 -9.94819D-01   
-9.92815D-01 -9.88475D-01 -9.85353D-01 -9.78076D-01 -9.77399D-01 -9.74835D-01   
-9.66738D-01 -9.59977D-01 -9.30326D-01 -9.32468D-01 -8.33628D-01 -8.57382D-01   
-8.69237D-01 -7.99927D-01 -7.87749D-01 -7.07463D-01 -6.99971D-01 -6.01449D-01   
-5.26074D-01 -5.10606D-01 -4.20280D-01 -3.64033D-01 -2.55825D-01 -8.45177D-02   
 8.19260D-02  1.83197D-01  3.82610D-01  6.60184D-01  8.74042D-01  1.07198D+00   
 1.35553D+00  1.60366D+00  1.86147D+00  2.09279D+00  2.25257D+00  2.47620D+00   
 2.37811D+00 -1.53062D-02 -1.98003D-02 -2.65999D-02 -4.35965D-02 -5.53958D-02   
-6.64424D-02 -6.81085D-02 -7.36422D-02 -7.80720D-02 -8.29330D-02 -9.30609D-02   
-1.09505D-01 -1.38497D-01 -1.55377D-01 -1.90821D-01 -1.93933D-01 -2.05267D-01   
-2.31392D-01 -2.54206D-01 -3.06668D-01 -3.12603D-01 -3.48102D-01 -5.20415D-01   
-4.71394D-01 -5.26633D-01 -5.15499D-01 -6.12936D-01 -6.25427D-01 -6.81662D-01   
-6.23034D-01 -7.32843D-01 -7.18457D-01 -7.25274D-01 -7.24823D-01 -7.10087D-01   
-6.57807D-01 -6.20930D-01 -5.30413D-01 -3.58981D-01 -1.97852D-01 -2.81781D-02   
 2.45547D-01  5.15550D-01  8.20373D-01  1.11225D+00  1.31777D+00  1.71164D+00   
 1.48784D+00 -1.39462D-04 -2.33390D-04 -4.21253D-04 -1.13218D-03 -1.82880D-03   
-2.63218D-03 -2.76602D-03 -3.23437D-03 -3.63608D-03 -4.10492D-03 -5.17297D-03   
-7.16846D-03 -1.14833D-02 -1.45771D-02 -2.17550D-02 -2.24236D-02 -2.49512D-02   
-3.29422D-02 -3.93264D-02 -6.90001D-02 -5.12252D-02 -1.71597D-01 -1.64445D-01   
-9.33600D-02 -2.20932D-01 -1.69497D-01 -2.51305D-01 -1.97956D-01 -4.16333D-01   
-3.17193D-01 -4.45709D-01 -4.94928D-01 -4.92742D-01 -5.65344D-01 -6.65027D-01   
-7.06273D-01 -7.47841D-01 -7.84466D-01 -7.94085D-01 -7.66184D-01 -7.13832D-01   
-5.93295D-01 -4.36722D-01 -2.35211D-01 -1.57720D-02  1.56239D-01  5.97653D-01   
 3.14830D-01 -9.88305D-07 -2.13960D-06 -5.18839D-06 -2.28655D-05 -4.69549D-05   
-8.10913D-05 -8.73586D-05 -1.10463D-04 -1.31651D-04 -1.57936D-04 -2.23595D-04   
-3.65257D-04 -7.36437D-04 -1.05827D-03 -1.94263D-03 -2.02866D-03 -2.33692D-03   
-3.46186D-03 -5.37164D-03 -1.11527D-02 -5.45303D-02 -8.24718D-02  1.30454D-02   
-2.15133D-02 -4.84056D-02 -7.21540D-02 -3.26962D-02 -7.64539D-02 -1.49090D-01   
-1.80498D-01 -1.65401D-01 -2.63861D-01 -2.43292D-01 -3.13221D-01 -4.18897D-01   
-4.95897D-01 -5.73554D-01 -6.70816D-01 -7.97086D-01 -8.78394D-01 -9.42954D-01   
-1.00056D+00 -1.01096D+00 -9.87129D-01 -9.44250D-01 -9.05485D-01 -5.04117D-01   
-8.61013D-01 -6.01678D-09 -1.68506D-08 -5.48972D-08 -3.96702D-07 -1.03578D-06   
-2.14610D-06 -2.37019D-06 -3.24186D-06 -4.09588D-06 -5.21855D-06 -8.30573D-06   
-1.60001D-05 -4.05046D-05 -6.55751D-05 -1.51495D-04 -1.58957D-04 -1.96179D-04   
-2.91133D-04 -6.25189D-04 -6.49468D-04 -1.65300D-02  3.75311D-03  2.37167D-02   
-3.50374D-02  2.02346D-02 -4.06978D-02 -3.27427D-02 -9.27218D-02  1.76173D-02   
-1.21152D-01 -3.49163D-02 -7.90890D-02 -1.22267D-01 -1.53227D-01 -2.14171D-01   
-3.02228D-01 -3.55401D-01 -4.61794D-01 -6.32736D-01 -7.69030D-01 -8.99979D-01   
-1.08249D+00 -1.23059D+00 -1.35918D+00 -1.47301D+00 -1.52538D+00 -1.36417D+00   
-1.53255D+00 -3.30611D-11 -1.19778D-10 -5.24246D-10 -6.21155D-09 -2.06201D-08   
-5.12549D-08 -5.80262D-08 -8.58584D-08 -1.15056D-07 -1.55652D-07 -2.78302D-07   
-6.30348D-07 -2.03382D-06 -3.73200D-06 -1.12062D-05 -1.14137D-05 -1.53412D-05   
-2.57071D-05 -7.28268D-05 -1.20651D-06  8.18765D-03  1.52794D-02  9.38933D-04   
-1.58062D-02  1.06866D-02 -4.52031D-03 -2.17956D-02 -3.16727D-02  2.80086D-02   
-4.33812D-02 -1.59953D-02  1.15785D-02 -5.37672D-02 -6.90028D-02 -9.60621D-02   
-1.62575D-01 -1.81928D-01 -2.57834D-01 -4.07532D-01 -5.37247D-01 -6.68843D-01   
-8.80502D-01 -1.08433D+00 -1.28472D+00 -1.49842D+00 -1.62486D+00 -1.69160D+00   
-1.68153D+00 -1.75040D-13 -7.58507D-13 -4.20557D-12 -7.76970D-11 -3.24018D-10   
-9.60468D-10 -1.11390D-09 -1.77943D-09 -2.52570D-09 -3.62468D-09 -7.26677D-09   
-1.93289D-08 -7.90282D-08 -1.63938D-07 -6.25002D-07 -6.29259D-07 -9.07468D-07   
-1.70546D-06 -6.04887D-06  4.51872D-06  8.44508D-04  2.64282D-03 -5.05906D-04   
-2.22937D-03  3.05865D-03 -4.95721D-04 -8.51982D-03 -6.48181D-03  1.11664D-02   
-1.20454D-02 -5.24837D-03  1.27546D-02 -1.70677D-02 -2.28197D-02 -3.32664D-02   
-6.46904D-02 -7.23929D-02 -1.10636D-01 -1.99673D-01 -2.83874D-01 -3.75236D-01   
-5.37480D-01 -7.11826D-01 -9.00094D-01 -1.12579D+00 -1.26798D+00 -1.43591D+00   
-1.35337D+00 -7.56502D-16 -3.97651D-15 -2.83465D-14 -8.29040D-13 -4.36038D-12   
-1.54443D-11 -1.83531D-11 -3.16730D-11 -4.76351D-11 -7.25467D-11 -1.63210D-10   
-5.10212D-10 -2.64086D-09 -6.20432D-09 -3.00244D-08 -2.98412D-08 -4.61099D-08   
-9.70601D-08 -4.25786D-07  5.53775D-07 -1.19016D-04  1.22500D-03 -4.58043D-04   
 5.53521D-06  6.29373D-04 -3.72043D-04 -9.59807D-04 -5.80101D-04  3.38999D-03   
-4.29490D-03 -1.61828D-03  6.64504D-03 -4.40168D-03 -6.37777D-03 -9.79373D-03   
-2.23532D-02 -2.45946D-02 -4.00086D-02 -8.32086D-02 -1.27343D-01 -1.78458D-01   
-2.77096D-01 -3.94316D-01 -5.27440D-01 -7.09454D-01 -8.41146D-01 -9.83736D-01   
-9.30567D-01 -2.70352D-18 -1.76484D-17 -1.64435D-16 -7.71607D-15 -5.13480D-14   
-2.17644D-13 -2.65055D-13 -4.94474D-13 -7.88234D-13 -1.27384D-12 -3.21838D-12   
-1.18321D-11 -7.75496D-11 -2.06009D-10 -1.29669D-09 -1.26259D-09 -2.11376D-09   
-4.69851D-09 -2.81320D-08  1.77211D-07  1.25391D-04  4.75637D-04 -4.96635D-05   
-1.08788D-04 -1.23463D-04 -2.07439D-04  6.67103D-04 -2.31175D-03 -3.43995D-04   
-2.04001D-03 -4.72867D-04  3.68707D-03 -1.15544D-03 -1.54856D-03 -2.55414D-03   
-6.60553D-03 -7.17170D-03 -1.21636D-02 -3.02513D-02 -4.99365D-02 -7.39892D-02   
-1.24526D-01 -1.91363D-01 -2.67153D-01 -3.90246D-01 -4.76264D-01 -5.64533D-01   
-5.46846D-01 -7.89736D-21 -6.50697D-20 -8.01139D-19 -6.08407D-17 -5.13299D-16   
-2.60575D-15 -3.25226D-15 -6.56353D-15 -1.10985D-14 -1.90228D-14 -5.39833D-14   
-2.32821D-13 -1.95927D-12 -5.87818D-12 -4.93807D-11 -4.60243D-11 -8.72813D-11   
-1.97525D-10 -1.43764D-09  1.62018D-08  3.23157D-05  5.07141D-05  2.53099D-05   
-4.92668D-05 -3.17044D-05  8.71393D-05 -8.47423D-04 -2.17058D-04 -5.78940D-04   
-2.59399D-04  1.70990D-04  9.95788D-04 -3.08421D-04 -3.20993D-04 -5.24095D-04   
-1.87629D-03 -1.78561D-03 -2.89680D-03 -9.31092D-03 -1.66319D-02 -2.60631D-02   
-4.74492D-02 -7.95442D-02 -1.13823D-01 -1.84118D-01 -2.38015D-01 -2.62328D-01   
-2.86508D-01 -1.63414D-23 -1.71718D-22 -2.81331D-21 -3.47701D-19 -3.72283D-18   
-2.26544D-17 -2.89687D-17 -6.32427D-17 -1.13648D-16 -2.06753D-16 -6.56777D-16   
-3.29188D-15 -3.74007D-14 -1.30254D-13 -1.49085D-12 -1.26200D-12 -2.56075D-12   
-1.07422D-11 -7.82395D-11  3.71411D-10 -1.73094D-06  1.65255D-06 -1.88639D-06   
 1.39697D-06  2.74876D-06 -8.90347D-07  2.79708D-07  3.25906D-07  3.16655D-05   
-2.68404D-06 -2.31914D-05  1.02892D-04 -4.00663D-05 -7.56826D-05 -9.46139D-05   
-4.07196D-04 -2.68997D-04 -5.00649D-04 -2.13541D-03 -4.30066D-03 -6.93640D-03   
-1.40051D-02 -2.77702D-02 -3.71674D-02 -8.23502D-02 -1.07426D-01 -9.14469D-02   
-1.66755D-01                                                                    
