   2.000     0.000            1        47        13                             
  2.34218D-02  3.10000D-02  4.50000D-02  9.80000D-02  1.50000D-01  2.10000D-01  
 2.20000D-01  2.55000D-01  2.85000D-01  3.20000D-01  4.00000D-01  5.50000D-01   
 8.70000D-01  1.10000D+00  1.68000D+00  1.73000D+00  1.91000D+00  2.40000D+00   
 3.20000D+00  4.50000D+00  6.50000D+00  8.00000D+00  1.00000D+01  1.25000D+01   
 1.43000D+01  1.60000D+01  2.00000D+01  2.50000D+01  3.00000D+01  3.46000D+01   
 4.00000D+01  4.50000D+01  5.00000D+01  6.00000D+01  7.50000D+01  9.00000D+01   
 1.00000D+02  1.20000D+02  1.50000D+02  1.75000D+02  2.00000D+02  2.40000D+02   
 2.80000D+02  3.30000D+02  3.90000D+02  4.40000D+02  4.95000D+02  5.00000D+02   
 1.45444D+02  2.04157D+02  3.41324D+02  4.11731D+02  4.53185D+02  4.57485D+02   
 4.68520D+02  4.74114D+02  4.77419D+02  4.76677D+02  4.60749D+02  4.16348D+02   
 3.92355D+02  3.59665D+02  3.57567D+02  3.50029D+02  3.28255D+02  2.93969D+02   
 2.61033D+02  2.30789D+02  2.11277D+02  1.93632D+02  1.77446D+02  1.68461D+02   
 1.60696D+02  1.45931D+02  1.33526D+02  1.23715D+02  1.16135D+02  1.09102D+02   
 1.04012D+02  9.95342D+01  9.19852D+01  8.41685D+01  7.82342D+01  7.50233D+01   
 7.00667D+01  6.48641D+01  6.19133D+01  5.97512D+01  5.73923D+01  5.59533D+01   
 5.53170D+01  5.54917D+01  5.62672D+01  5.76557D+01  5.77358D+01  1.00000D+00   
 1.00000D+00  1.00000D+00  1.00000D+00  1.00000D+00  1.00000D+00  1.00000D+00   
 1.00000D+00  1.00000D+00  1.00000D+00  1.00000D+00  1.00000D+00  1.00000D+00   
 1.00000D+00  1.00000D+00  1.00000D+00  1.00000D+00  1.00000D+00  1.00000D+00   
 1.00000D+00  1.00000D+00  1.00000D+00  1.00000D+00  1.00000D+00  1.00000D+00   
 1.00000D+00  1.00000D+00  1.00000D+00  1.00000D+00  1.00000D+00  1.00000D+00   
 1.00000D+00  1.00000D+00  1.00000D+00  1.00000D+00  1.00000D+00  1.00000D+00   
 1.00000D+00  1.00000D+00  1.00000D+00  1.00000D+00  1.00000D+00  1.00000D+00   
 1.00000D+00  1.00000D+00  1.00000D+00  1.00000D+00  9.84213D-03  1.65650D-02   
 3.12597D-02  4.22192D-02  5.37113D-02  5.55508D-02  6.18352D-02  6.70341D-02   
 7.28760D-02  8.53182D-02  1.05398D-01  1.37200D-01  1.53708D-01  1.87181D-01   
 1.90104D-01  2.00915D-01  2.31196D-01  2.71512D-01  3.11028D-01  3.84368D-01   
 4.24726D-01  4.69865D-01  5.23660D-01  5.58858D-01  5.99978D-01  6.58288D-01   
 7.39513D-01  8.08330D-01  8.63483D-01  9.23097D-01  9.79390D-01  1.02765D+00   
 1.11550D+00  1.23573D+00  1.34130D+00  1.40207D+00  1.51449D+00  1.65680D+00   
 1.75854D+00  1.84684D+00  1.96310D+00  2.05617D+00  2.15143D+00  2.23185D+00   
 2.27892D+00  2.32115D+00  2.32019D+00 -9.99938D-01 -9.99822D-01 -9.99372D-01   
-9.98883D-01 -9.98241D-01 -9.98126D-01 -9.97707D-01 -9.97330D-01 -9.96869D-01   
-9.95754D-01 -9.93526D-01 -9.88780D-01 -9.85731D-01 -9.79056D-01 -9.78462D-01   
-9.76209D-01 -9.69000D-01 -9.55954D-01 -9.41387D-01 -9.13757D-01 -8.90643D-01   
-8.69346D-01 -8.33584D-01 -8.17003D-01 -7.93873D-01 -7.31242D-01 -6.88785D-01   
-5.99371D-01 -5.57347D-01 -4.95021D-01 -4.23732D-01 -3.59473D-01 -2.64130D-01   
-8.37393D-02  8.37287D-02  1.83242D-01  3.81398D-01  6.58883D-01  8.74981D-01   
 1.07535D+00  1.35764D+00  1.59816D+00  1.86102D+00  2.10819D+00  2.26953D+00   
 2.41804D+00  2.42364D+00 -9.84181D-03 -1.65634D-02 -3.12494D-02 -4.21954D-02   
-5.36655D-02 -5.55006D-02 -6.17681D-02 -6.69506D-02 -7.27709D-02 -8.51550D-02   
-1.05094D-01 -1.36496D-01 -1.52678D-01 -1.85321D-01 -1.88169D-01 -1.98693D-01   
-2.28015D-01 -2.66103D-01 -3.02081D-01 -3.69956D-01 -4.02829D-01 -4.41164D-01   
-4.82684D-01 -5.08311D-01 -5.48446D-01 -5.63169D-01 -6.42425D-01 -6.53923D-01   
-6.72462D-01 -7.22494D-01 -7.18760D-01 -7.08886D-01 -7.30430D-01 -7.08847D-01   
-6.55632D-01 -6.21860D-01 -5.30095D-01 -3.61025D-01 -1.97158D-01 -2.34140D-02   
 2.50541D-01  5.07238D-01  8.20479D-01  1.13946D+00  1.36159D+00  1.58259D+00   
 1.58723D+00 -6.21359D-05 -1.78401D-04 -6.27662D-04 -1.11667D-03 -1.75771D-03   
-1.87246D-03 -2.29073D-03 -2.66813D-03 -3.12757D-03 -4.24019D-03 -6.46194D-03   
-1.11818D-02 -1.42053D-02 -2.07979D-02 -2.13881D-02 -2.36081D-02 -3.07157D-02   
-4.34928D-02 -5.74212D-02 -8.41939D-02 -1.05793D-01 -1.24817D-01 -1.58725D-01   
-1.70211D-01 -1.91531D-01 -2.44006D-01 -2.77265D-01 -3.67031D-01 -3.58223D-01   
-4.36234D-01 -4.91483D-01 -4.99995D-01 -5.57140D-01 -6.81725D-01 -7.03887D-01   
-7.41522D-01 -7.79567D-01 -7.94818D-01 -7.68428D-01 -7.08565D-01 -5.84115D-01   
-4.44668D-01 -2.34677D-01  9.61561D-03  1.98346D-01  4.08014D-01  4.09512D-01   
-3.19557D-07 -1.56692D-06 -1.02455D-05 -2.38088D-05 -4.58484D-05 -5.02060D-05   
-6.70776D-05 -8.34814D-05 -1.04966D-04 -1.63083D-04 -3.03637D-04 -7.02897D-04   
-1.02636D-03 -1.84855D-03 -1.92411D-03 -2.20971D-03 -3.15689D-03 -5.36002D-03   
-8.80485D-03 -1.41287D-02 -2.14178D-02 -2.76151D-02 -3.96816D-02 -4.84696D-02   
-4.69367D-02 -9.59402D-02 -8.67416D-02 -1.51468D-01 -1.68097D-01 -1.61177D-01   
-2.47000D-01 -2.72336D-01 -3.09673D-01 -4.40943D-01 -5.00392D-01 -5.57651D-01   
-6.61554D-01 -7.92803D-01 -8.83987D-01 -9.39677D-01 -9.90072D-01 -1.01390D+00   
-9.87280D-01 -9.23237D-01 -8.52137D-01 -7.37224D-01 -7.46396D-01 -1.45729D-09   
-1.21825D-08 -1.47867D-07 -4.47348D-07 -1.04868D-06 -1.17991D-06 -1.71448D-06   
-2.27318D-06 -3.05934D-06 -5.40265D-06 -1.21270D-05 -3.76765D-05 -6.27639D-05   
-1.45468D-04 -1.49494D-04 -1.81514D-04 -2.82034D-04 -5.48251D-04 -1.17452D-03   
-2.01633D-03 -3.49192D-03 -5.68436D-03 -7.48658D-03 -1.24383D-02 -1.36750D-02   
-2.54784D-02 -3.11800D-02 -3.38187D-02 -7.91802D-02 -5.57648D-02 -8.19496D-02   
-1.27860D-01 -1.54182D-01 -2.07615D-01 -3.08652D-01 -3.53138D-01 -4.64171D-01   
-6.29252D-01 -7.69766D-01 -9.02483D-01 -1.07894D+00 -1.22907D+00 -1.36346D+00   
-1.47762D+00 -1.52501D+00 -1.52777D+00 -1.53445D+00 -6.13552D-12 -8.72725D-11   
-1.96464D-09 -7.73697D-09 -2.19656D-08 -2.54337D-08 -3.99930D-08 -5.68292D-08   
-8.11514D-08 -1.64248D-07 -4.43206D-07 -1.85555D-06 -3.72840D-06 -1.10538D-05   
-1.10021D-05 -1.20145D-05 -2.31214D-05 -5.01104D-05 -1.36262D-04 -2.79191D-04   
-4.66960D-04 -1.06854D-03 -1.24799D-03 -2.06073D-03 -4.45293D-03  5.87597D-04   
-9.44721D-03 -3.19173D-03 -2.18099D-02 -3.57815D-02 -1.12951D-02 -4.35454D-02   
-6.81873D-02 -7.79295D-02 -1.61557D-01 -1.92147D-01 -2.72372D-01 -4.08935D-01   
-5.31696D-01 -6.73327D-01 -8.85683D-01 -1.08058D+00 -1.29181D+00 -1.51884D+00   
-1.65608D+00 -1.76471D+00 -1.76943D+00 -2.82264D-14 -5.44939D-13 -2.06145D-11   
-1.04469D-10 -3.59452D-10 -4.28121D-10 -7.30633D-10 -1.11191D-09 -1.69048D-09   
-3.92261D-09 -1.27633D-08 -7.12953D-08 -1.68235D-07 -6.24339D-07 -6.13639D-07   
-6.37251D-07 -1.46722D-06 -3.60984D-06 -1.22763D-05 -2.96218D-05 -5.02810D-05   
-1.49376D-04 -1.64684D-04 -2.87006D-04 -8.95117D-04  7.16689D-04 -2.00038D-03   
 3.37127D-04 -4.94187D-03 -1.16749D-02  4.55190D-04 -1.21531D-02 -2.22589D-02   
-2.38937D-02 -6.38421D-02 -7.90290D-02 -1.21280D-01 -2.01345D-01 -2.78963D-01   
-3.78633D-01 -5.43299D-01 -7.08243D-01 -9.07019D-01 -1.14958D+00 -1.31853D+00   
-1.47900D+00 -1.48459D+00 -1.02084D-16 -2.85014D-15 -1.86613D-13 -1.21327D-12   
-5.02836D-12 -6.15359D-12 -1.13666D-11 -1.84766D-11 -2.98768D-11 -7.92567D-11   
-3.11400D-10 -2.34501D-09 -6.54265D-09 -3.04525D-08 -2.95073D-08 -2.91834D-08   
-7.92763D-08 -2.22389D-07 -9.66944D-07 -2.67133D-06 -4.55463D-06 -1.80802D-05   
-1.81083D-05 -3.71354D-05 -1.39665D-04  2.07968D-04 -3.83777D-04  4.17101D-04   
-1.17640D-03 -3.04649D-03  1.31702D-03 -2.92979D-03 -6.16771D-03 -5.55025D-03   
-2.17058D-02 -2.77827D-02 -4.60611D-02 -8.43389D-02 -1.23980D-01 -1.80334D-01   
-2.81898D-01 -3.91172D-01 -5.32862D-01 -7.26948D-01 -8.75774D-01 -1.02770D+00   
-1.03517D+00 -3.01690D-19 -1.29340D-17 -1.50533D-15 -1.26016D-14 -6.27758D-14   
-7.89415D-14 -1.57269D-13 -2.72807D-13 -4.67263D-13 -1.40970D-12 -6.61373D-12   
-6.71807D-11 -2.24565D-10 -1.35053D-09 -1.27862D-09 -1.14264D-09 -3.78370D-09   
-1.16819D-08 -6.75827D-08 -2.07050D-07 -3.36408D-07 -2.01794D-06 -1.75414D-06   
-3.22637D-06 -2.17768D-05  1.11295D-04 -5.91035D-05  4.82874D-05 -3.08770D-04   
-2.79111D-04  7.87856D-04 -5.19408D-04 -1.40351D-03 -9.58438D-04 -6.46991D-03   
-8.60384D-03 -1.53744D-02 -3.09104D-02 -4.78818D-02 -7.47865D-02 -1.28367D-01   
-1.88653D-01 -2.71050D-01 -3.99090D-01 -5.04994D-01 -6.17165D-01 -6.24373D-01   
-7.25822D-22 -4.96191D-20 -1.04363D-17 -1.13005D-16 -6.76363D-16 -8.75950D-16   
-1.87567D-15 -3.49186D-15 -6.30388D-15 -2.17649D-14 -1.20925D-13 -1.65678D-12   
-6.68388D-12 -5.43950D-11 -4.78600D-11 -3.19362D-11 -1.59934D-10 -5.11765D-10   
-3.84795D-09 -1.46976D-08 -1.82138D-08 -2.06184D-07 -1.15464D-07  8.27869D-08   
-4.57837D-06  1.30595D-05 -1.50552D-05 -2.25138D-05  6.28202D-05  2.13105D-04   
 1.58342D-04  4.33669D-05 -3.08660D-04 -3.69153D-04 -1.77833D-03 -2.28177D-03   
-4.40142D-03 -9.65296D-03 -1.54503D-02 -2.62907D-02 -5.02254D-02 -7.75955D-02   
-1.16125D-01 -1.85721D-01 -2.47407D-01 -3.13103D-01 -3.19431D-01 -1.23642D-24   
-1.37939D-22 -5.29127D-20 -7.45717D-19 -5.32309D-18 -7.13627D-18 -1.62938D-17   
-3.33454D-17 -6.19045D-17 -2.55124D-16 -1.72149D-15 -3.05836D-14 -1.77033D-13   
-1.58385D-12 -1.50066D-12  4.42493D-14 -5.01022D-12 -1.72001D-11 -1.41950D-10   
-9.76360D-10 -5.68654D-10 -1.40382D-08 -7.94445D-09  1.57412D-10 -5.23096D-07   
 9.69475D-07 -6.44248D-07  1.52028D-06  4.60498D-06 -5.43919D-05  3.71408D-05   
 5.96664D-06 -6.63607D-05  5.17225D-05 -3.25193D-04 -5.08174D-04 -9.84842D-04   
-2.41351D-03 -3.66739D-03 -6.93304D-03 -1.66044D-02 -2.63143D-02 -3.84954D-02   
-7.06211D-02 -1.02265D-01 -1.31809D-01 -1.38822D-01                             
