  25.000      .000           10        47        13
  6.51104D+00  7.66449D-01  6.62943D-01  6.52109D-01  9.25740D-02  6.20802D-02 
 6.07338D-02  1.18120D-02  1.16718D-02  7.24544D-03  2.00000D-02  2.59300D-02 
 3.36170D-02  4.35850D-02  5.65070D-02  6.37700D-02  6.51840D-02  7.32600D-02 
 9.49810D-02  9.72030D-02  1.23140D-01  1.59650D-01  2.06990D-01  2.68350D-01 
 3.47920D-01  4.51070D-01  5.84800D-01  6.84710D-01  6.96090D-01  7.58190D-01 
 8.04770D-01  9.82980D-01  1.27440D+00  1.65230D+00  2.14210D+00  2.77730D+00 
 3.60070D+00  4.66820D+00  6.05230D+00  6.83660D+00  7.84670D+00  1.01730D+01 
 1.31890D+01  1.71000D+01  2.21700D+01  2.87430D+01  3.72640D+01  4.83130D+01 
 6.26370D+01  8.12080D+01  1.05280D+02  1.36500D+02  1.76970D+02  2.29440D+02 
 2.97460D+02  3.85660D+02  5.00000D+02  0.00000D+00  0.00000D+00  0.00000D+00 
 0.00000D+00  0.00000D+00  0.00000D+00  0.00000D+00  3.26906D+01  8.37985D+00 
 9.55299D-01  0.00000D+00  0.00000D+00  0.00000D+00  0.00000D+00  0.00000D+00 
 0.00000D+00  0.00000D+00  9.53240D+01  2.42484D+01  2.51469D+00  0.00000D+00 
 0.00000D+00  0.00000D+00  0.00000D+00  0.00000D+00  0.00000D+00  0.00000D+00 
 2.48097D+02  6.26320D+01  5.40476D+00  0.00000D+00  0.00000D+00  0.00000D+00 
 0.00000D+00  0.00000D+00  0.00000D+00  0.00000D+00  5.45800D+02  1.36936D+02 
 1.04440D+01  0.00000D+00  0.00000D+00  0.00000D+00  0.00000D+00  0.00000D+00 
 0.00000D+00  0.00000D+00  1.02776D+03  2.56794D+02  1.87032D+01  0.00000D+00 
 0.00000D+00  0.00000D+00  0.00000D+00  0.00000D+00  1.10339D+02  2.10184D+02 
 1.33083D+03  3.32039D+02  2.39607D+01  0.00000D+00  0.00000D+00  0.00000D+00 
 0.00000D+00  0.00000D+00  1.08931D+02  2.05548D+02  1.39183D+03  3.47173D+02 
 2.50231D+01  0.00000D+00  0.00000D+00  0.00000D+00  0.00000D+00  0.00000D+00 
 9.67811D+01  1.91611D+02  1.74739D+03  4.35313D+02  3.12899D+01  0.00000D+00 
 0.00000D+00  0.00000D+00  0.00000D+00  3.12145D+02  2.05217D+02  4.53841D+02 
 2.67108D+03  6.63751D+02  4.94850D+01  0.00000D+00  0.00000D+00  0.00000D+00 
 0.00000D+00  3.27143D+02  2.27188D+02  5.01448D+02  2.75736D+03  6.85055D+02 
 5.14454D+01  0.00000D+00  0.00000D+00  0.00000D+00  0.00000D+00  6.06134D+02 
 5.93702D+02  1.26846D+03  3.64290D+03  9.03527D+02  7.56897D+01  0.00000D+00 
 0.00000D+00  0.00000D+00  0.00000D+00  1.14802D+03  1.33587D+03  2.77296D+03 
 4.59475D+03  1.13786D+03  1.13882D+02  0.00000D+00  0.00000D+00  0.00000D+00 
 0.00000D+00  1.94586D+03  2.50169D+03  5.10219D+03  5.36587D+03  1.32698D+03 
 1.70203D+02  0.00000D+00  0.00000D+00  0.00000D+00  0.00000D+00  3.12001D+03 
 4.13471D+03  8.32955D+03  5.90098D+03  1.45740D+03  2.53441D+02  0.00000D+00 
 0.00000D+00  0.00000D+00  0.00000D+00  4.77306D+03  6.25635D+03  1.24891D+04 
 6.14755D+03  1.51631D+03  3.67226D+02  0.00000D+00  0.00000D+00  0.00000D+00 
 0.00000D+00  7.03989D+03  8.79825D+03  1.74347D+04  6.13284D+03  1.51063D+03 
 5.19132D+02  0.00000D+00  0.00000D+00  0.00000D+00  0.00000D+00  1.00867D+04 
 1.16510D+04  2.29426D+04  5.87479D+03  1.44498D+03  7.26137D+02  0.00000D+00 
 0.00000D+00  1.49647D+05  2.94234D+05  1.23924D+04  1.34689D+04  2.64300D+04 
 5.62097D+03  1.38131D+03  8.82232D+02  0.00000D+00  0.00000D+00  1.50794D+05 
 2.96487D+05  1.26550D+04  1.36593D+04  2.67942D+04  5.59131D+03  1.37388D+03 
 8.99866D+02  0.00000D+00  0.00000D+00  1.59911D+05  3.13510D+05  1.40839D+04 
 1.46481D+04  2.86824D+04  5.42722D+03  1.33288D+03  9.95959D+02  0.00000D+00 
 7.78031D+04  1.65439D+05  3.24822D+05  1.51538D+04  1.53383D+04  2.99971D+04 
 5.30288D+03  1.30187D+03  1.06793D+03  0.00000D+00  1.07714D+05  1.84604D+05 
 3.60289D+05  1.92130D+04  1.75973D+04  3.42774D+04  4.84491D+03  1.18787D+03 
 1.34211D+03  0.00000D+00  1.55699D+05  2.04204D+05  3.96078D+05  2.56614D+04 
 2.03143D+04  3.93685D+04  4.19218D+03  1.02592D+03  1.77931D+03  0.00000D+00 
 2.15727D+05  2.16988D+05  4.18590D+05  3.36164D+04  2.26354D+04  4.36396D+04 
 3.51760D+03  8.59255D+02  2.31865D+03  0.00000D+00  2.87965D+05  2.23611D+05 
 4.29095D+05  4.32218D+04  2.44126D+04  4.68210D+04  2.86225D+03  6.97839D+02 
 2.96731D+03  0.00000D+00  3.72128D+05  2.24249D+05  4.28010D+05  5.45500D+04 
 2.55072D+04  4.86658D+04  2.25510D+03  5.48373D+02  3.73338D+03  0.00000D+00 
 4.66998D+05  2.19092D+05  4.15827D+05  6.74896D+04  2.58225D+04  4.89799D+04 
 1.71729D+03  4.16495D+02  4.61037D+03  0.00000D+00  5.70302D+05  2.08876D+05 
 3.94082D+05  8.17243D+04  2.53559D+04  4.78132D+04  1.26903D+03  3.06652D+02 
 5.57592D+03  0.00000D+00  6.78919D+05  1.94723D+05  3.65044D+05  9.67809D+04 
 2.42031D+04  4.53502D+04  9.16178D+02  2.20649D+02  6.59927D+03  1.03724D+07 
 7.30693D+05  1.87050D+05  3.49556D+05  1.03990D+05  2.34707D+04  4.38352D+04 
 7.82391D+02  1.88037D+02  7.09016D+03  1.10728D+07  7.89149D+05  1.77767D+05 
 3.30978D+05  1.12163D+05  2.25284D+04  4.19289D+04  6.52163D+02  1.56336D+02 
 7.64642D+03  1.22281D+07  8.96697D+05  1.59050D+05  2.93904D+05  1.27319D+05 
 2.05043D+04  3.78547D+04  4.56724D+02  1.09046D+02  8.67858D+03  1.32150D+07 
 9.96896D+05  1.39635D+05  2.55802D+05  1.41672D+05  1.82733D+04  3.34335D+04 
 3.13428D+02  7.44822D+01  9.65653D+03  1.39930D+07  1.08574D+06  1.20532D+05 
 2.18588D+05  1.54587D+05  1.59658D+04  2.89204D+04  2.11099D+02  4.97659D+01 
 1.05388D+04  1.45596D+07  1.16028D+06  1.02516D+05  1.83853D+05  1.65514D+05 
 1.37075D+04  2.45647D+04  1.40520D+02  3.27999D+01  1.12877D+04  1.49202D+07 
 1.21827D+06  8.61232D+04  1.52563D+05  1.74112D+05  1.16055D+04  2.05281D+04 
 9.30514D+01  2.15405D+01  1.18760D+04  1.50869D+07  1.25866D+06  7.16877D+04 
 1.25143D+05  1.80248D+05  9.72274D+03  1.69448D+04  6.12710D+01  1.40083D+01 
 1.22967D+04  1.50796D+07  1.28181D+06  5.93208D+04  1.01740D+05  1.83899D+05 
 8.08534D+03  1.38601D+04  4.02374D+01  9.13642D+00  1.25487D+04  1.49263D+07 
 1.28914D+06  4.89481D+04  8.23733D+04  1.85244D+05  6.69679D+03  1.12608D+04 
 2.65166D+01  6.01034D+00  1.26428D+04  1.46636D+07  1.28340D+06  4.04632D+04 
 6.66408D+04  1.84667D+05  5.55526D+03  9.14260D+03  1.77450D+01  3.90587D+00 
 1.26054D+04  1.43366D+07  1.26867D+06  3.36989D+04  5.41848D+04  1.82762D+05 
 4.64016D+03  7.45745D+03  1.19461D+01  2.59421D+00  1.24771D+04  1.39992D+07 
 1.25012D+06  2.84099D+04  4.45605D+04  1.80260D+05  3.91969D+03  6.14657D+03 
 8.08042D+00  1.78015D+00  1.23078D+04  1.37177D+07  1.23404D+06  2.43325D+04 
 3.73649D+04  1.78086D+05  3.36952D+03  5.15694D+03  5.58281D+00  1.16900D+00 
 1.21598D+04  1.35747D+07  1.22835D+06  2.12791D+04  3.21412D+04  1.77379D+05 
 2.95618D+03  4.43869D+03  3.93538D+00  9.28896D-01  1.21115D+04  1.36750D+07 
 1.24301D+06  1.90148D+04  2.84652D+04  1.79585D+05  2.64625D+03  3.94445D+03 
 2.80498D+00  5.86586D-01  1.22623D+04  1.41529D+07  1.29069D+06  1.73449D+04 
 2.62012D+04  1.86542D+05  2.41385D+03  3.63347D+03  1.93947D+00  5.25262D-01 
 1.27380D+04  1.51771D+07  1.38716D+06  1.60392D+04  2.52581D+04  2.00526D+05 
 2.23161D+03  3.49310D+03  1.30334D+00  3.95013D-01  1.36971D+04  0.00000D+00 
 0.00000D+00  0.00000D+00  0.00000D+00  0.00000D+00  0.00000D+00  0.00000D+00 
 1.00000D+00  1.00000D+00  1.00000D+00  0.00000D+00  0.00000D+00  0.00000D+00 
 0.00000D+00  0.00000D+00  0.00000D+00  0.00000D+00  1.00000D+00  1.00000D+00 
 1.00000D+00  0.00000D+00  0.00000D+00  0.00000D+00  0.00000D+00  0.00000D+00 
 0.00000D+00  0.00000D+00  1.00000D+00  1.00000D+00  1.00000D+00  0.00000D+00 
 0.00000D+00  0.00000D+00  0.00000D+00  0.00000D+00  0.00000D+00  0.00000D+00 
 1.00000D+00  1.00000D+00  1.00000D+00  0.00000D+00  0.00000D+00  0.00000D+00 
 0.00000D+00  0.00000D+00  0.00000D+00  0.00000D+00  1.00000D+00  1.00000D+00 
 1.00000D+00  0.00000D+00  0.00000D+00  0.00000D+00  0.00000D+00  0.00000D+00 
 1.00000D+00  1.00000D+00  1.00000D+00  1.00000D+00  1.00000D+00  0.00000D+00 
 0.00000D+00  0.00000D+00  0.00000D+00  0.00000D+00  1.00000D+00  1.00000D+00 
 1.00000D+00  1.00000D+00  1.00000D+00  0.00000D+00  0.00000D+00  0.00000D+00 
 0.00000D+00  0.00000D+00  1.00000D+00  1.00000D+00  1.00000D+00  1.00000D+00 
 1.00000D+00  0.00000D+00  0.00000D+00  0.00000D+00  0.00000D+00  1.00000D+00 
 1.00000D+00  1.00000D+00  1.00000D+00  1.00000D+00  1.00000D+00  0.00000D+00 
 0.00000D+00  0.00000D+00  0.00000D+00  1.00000D+00  1.00000D+00  1.00000D+00 
 1.00000D+00  1.00000D+00  1.00000D+00  0.00000D+00  0.00000D+00  0.00000D+00 
 0.00000D+00  1.00000D+00  1.00000D+00  1.00000D+00  1.00000D+00  1.00000D+00 
 1.00000D+00  0.00000D+00  0.00000D+00  0.00000D+00  0.00000D+00  1.00000D+00 
 1.00000D+00  1.00000D+00  1.00000D+00  1.00000D+00  1.00000D+00  0.00000D+00 
 0.00000D+00  0.00000D+00  0.00000D+00  1.00000D+00  1.00000D+00  1.00000D+00 
 1.00000D+00  1.00000D+00  1.00000D+00  0.00000D+00  0.00000D+00  0.00000D+00 
 0.00000D+00  1.00000D+00  1.00000D+00  1.00000D+00  1.00000D+00  1.00000D+00 
 1.00000D+00  0.00000D+00  0.00000D+00  0.00000D+00  0.00000D+00  1.00000D+00 
 1.00000D+00  1.00000D+00  1.00000D+00  1.00000D+00  1.00000D+00  0.00000D+00 
 0.00000D+00  0.00000D+00  0.00000D+00  1.00000D+00  1.00000D+00  1.00000D+00 
 1.00000D+00  1.00000D+00  1.00000D+00  0.00000D+00  0.00000D+00  0.00000D+00 
 0.00000D+00  1.00000D+00  1.00000D+00  1.00000D+00  1.00000D+00  1.00000D+00 
 1.00000D+00  0.00000D+00  0.00000D+00  1.00000D+00  1.00000D+00  1.00000D+00 
 1.00000D+00  1.00000D+00  1.00000D+00  1.00000D+00  1.00000D+00  0.00000D+00 
 0.00000D+00  1.00000D+00  1.00000D+00  1.00000D+00  1.00000D+00  1.00000D+00 
 1.00000D+00  1.00000D+00  1.00000D+00  0.00000D+00  0.00000D+00  1.00000D+00 
 1.00000D+00  1.00000D+00  1.00000D+00  1.00000D+00  1.00000D+00  1.00000D+00 
 1.00000D+00  0.00000D+00  1.00000D+00  1.00000D+00  1.00000D+00  1.00000D+00 
 1.00000D+00  1.00000D+00  1.00000D+00  1.00000D+00  1.00000D+00  0.00000D+00 
 1.00000D+00  1.00000D+00  1.00000D+00  1.00000D+00  1.00000D+00  1.00000D+00 
 1.00000D+00  1.00000D+00  1.00000D+00  0.00000D+00  1.00000D+00  1.00000D+00 
 1.00000D+00  1.00000D+00  1.00000D+00  1.00000D+00  1.00000D+00  1.00000D+00 
 1.00000D+00  0.00000D+00  1.00000D+00  1.00000D+00  1.00000D+00  1.00000D+00 
 1.00000D+00  1.00000D+00  1.00000D+00  1.00000D+00  1.00000D+00  0.00000D+00 
 1.00000D+00  1.00000D+00  1.00000D+00  1.00000D+00  1.00000D+00  1.00000D+00 
 1.00000D+00  1.00000D+00  1.00000D+00  0.00000D+00  1.00000D+00  1.00000D+00 
 1.00000D+00  1.00000D+00  1.00000D+00  1.00000D+00  1.00000D+00  1.00000D+00 
 1.00000D+00  0.00000D+00  1.00000D+00  1.00000D+00  1.00000D+00  1.00000D+00 
 1.00000D+00  1.00000D+00  1.00000D+00  1.00000D+00  1.00000D+00  0.00000D+00 
 1.00000D+00  1.00000D+00  1.00000D+00  1.00000D+00  1.00000D+00  1.00000D+00 
 1.00000D+00  1.00000D+00  1.00000D+00  0.00000D+00  1.00000D+00  1.00000D+00 
 1.00000D+00  1.00000D+00  1.00000D+00  1.00000D+00  1.00000D+00  1.00000D+00 
 1.00000D+00  1.00000D+00  1.00000D+00  1.00000D+00  1.00000D+00  1.00000D+00 
 1.00000D+00  1.00000D+00  1.00000D+00  1.00000D+00  1.00000D+00  1.00000D+00 
 1.00000D+00  1.00000D+00  1.00000D+00  1.00000D+00  1.00000D+00  1.00000D+00 
 1.00000D+00  1.00000D+00  1.00000D+00  1.00000D+00  1.00000D+00  1.00000D+00 
 1.00000D+00  1.00000D+00  1.00000D+00  1.00000D+00  1.00000D+00  1.00000D+00 
 1.00000D+00  1.00000D+00  1.00000D+00  1.00000D+00  1.00000D+00  1.00000D+00 
 1.00000D+00  1.00000D+00  1.00000D+00  1.00000D+00  1.00000D+00  1.00000D+00 
 1.00000D+00  1.00000D+00  1.00000D+00  1.00000D+00  1.00000D+00  1.00000D+00 
 1.00000D+00  1.00000D+00  1.00000D+00  1.00000D+00  1.00000D+00  1.00000D+00 
 1.00000D+00  1.00000D+00  1.00000D+00  1.00000D+00  1.00000D+00  1.00000D+00 
 1.00000D+00  1.00000D+00  1.00000D+00  1.00000D+00  1.00000D+00  1.00000D+00 
 1.00000D+00  1.00000D+00  1.00000D+00  1.00000D+00  1.00000D+00  1.00000D+00 
 1.00000D+00  1.00000D+00  1.00000D+00  1.00000D+00  1.00000D+00  1.00000D+00 
 1.00000D+00  1.00000D+00  1.00000D+00  1.00000D+00  1.00000D+00  1.00000D+00 
 1.00000D+00  1.00000D+00  1.00000D+00  1.00000D+00  1.00000D+00  1.00000D+00 
 1.00000D+00  1.00000D+00  1.00000D+00  1.00000D+00  1.00000D+00  1.00000D+00 
 1.00000D+00  1.00000D+00  1.00000D+00  1.00000D+00  1.00000D+00  1.00000D+00 
 1.00000D+00  1.00000D+00  1.00000D+00  1.00000D+00  1.00000D+00  1.00000D+00 
 1.00000D+00  1.00000D+00  1.00000D+00  1.00000D+00  1.00000D+00  1.00000D+00 
 1.00000D+00  1.00000D+00  1.00000D+00  1.00000D+00  1.00000D+00  1.00000D+00 
 1.00000D+00  1.00000D+00  1.00000D+00  1.00000D+00  1.00000D+00  1.00000D+00 
 1.00000D+00  1.00000D+00  1.00000D+00  1.00000D+00  1.00000D+00  1.00000D+00 
 1.00000D+00  1.00000D+00  1.00000D+00  1.00000D+00  1.00000D+00  1.00000D+00 
 1.00000D+00  1.00000D+00  1.00000D+00  1.00000D+00  1.00000D+00  1.00000D+00 
 1.00000D+00  1.00000D+00  1.00000D+00  1.00000D+00  1.00000D+00  1.00000D+00 
 1.00000D+00  1.00000D+00  1.00000D+00  1.00000D+00  1.00000D+00  1.00000D+00 
 1.00000D+00  1.00000D+00  1.00000D+00  1.00000D+00  1.00000D+00  1.00000D+00 
 1.00000D+00  1.00000D+00  1.00000D+00  1.00000D+00  1.00000D+00  1.00000D+00 
 1.00000D+00  1.00000D+00  1.00000D+00  1.00000D+00  1.00000D+00  1.00000D+00 
 1.00000D+00  1.00000D+00  1.00000D+00  1.00000D+00  1.00000D+00  1.00000D+00 
 1.00000D+00  0.00000D+00  0.00000D+00  0.00000D+00  0.00000D+00  0.00000D+00 
 0.00000D+00  0.00000D+00  5.20678D-03  5.29744D-03 -2.82688D-02  0.00000D+00 
 0.00000D+00  0.00000D+00  0.00000D+00  0.00000D+00  0.00000D+00  0.00000D+00 
 6.76555D-03  6.82911D-03 -1.04593D-02  0.00000D+00  0.00000D+00  0.00000D+00 
 0.00000D+00  0.00000D+00  0.00000D+00  0.00000D+00  8.23745D-03  8.29240D-03 
 2.74565D-03  0.00000D+00  0.00000D+00  0.00000D+00  0.00000D+00  0.00000D+00 
 0.00000D+00  0.00000D+00  1.01038D-02  1.01609D-02  1.36047D-02  0.00000D+00 
 0.00000D+00  0.00000D+00  0.00000D+00  0.00000D+00  0.00000D+00  0.00000D+00 
 1.26970D-02  1.27579D-02  2.28704D-02  0.00000D+00  0.00000D+00  0.00000D+00 
 0.00000D+00  0.00000D+00  1.80057D-02  1.74734D-02  1.41041D-02  1.41657D-02 
 2.66478D-02  0.00000D+00  0.00000D+00  0.00000D+00  0.00000D+00  0.00000D+00 
 1.68646D-02  1.66780D-02  1.43676D-02  1.44293D-02  2.72868D-02  0.00000D+00 
 0.00000D+00  0.00000D+00  0.00000D+00  0.00000D+00  1.70179D-02  1.98736D-02 
 1.58086D-02  1.58712D-02  3.03894D-02  0.00000D+00  0.00000D+00  0.00000D+00 
 0.00000D+00 -2.38889D-03  5.42178D-02  5.42105D-02  1.95011D-02  1.95713D-02 
 3.48913D-02  0.00000D+00  0.00000D+00  0.00000D+00  0.00000D+00 -3.89117D-04 
 5.56361D-02  5.51244D-02  1.98934D-02  1.99646D-02  3.51034D-02  0.00000D+00 
 0.00000D+00  0.00000D+00  0.00000D+00  3.54575D-02  4.98908D-02  4.75616D-02 
 2.48214D-02  2.49055D-02  3.54760D-02  0.00000D+00  0.00000D+00  0.00000D+00 
 0.00000D+00  4.99351D-02  2.71319D-02  2.54084D-02  3.20783D-02  3.21780D-02 
 3.25455D-02  0.00000D+00  0.00000D+00  0.00000D+00  0.00000D+00  4.77548D-02 
 7.66803D-03  6.86826D-03  4.17848D-02  4.19087D-02  2.69068D-02  0.00000D+00 
 0.00000D+00  0.00000D+00  0.00000D+00  3.73437D-02 -2.57678D-03 -2.68854D-03 
 5.45048D-02  5.46582D-02  1.92956D-02  0.00000D+00  0.00000D+00  0.00000D+00 
 0.00000D+00  2.32063D-02 -3.61553D-03 -3.26704D-03  7.04863D-02  7.06765D-02 
 9.87195D-03  0.00000D+00  0.00000D+00  0.00000D+00  0.00000D+00  8.84317D-03 
 3.21414D-03  3.87244D-03  8.99578D-02  9.01958D-02  4.73053D-04  0.00000D+00 
 0.00000D+00  0.00000D+00  0.00000D+00 -2.97160D-03  1.66501D-02  1.75298D-02 
 1.13109D-01  1.13408D-01 -6.93804D-03  0.00000D+00  0.00000D+00 -5.62378D-03 
-8.44522D-03 -7.92046D-03  2.76921D-02  2.86764D-02  1.28869D-01  1.29210D-01 
-9.71292D-03  0.00000D+00  0.00000D+00 -8.67283D-03 -1.06949D-02 -8.31660D-03 
 2.89648D-02  2.99591D-02  1.30587D-01  1.30934D-01 -9.89370D-03  0.00000D+00 
 0.00000D+00 -1.20277D-02 -1.08665D-02 -9.96691D-03  3.59255D-02  3.69680D-02 
 1.39742D-01  1.40119D-01 -1.04887D-02  0.00000D+00  1.45740D-01 -6.13627D-03 
-4.24619D-03 -1.07034D-02  4.11262D-02  4.21988D-02  1.46417D-01  1.46817D-01 
-1.05747D-02  0.00000D+00  4.47368D-02  2.39802D-02  2.60788D-02 -1.04641D-02 
 6.05664D-02  6.17255D-02  1.70304D-01  1.70792D-01 -8.76958D-03  0.00000D+00 
-4.59249D-03  6.57553D-02  6.76972D-02 -3.44281D-03  9.01174D-02  9.13665D-02 
 2.05131D-01  2.05731D-01 -4.04130D-04  0.00000D+00 -1.02923D-02  1.09247D-01 
 1.11086D-01  1.15266D-02  1.24151D-01  1.25473D-01  2.45464D-01  2.46135D-01 
 1.46629D-02  0.00000D+00  6.99563D-03  1.54928D-01  1.56658D-01  3.44800D-02 
 1.62507D-01  1.63783D-01  2.92347D-01  2.93289D-01  3.78222D-02  0.00000D+00 
 3.87561D-02  2.03035D-01  2.04624D-01  6.53384D-02  2.05538D-01  2.06649D-01 
 3.46913D-01  3.48039D-01  6.87512D-02  0.00000D+00  8.09422D-02  2.54258D-01 
 2.55627D-01  1.04006D-01  2.53757D-01  2.54847D-01  4.08764D-01  4.10264D-01 
 1.06899D-01  0.00000D+00  1.31321D-01  3.09480D-01  3.10477D-01  1.50475D-01 
 3.07427D-01  3.07847D-01  4.77065D-01  4.78922D-01  1.52858D-01  0.00000D+00 
 1.88714D-01  3.69480D-01  3.69861D-01  2.04549D-01  3.66718D-01  3.66700D-01 
 5.50385D-01  5.53083D-01  2.06429D-01 -2.06270D-02  2.17946D-01  3.99542D-01 
 3.99527D-01  2.32394D-01  3.96390D-01  3.96036D-01  5.86883D-01  5.90277D-01 
 2.34142D-01  9.10012D-02  2.52801D-01  4.35206D-01  4.34661D-01  2.65784D-01 
 4.31530D-01  4.30272D-01  6.32016D-01  6.35211D-01  2.67414D-01  2.19802D-01 
 3.23960D-01  5.07726D-01  5.05992D-01  3.34420D-01  5.03413D-01  5.01485D-01 
 7.26250D-01  7.29658D-01  3.35656D-01  3.28066D-01  4.02815D-01  5.87849D-01 
 5.84647D-01  4.10718D-01  5.83448D-01  5.80219D-01  8.34325D-01  8.37558D-01 
 4.11893D-01  4.33528D-01  4.89717D-01  6.76840D-01  6.71225D-01  4.95968D-01 
 6.73344D-01  6.67148D-01  9.50255D-01  9.57732D-01  4.96644D-01  5.42028D-01 
 5.85240D-01  7.75911D-01  7.66434D-01  5.90415D-01  7.72558D-01  7.62052D-01 
 1.07409D+00  1.08594D+00  5.91024D-01  6.56651D-01  6.90538D-01  8.84781D-01 
 8.71139D-01  6.94655D-01  8.81573D-01  8.67892D-01  1.21136D+00  1.21553D+00 
 6.95260D-01  7.79416D-01  8.06143D-01  1.00530D+00  9.86462D-01  8.09235D-01 
 1.00293D+00  9.83313D-01  1.35588D+00  1.36528D+00  8.09639D-01  9.11778D-01 
 9.32977D-01  1.13820D+00  1.11203D+00  9.35586D-01  1.13617D+00  1.10756D+00 
 1.50077D+00  1.50869D+00  9.35916D-01  1.05461D+00  1.07165D+00  1.28260D+00 
 1.24438D+00  1.07375D+00  1.27979D+00  1.24141D+00  1.64960D+00  1.66494D+00 
 1.07401D+00  1.20821D+00  1.22181D+00  1.43684D+00  1.38638D+00  1.22344D+00 
 1.43327D+00  1.38258D+00  1.79240D+00  1.80707D+00  1.22361D+00  1.37200D+00 
 1.38255D+00  1.59843D+00  1.53240D+00  1.38389D+00  1.59477D+00  1.53128D+00 
 1.91627D+00  1.94039D+00  1.38398D+00  1.54419D+00  1.55207D+00  1.76104D+00 
 1.68083D+00  1.55307D+00  1.75931D+00  1.68207D+00  2.00835D+00  2.05963D+00 
 1.55314D+00  1.72087D+00  1.72645D+00  1.92281D+00  1.82758D+00  1.72709D+00 
 1.92032D+00  1.82439D+00  2.07486D+00  2.09594D+00  1.72721D+00  1.89569D+00 
 1.89937D+00  2.06896D+00  1.96044D+00  1.89978D+00  2.06998D+00  1.95832D+00 
 2.11715D+00  2.22898D+00  1.89985D+00  2.05900D+00  2.06110D+00  2.19216D+00 
 2.07840D+00  2.06132D+00  2.19372D+00  2.07796D+00  2.13161D+00  2.18905D+00 
 2.06144D+00  2.19778D+00  2.19864D+00  2.28255D+00  2.17178D+00  2.19875D+00 
 2.28428D+00  2.17187D+00  2.10963D+00  2.31308D+00  2.19885D+00  2.29816D+00 
 2.29811D+00  2.33699D+00  2.25267D+00  2.29813D+00  2.33791D+00  2.25116D+00 
 2.07504D+00  2.32689D+00  2.29982D+00  0.00000D+00  0.00000D+00  0.00000D+00 
 0.00000D+00  0.00000D+00  0.00000D+00  0.00000D+00  5.67516D-02  6.20377D-02 
-9.94912D-01  0.00000D+00  0.00000D+00  0.00000D+00  0.00000D+00  0.00000D+00 
 0.00000D+00  0.00000D+00  1.83018D-02  1.71996D-02 -9.97535D-01  0.00000D+00 
 0.00000D+00  0.00000D+00  0.00000D+00  0.00000D+00  0.00000D+00  0.00000D+00 
-6.72076D-02 -7.07447D-02 -9.98370D-01  0.00000D+00  0.00000D+00  0.00000D+00 
 0.00000D+00  0.00000D+00  0.00000D+00  0.00000D+00 -1.60109D-01 -1.64754D-01 
-9.98664D-01  0.00000D+00  0.00000D+00  0.00000D+00  0.00000D+00  0.00000D+00 
 0.00000D+00  0.00000D+00 -2.50659D-01 -2.55749D-01 -9.98790D-01  0.00000D+00 
 0.00000D+00  0.00000D+00  0.00000D+00  0.00000D+00 -5.50206D-01 -5.88234D-01 
-2.91673D-01 -2.96788D-01 -9.98841D-01  0.00000D+00  0.00000D+00  0.00000D+00 
 0.00000D+00  0.00000D+00 -6.25217D-01 -5.82568D-01 -2.99035D-01 -3.04143D-01 
-9.98850D-01  0.00000D+00  0.00000D+00  0.00000D+00  0.00000D+00  0.00000D+00 
-2.35017D-01 -7.06320D-02 -3.37799D-01 -3.42812D-01 -9.98911D-01  0.00000D+00 
 0.00000D+00  0.00000D+00  0.00000D+00 -9.98179D-01  1.31402D-01  9.81862D-02 
-4.19886D-01 -4.24379D-01 -9.99090D-01  0.00000D+00  0.00000D+00  0.00000D+00 
 0.00000D+00 -9.98257D-01  8.68861D-02  5.31685D-02 -4.26786D-01 -4.31215D-01 
-9.99107D-01  0.00000D+00  0.00000D+00  0.00000D+00  0.00000D+00 -9.97761D-01 
-3.20207D-01 -3.35444D-01 -4.91761D-01 -4.95400D-01 -9.99233D-01  0.00000D+00 
 0.00000D+00  0.00000D+00  0.00000D+00 -9.98317D-01 -5.68972D-01 -5.72665D-01 
-5.49518D-01 -5.52038D-01 -9.99160D-01  0.00000D+00  0.00000D+00  0.00000D+00 
 0.00000D+00 -9.98982D-01 -6.93132D-01 -6.94105D-01 -5.91387D-01 -5.92584D-01 
-9.98822D-01  0.00000D+00  0.00000D+00  0.00000D+00  0.00000D+00 -9.98714D-01 
-7.60843D-01 -7.61972D-01 -6.15243D-01 -6.15040D-01 -9.98298D-01  0.00000D+00 
 0.00000D+00  0.00000D+00  0.00000D+00 -9.97816D-01 -7.95976D-01 -7.98154D-01 
-6.20930D-01 -6.19389D-01 -9.97577D-01  0.00000D+00  0.00000D+00  0.00000D+00 
 0.00000D+00 -9.96881D-01 -8.10381D-01 -8.13876D-01 -6.09207D-01 -6.06510D-01 
-9.96958D-01  0.00000D+00  0.00000D+00  0.00000D+00  0.00000D+00 -9.96364D-01 
-8.09450D-01 -8.14273D-01 -5.81272D-01 -5.77730D-01 -9.96833D-01  0.00000D+00 
 0.00000D+00 -3.37172D-01 -3.83141D-01 -9.96356D-01 -8.02741D-01 -8.08328D-01 
-5.57635D-01 -5.53781D-01 -9.96855D-01  0.00000D+00  0.00000D+00 -3.87632D-01 
-4.24562D-01 -9.96370D-01 -8.01797D-01 -8.07460D-01 -5.54906D-01 -5.51029D-01 
-9.96867D-01  0.00000D+00  0.00000D+00 -5.47799D-01 -5.66658D-01 -9.96482D-01 
-7.96185D-01 -8.02234D-01 -5.40086D-01 -5.36125D-01 -9.96986D-01  0.00000D+00 
-9.94948D-01 -6.07945D-01 -6.21635D-01 -9.96602D-01 -7.91580D-01 -7.97889D-01 
-5.29150D-01 -5.25162D-01 -9.97123D-01  0.00000D+00 -9.91613D-01 -6.99685D-01 
-7.08582D-01 -9.97217D-01 -7.72256D-01 -7.79358D-01 -4.89174D-01 -4.85317D-01 
-9.97730D-01  0.00000D+00 -9.92381D-01 -7.24985D-01 -7.33426D-01 -9.98310D-01 
-7.38697D-01 -7.46619D-01 -4.32570D-01 -4.29372D-01 -9.98597D-01  0.00000D+00 
-9.95733D-01 -7.09866D-01 -7.18743D-01 -9.99282D-01 -6.96284D-01 -7.04777D-01 
-3.73706D-01 -3.71742D-01 -9.99419D-01  0.00000D+00 -9.98542D-01 -6.72500D-01 
-6.81814D-01 -9.99489D-01 -6.45643D-01 -6.54520D-01 -3.14244D-01 -3.14072D-01 
-9.99444D-01  0.00000D+00 -9.99322D-01 -6.19252D-01 -6.28862D-01 -9.98191D-01 
-5.87187D-01 -5.96301D-01 -2.53641D-01 -2.55626D-01 -9.97977D-01  0.00000D+00 
-9.97065D-01 -5.53520D-01 -5.63297D-01 -9.94546D-01 -5.21181D-01 -5.30330D-01 
-1.89738D-01 -1.94520D-01 -9.94112D-01  0.00000D+00 -9.90869D-01 -4.77839D-01 
-4.87752D-01 -9.87547D-01 -4.47941D-01 -4.57131D-01 -1.22905D-01 -1.30582D-01 
-9.87028D-01  0.00000D+00 -9.79760D-01 -3.94318D-01 -4.04514D-01 -9.75967D-01 
-3.68061D-01 -3.77573D-01 -5.43032D-02 -6.65020D-02 -9.75504D-01 -9.98683D-01 
-9.72536D-01 -3.52853D-01 -3.63309D-01 -9.68589D-01 -3.28515D-01 -3.38202D-01 
-2.28622D-02 -3.68438D-02 -9.68045D-01 -9.93119D-01 -9.62586D-01 -3.04341D-01 
-3.15250D-01 -9.58521D-01 -2.82454D-01 -2.92613D-01  1.37263D-02 -3.10383D-03 
-9.57973D-01 -9.69113D-01 -9.37839D-01 -2.08252D-01 -2.20627D-01 -9.33663D-01 
-1.91292D-01 -2.02718D-01  9.00552D-02  6.68817D-02 -9.33126D-01 -9.33824D-01 
-9.03456D-01 -1.05670D-01 -1.20492D-01 -8.99507D-01 -9.35980D-02 -1.07628D-01 
 1.85879D-01  1.54484D-01 -8.98960D-01 -8.86082D-01 -8.56943D-01  4.43830D-03 
-1.41913D-02 -8.53289D-01  1.34012D-02 -4.86258D-03  3.03438D-01  2.63747D-01 
-8.52858D-01 -8.23141D-01 -7.95500D-01  1.25566D-01  9.99989D-02 -7.92033D-01 
 1.32055D-01  1.06492D-01  4.31078D-01  3.89217D-01 -7.91594D-01 -7.41317D-01 
-7.15245D-01  2.61207D-01  2.25634D-01 -7.11762D-01  2.64817D-01  2.29967D-01 
 5.87551D-01  5.28887D-01 -7.11270D-01 -6.36086D-01 -6.11524D-01  4.15068D-01 
 3.67211D-01 -6.08572D-01  4.17596D-01  3.70673D-01  7.74648D-01  6.88985D-01 
-6.08130D-01 -5.02096D-01 -4.79487D-01  5.95705D-01  5.29501D-01 -4.76672D-01 
 5.97825D-01  5.30330D-01  9.74600D-01  8.94327D-01 -4.76339D-01 -3.33418D-01 
-3.12369D-01  8.05903D-01  7.14645D-01 -3.09649D-01  8.06341D-01  7.13298D-01 
 1.19036D+00  1.14667D+00 -3.09298D-01 -1.23803D-01 -1.04435D-01  1.04825D+00 
 9.22014D-01 -1.02124D-01  1.04728D+00  9.20883D-01  1.44444D+00  1.35135D+00 
-1.01823D-01  1.32487D-01  1.49697D-01  1.32549D+00  1.15313D+00  1.51916D-01 
 1.32223D+00  1.15240D+00  1.68393D+00  1.58145D+00  1.52071D-01  4.39456D-01 
 4.54123D-01  1.62989D+00  1.40155D+00  4.56044D-01  1.62385D+00  1.40265D+00 
 1.87430D+00  1.84121D+00  4.56159D-01  7.96259D-01  8.07897D-01  1.94573D+00 
 1.66108D+00  8.09430D-01  1.94384D+00  1.65837D+00  2.03716D+00  1.90760D+00 
 8.09558D-01  1.19401D+00  1.20255D+00  2.25775D+00  1.91430D+00  1.20354D+00 
 2.25946D+00  1.90829D+00  2.17167D+00  2.32406D+00  1.20375D+00  1.61154D+00 
 1.61715D+00  2.53654D+00  2.13997D+00  1.61775D+00  2.54193D+00  2.14018D+00 
 2.27478D+00  2.20249D+00  1.61796D+00  2.01350D+00  2.01642D+00  2.76710D+00 
 2.33804D+00  2.01677D+00  2.77017D+00  2.33964D+00  2.29932D+00  2.65524D+00 
 2.01710D+00  2.35563D+00  2.35633D+00  2.92960D+00  2.52341D+00  2.35645D+00 
 2.93172D+00  2.51914D+00  2.21947D+00  2.78650D+00  2.35900D+00  0.00000D+00 
 0.00000D+00  0.00000D+00  0.00000D+00  0.00000D+00  0.00000D+00  0.00000D+00 
 1.18464D-03  1.20949D-03  2.82808D-02  0.00000D+00  0.00000D+00  0.00000D+00 
 0.00000D+00  0.00000D+00  0.00000D+00  0.00000D+00  1.06475D-03  1.06070D-03 
 1.04662D-02  0.00000D+00  0.00000D+00  0.00000D+00  0.00000D+00  0.00000D+00 
 0.00000D+00  0.00000D+00  5.77036D-04  5.59733D-04 -2.74095D-03  0.00000D+00 
 0.00000D+00  0.00000D+00  0.00000D+00  0.00000D+00  0.00000D+00  0.00000D+00 
-4.85982D-05 -7.82140D-05 -1.35999D-02  0.00000D+00  0.00000D+00  0.00000D+00 
 0.00000D+00  0.00000D+00  0.00000D+00  0.00000D+00 -9.05398D-04 -9.52677D-04 
-2.28631D-02  0.00000D+00  0.00000D+00  0.00000D+00  0.00000D+00  0.00000D+00 
-3.32324D-03 -8.10910D-04 -1.42609D-03 -1.48282D-03 -2.66388D-02  0.00000D+00 
 0.00000D+00  0.00000D+00  0.00000D+00  0.00000D+00 -1.12084D-03  2.48109D-03 
-1.52912D-03 -1.58760D-03 -2.72774D-02  0.00000D+00  0.00000D+00  0.00000D+00 
 0.00000D+00  0.00000D+00  2.28222D-02  2.68089D-02 -2.12147D-03 -2.18947D-03 
-3.03783D-02  0.00000D+00  0.00000D+00  0.00000D+00  0.00000D+00  2.39222D-03 
-7.76739D-04 -4.00328D-03 -3.78313D-03 -3.87584D-03 -3.48781D-02  0.00000D+00 
 0.00000D+00  0.00000D+00  0.00000D+00  3.95453D-04 -5.84133D-03 -8.46212D-03 
-3.96698D-03 -4.06228D-03 -3.50904D-02  0.00000D+00  0.00000D+00  0.00000D+00 
 0.00000D+00 -3.54254D-02 -3.10221D-02 -2.98650D-02 -6.40557D-03 -6.53052D-03 
-3.54677D-02  0.00000D+00  0.00000D+00  0.00000D+00  0.00000D+00 -4.98915D-02 
-2.41431D-02 -2.26114D-02 -1.04851D-02 -1.06424D-02 -3.25486D-02  0.00000D+00 
 0.00000D+00  0.00000D+00  0.00000D+00 -4.77356D-02 -8.96351D-03 -8.04188D-03 
-1.65012D-02 -1.66863D-02 -2.69184D-02  0.00000D+00  0.00000D+00  0.00000D+00 
 0.00000D+00 -3.73578D-02  1.55986D-03  1.93771D-03 -2.48451D-02 -2.50407D-02 
-1.93106D-02  0.00000D+00  0.00000D+00  0.00000D+00  0.00000D+00 -2.32330D-02 
 4.32040D-03  4.34245D-03 -3.55007D-02 -3.56797D-02 -9.88338D-03  0.00000D+00 
 0.00000D+00  0.00000D+00  0.00000D+00 -8.84522D-03 -4.36824D-04 -6.55791D-04 
-4.82391D-02 -4.83693D-02 -4.45962D-04  0.00000D+00  0.00000D+00  0.00000D+00 
 0.00000D+00  3.02947D-03 -1.15911D-02 -1.20159D-02 -6.23862D-02 -6.24353D-02 
 7.01962D-03  0.00000D+00  0.00000D+00  1.65307D-02  1.78754D-02  8.02429D-03 
-2.10070D-02 -2.15626D-02 -7.12575D-02 -7.12480D-02  9.81581D-03  0.00000D+00 
 0.00000D+00  1.79800D-02  1.90705D-02  8.42532D-03 -2.20926D-02 -2.26627D-02 
-7.21878D-02 -7.21720D-02  9.99947D-03  0.00000D+00  0.00000D+00  1.97761D-02 
 1.93983D-02  1.01005D-02 -2.80135D-02 -2.86608D-02 -7.70288D-02 -7.69834D-02 
 1.06257D-02  0.00000D+00 -1.45805D-01  1.61231D-02  1.51780D-02  1.08534D-02 
-3.24146D-02 -3.31185D-02 -8.04227D-02 -8.03591D-02  1.07333D-02  0.00000D+00 
-4.46618D-02 -7.18575D-03 -8.59519D-03  1.06573D-02 -4.85915D-02 -4.95072D-02 
-9.14708D-02 -9.13675D-02  8.94723D-03  0.00000D+00  4.97453D-03 -4.23962D-02 
-4.40295D-02  3.64703D-03 -7.20928D-02 -7.33347D-02 -1.05043D-01 -1.04953D-01 
 5.57428D-04  0.00000D+00  1.07427D-02 -7.79747D-02 -7.99454D-02 -1.13782D-02 
-9.72842D-02 -9.88978D-02 -1.17802D-01 -1.17787D-01 -1.46022D-02  0.00000D+00 
-6.68935D-03 -1.12401D-01 -1.14796D-01 -3.44367D-02 -1.23145D-01 -1.25160D-01 
-1.29933D-01 -1.30271D-01 -3.78369D-02  0.00000D+00 -3.86814D-02 -1.44542D-01 
-1.47423D-01 -6.53780D-02 -1.48997D-01 -1.51509D-01 -1.40860D-01 -1.41870D-01 
-6.87837D-02  0.00000D+00 -8.09870D-02 -1.73603D-01 -1.77007D-01 -1.03961D-01 
-1.74035D-01 -1.76943D-01 -1.48996D-01 -1.51078D-01 -1.06835D-01  0.00000D+00 
-1.31077D-01 -1.98819D-01 -2.02767D-01 -1.49926D-01 -1.96886D-01 -2.00188D-01 
-1.51646D-01 -1.55242D-01 -1.52268D-01  0.00000D+00 -1.87341D-01 -2.19437D-01 
-2.23954D-01 -2.02663D-01 -2.16056D-01 -2.20024D-01 -1.47105D-01 -1.53147D-01 
-2.04407D-01  2.06105D-02 -2.15586D-01 -2.27370D-01 -2.32182D-01 -2.29418D-01 
-2.23369D-01 -2.27261D-01 -1.42902D-01 -1.50465D-01 -2.31018D-01 -9.06179D-02 
-2.48836D-01 -2.34913D-01 -2.40105D-01 -2.61083D-01 -2.30202D-01 -2.34648D-01 
-1.37600D-01 -1.46625D-01 -2.62616D-01 -2.16394D-01 -3.15031D-01 -2.44429D-01 
-2.50622D-01 -3.24544D-01 -2.39069D-01 -2.44370D-01 -1.22042D-01 -1.37135D-01 
-3.25659D-01 -3.17626D-01 -3.85185D-01 -2.46194D-01 -2.54079D-01 -3.91907D-01 
-2.41157D-01 -2.48551D-01 -9.47572D-02 -1.20135D-01 -3.93000D-01 -4.10187D-01 
-4.57600D-01 -2.38121D-01 -2.48559D-01 -4.62627D-01 -2.34119D-01 -2.43355D-01 
-5.33746D-02 -8.55248D-02 -4.63070D-01 -4.97111D-01 -5.30040D-01 -2.17729D-01 
-2.32121D-01 -5.33861D-01 -2.14190D-01 -2.28539D-01  1.00471D-02 -3.44295D-02 
-5.34256D-01 -5.77411D-01 -5.99663D-01 -1.79429D-01 -2.01811D-01 -6.02061D-01 
-1.76695D-01 -1.98445D-01  9.04309D-02  2.82620D-02 -6.02584D-01 -6.47353D-01 
-6.61041D-01 -1.18461D-01 -1.51964D-01 -6.62370D-01 -1.16942D-01 -1.47866D-01 
 2.04944D-01  1.04134D-01 -6.62428D-01 -7.00445D-01 -7.07534D-01 -2.43154D-02 
-7.46452D-02 -7.08558D-01 -2.21014D-02 -7.19582D-02  3.46639D-01  2.14750D-01 
-7.08655D-01 -7.26988D-01 -7.29060D-01  1.14677D-01  3.75859D-02 -7.28950D-01 
 1.15272D-01  3.61814D-02  4.99813D-01  3.79019D-01 -7.29021D-01 -7.13753D-01 
-7.11384D-01  3.05296D-01  1.89859D-01 -7.11170D-01  3.05548D-01  1.89342D-01 
 7.09301D-01  5.17602D-01 -7.11038D-01 -6.43948D-01 -6.38306D-01  5.59508D-01 
 3.85395D-01 -6.37628D-01  5.58731D-01  3.85395D-01  9.36180D-01  7.02131D-01 
-6.37523D-01 -4.98162D-01 -4.90348D-01  8.77737D-01  6.17758D-01 -4.89262D-01 
 8.72022D-01  6.26570D-01  1.12788D+00  9.71005D-01 -4.89222D-01 -2.57977D-01 
-2.49546D-01  1.25061D+00  8.93507D-01 -2.48257D-01  1.24075D+00  8.89214D-01 
 1.32667D+00  9.30944D-01 -2.48283D-01  8.67018D-02  9.43654D-02  1.64268D+00 
 1.18008D+00  9.53694D-02  1.64540D+00  1.17284D+00  1.52179D+00  1.61510D+00 
 9.54842D-02  5.26341D-01  5.32352D-01  2.03050D+00  1.45498D+00  5.32978D-01 
 2.03783D+00  1.45623D+00  1.71131D+00  1.30612D+00  5.33164D-01  1.02119D+00 
 1.02497D+00  2.37549D+00  1.71003D+00  1.02540D+00  2.38426D+00  1.71442D+00 
 1.78651D+00  2.13454D+00  1.02623D+00  1.50111D+00  1.50240D+00  2.65334D+00 
 1.97160D+00  1.50257D+00  2.66019D+00  1.96490D+00  1.62691D+00  2.40944D+00 
 1.50765D+00  0.00000D+00  0.00000D+00  0.00000D+00  0.00000D+00  0.00000D+00 
 0.00000D+00  0.00000D+00  8.49528D-06  8.72277D-06  5.63655D-05  0.00000D+00 
 0.00000D+00  0.00000D+00  0.00000D+00  0.00000D+00  0.00000D+00  0.00000D+00 
 1.15353D-05  1.16189D-05  1.18313D-04  0.00000D+00  0.00000D+00  0.00000D+00 
 0.00000D+00  0.00000D+00  0.00000D+00  0.00000D+00  1.19359D-05  1.19201D-05 
-7.22686D-06  0.00000D+00  0.00000D+00  0.00000D+00  0.00000D+00  0.00000D+00 
 0.00000D+00  0.00000D+00  1.04053D-05  1.02851D-05 -1.88577D-04  0.00000D+00 
 0.00000D+00  0.00000D+00  0.00000D+00  0.00000D+00  0.00000D+00  0.00000D+00 
 5.63148D-06  5.31929D-06 -3.38202D-04  0.00000D+00  0.00000D+00  0.00000D+00 
 0.00000D+00  0.00000D+00 -5.10350D-05 -2.72658D-05  1.43437D-06  9.82830D-07 
-3.79625D-04  0.00000D+00  0.00000D+00  0.00000D+00  0.00000D+00  0.00000D+00 
-2.65112D-05  8.56250D-06  4.95365D-07  1.47016D-08 -3.84558D-04  0.00000D+00 
 0.00000D+00  0.00000D+00  0.00000D+00  0.00000D+00  3.11573D-04  3.87024D-04 
-5.57986D-06 -6.23856D-06 -3.95745D-04  0.00000D+00  0.00000D+00  0.00000D+00 
 0.00000D+00 -9.10193D-06  4.42555D-04  3.73732D-04 -2.77343D-05 -2.89853D-05 
-3.39686D-04  0.00000D+00  0.00000D+00  0.00000D+00  0.00000D+00 -7.93049D-05 
 3.60637D-04  2.95495D-04 -3.05007D-05 -3.18220D-05 -3.31969D-04  0.00000D+00 
 0.00000D+00  0.00000D+00  0.00000D+00 -1.27026D-03 -4.82068D-04 -4.83995D-04 
-7.04056D-05 -7.26464D-05 -2.88107D-04  0.00000D+00  0.00000D+00  0.00000D+00 
 0.00000D+00 -1.03463D-03 -1.03561D-03 -9.99133D-04 -1.52719D-04 -1.56495D-04 
-4.29047D-04  0.00000D+00  0.00000D+00  0.00000D+00  0.00000D+00 -5.34669D-04 
-1.16343D-03 -1.11828D-03 -3.16879D-04 -3.23002D-04 -8.12074D-04  0.00000D+00 
 0.00000D+00  0.00000D+00  0.00000D+00 -8.99306D-04 -9.76016D-04 -9.37102D-04 
-6.28442D-04 -6.37750D-04 -1.37582D-03  0.00000D+00  0.00000D+00  0.00000D+00 
 0.00000D+00 -1.85925D-03 -6.02030D-04 -5.76280D-04 -1.16928D-03 -1.18227D-03 
-2.13678D-03  0.00000D+00  0.00000D+00  0.00000D+00  0.00000D+00 -2.83611D-03 
-2.12032D-04 -2.03679D-04 -2.04525D-03 -2.06215D-03 -2.77893D-03  0.00000D+00 
 0.00000D+00  0.00000D+00  0.00000D+00 -3.38075D-03 -2.01350D-05 -3.38932D-05 
-3.42296D-03 -3.44404D-03 -2.92103D-03  0.00000D+00  0.00000D+00  5.71835D-04 
 5.26511D-04 -3.39951D-03 -1.08081D-04 -1.38164D-04 -4.54566D-03 -4.56849D-03 
-2.90944D-03  0.00000D+00  0.00000D+00  5.41431D-04  5.12581D-04 -3.38693D-03 
-1.29385D-04 -1.61382D-04 -4.67597D-03 -4.69896D-03 -2.89839D-03  0.00000D+00 
 0.00000D+00  6.20002D-04  6.34388D-04 -3.27908D-03 -2.82761D-04 -3.25738D-04 
-5.39654D-03 -5.42024D-03 -2.78334D-03  0.00000D+00 -4.72197D-03  7.56935D-04 
 7.63847D-04 -3.16188D-03 -4.36730D-04 -4.87322D-04 -5.94924D-03 -5.97339D-03 
-2.64622D-03  0.00000D+00 -8.10240D-03  7.82358D-04  7.31332D-04 -2.55279D-03 
-1.28553D-03 -1.36772D-03 -8.12365D-03 -8.15175D-03 -2.04235D-03  0.00000D+00 
-7.35927D-03 -6.55919D-04 -7.88971D-04 -1.46250D-03 -3.32524D-03 -3.46671D-03 
-1.16336D-02 -1.16753D-02 -1.17923D-03  0.00000D+00 -4.01333D-03 -3.90231D-03 
-4.13428D-03 -4.93029D-04 -6.68213D-03 -6.90975D-03 -1.61719D-02 -1.62329D-02 
-3.50887D-04  0.00000D+00 -1.21073D-03 -9.11945D-03 -9.48330D-03 -2.91006D-04 
-1.16205D-02 -1.19581D-02 -2.20166D-02 -2.21232D-02 -3.41351D-04  0.00000D+00 
-4.47261D-04 -1.65018D-02 -1.70445D-02 -1.59890D-03 -1.84588D-02 -1.89397D-02 
-2.94753D-02 -2.97443D-02 -1.83984D-03  0.00000D+00 -2.72827D-03 -2.62293D-02 
-2.70105D-02 -5.25068D-03 -2.75960D-02 -2.83502D-02 -3.89113D-02 -3.93955D-02 
-5.67827D-03  0.00000D+00 -8.92926D-03 -3.84451D-02 -3.95380D-02 -1.22286D-02 
-3.93658D-02 -4.02645D-02 -4.95713D-02 -5.05874D-02 -1.27498D-02  0.00000D+00 
-1.99605D-02 -5.32509D-02 -5.47437D-02 -2.36942D-02 -5.39032D-02 -5.53893D-02 
-6.06370D-02 -6.22616D-02 -2.40700D-02 -1.10703D-03 -2.70840D-02 -6.11299D-02 
-6.28487D-02 -3.09516D-02 -6.16694D-02 -6.33333D-02 -6.54766D-02 -6.77040D-02 
-3.14717D-02 -6.65276D-03 -3.68373D-02 -7.08092D-02 -7.28157D-02 -4.07921D-02 
-7.11187D-02 -7.25699D-02 -7.10943D-02 -7.41531D-02 -4.13418D-02 -3.03322D-02 
-6.08134D-02 -9.13749D-02 -9.40998D-02 -6.48159D-02 -9.10939D-02 -9.40409D-02 
-8.25763D-02 -8.79652D-02 -6.53313D-02 -6.44859D-02 -9.34914D-02 -1.14890D-01 
-1.18726D-01 -9.71659D-02 -1.13993D-01 -1.17914D-01 -9.55599D-02 -1.05919D-01 
-9.76824D-02 -1.09474D-01 -1.36526D-01 -1.40541D-01 -1.46214D-01 -1.39859D-01 
-1.39889D-01 -1.44537D-01 -1.07075D-01 -1.24169D-01 -1.40181D-01 -1.66645D-01 
-1.91284D-01 -1.67474D-01 -1.75632D-01 -1.94272D-01 -1.67060D-01 -1.74329D-01 
-1.14509D-01 -1.35696D-01 -1.94727D-01 -2.37321D-01 -2.59316D-01 -1.93322D-01 
-2.05990D-01 -2.62165D-01 -1.92614D-01 -2.06185D-01 -1.11579D-01 -1.43114D-01 
-2.62710D-01 -3.22121D-01 -3.41344D-01 -2.13768D-01 -2.35072D-01 -3.43500D-01 
-2.13432D-01 -2.32862D-01 -9.65762D-02 -1.64983D-01 -3.43746D-01 -4.20108D-01 
-4.35811D-01 -2.23481D-01 -2.56971D-01 -4.37876D-01 -2.22802D-01 -2.53906D-01 
-6.09603D-02 -1.64662D-01 -4.38134D-01 -5.27428D-01 -5.40269D-01 -2.07807D-01 
-2.62400D-01 -5.41650D-01 -2.08209D-01 -2.62684D-01 -2.70474D-02 -1.03614D-01 
-5.42051D-01 -6.35709D-01 -6.44848D-01 -1.57478D-01 -2.43930D-01 -6.46069D-01 
-1.57741D-01 -2.45900D-01  6.26912D-02 -1.06926D-01 -6.46026D-01 -7.30073D-01 
-7.35563D-01 -5.22902D-02 -1.91718D-01 -7.36362D-01 -5.12084D-02 -1.90703D-01 
 2.14686D-01 -5.21871D-02 -7.36309D-01 -7.87580D-01 -7.89314D-01  1.22626D-01 
-9.84123D-02 -7.89621D-01  1.19733D-01 -9.00830D-02  3.58811D-01  1.68004D-01 
-7.89555D-01 -7.77316D-01 -7.76075D-01  3.76413D-01  4.96258D-02 -7.75463D-01 
 3.71357D-01  4.88064D-02  5.42536D-01 -1.20888D-02 -7.75558D-01 -6.65894D-01 
-6.62744D-01  6.99785D-01  2.48306D-01 -6.62111D-01  6.97038D-01  2.36370D-01 
 8.10744D-01  8.31701D-01 -6.62036D-01 -4.30899D-01 -4.27226D-01  1.06045D+00 
 4.70713D-01 -4.26794D-01  1.07143D+00  4.74008D-01  1.11652D+00  3.35316D-01 
-4.27009D-01 -7.97815D-02 -7.65728D-02  1.45331D+00  7.18815D-01 -7.62138D-02 
 1.46374D+00  7.26521D-01  1.29633D+00  1.39774D+00 -7.50317D-02  3.38555D-01 
 3.40287D-01  1.83223D+00  1.02011D+00  3.40497D-01  1.84149D+00  1.01156D+00 
 1.07852D+00  1.80447D+00  3.46603D-01  0.00000D+00  0.00000D+00  0.00000D+00 
 0.00000D+00  0.00000D+00  0.00000D+00  0.00000D+00  2.27827D-08  2.45805D-08 
-2.37589D-06  0.00000D+00  0.00000D+00  0.00000D+00  0.00000D+00  0.00000D+00 
 0.00000D+00  0.00000D+00  5.60370D-08  5.73398D-08  1.04236D-06  0.00000D+00 
 0.00000D+00  0.00000D+00  0.00000D+00  0.00000D+00  0.00000D+00  0.00000D+00 
 8.25618D-08  8.33064D-08  1.63461D-06  0.00000D+00  0.00000D+00  0.00000D+00 
 0.00000D+00  0.00000D+00  0.00000D+00  0.00000D+00  1.05168D-07  1.05299D-07 
 1.85385D-08  0.00000D+00  0.00000D+00  0.00000D+00  0.00000D+00  0.00000D+00 
 0.00000D+00  0.00000D+00  1.16896D-07  1.15707D-07 -3.55476D-06  0.00000D+00 
 0.00000D+00  0.00000D+00  0.00000D+00  0.00000D+00 -4.09750D-08  8.56233D-08 
 1.09278D-07  1.06991D-07 -5.64904D-06  0.00000D+00  0.00000D+00  0.00000D+00 
 0.00000D+00  0.00000D+00  7.75361D-08  3.28181D-07  1.06315D-07  1.03741D-07 
-6.03397D-06  0.00000D+00  0.00000D+00  0.00000D+00  0.00000D+00  0.00000D+00 
 3.42771D-06  4.42573D-06  7.89939D-08  7.46845D-08 -8.01057D-06  0.00000D+00 
 0.00000D+00  0.00000D+00  0.00000D+00  3.03740D-07  1.31844D-05  1.21399D-05 
-9.85620D-08 -1.10025D-07 -1.04035D-05  0.00000D+00  0.00000D+00  0.00000D+00 
 0.00000D+00  4.24854D-08  1.29124D-05  1.17920D-05 -1.27066D-07 -1.39432D-07 
-1.03807D-05  0.00000D+00  0.00000D+00  0.00000D+00  0.00000D+00 -2.33851D-05 
 4.38784D-06  3.48270D-06 -6.36852D-07 -6.64305D-07 -7.16597D-06  0.00000D+00 
 0.00000D+00  0.00000D+00  0.00000D+00 -3.91666D-05 -9.16968D-06 -9.35427D-06 
-1.99595D-06 -2.05658D-06  1.77427D-06  0.00000D+00  0.00000D+00  0.00000D+00 
 0.00000D+00 -1.79792D-05 -2.25865D-05 -2.21091D-05 -5.37926D-06 -5.50507D-06 
 1.04672D-05  0.00000D+00  0.00000D+00  0.00000D+00  0.00000D+00  1.31036D-05 
-3.26426D-05 -3.16393D-05 -1.36358D-05 -1.38887D-05  1.36097D-05  0.00000D+00 
 0.00000D+00  0.00000D+00  0.00000D+00  2.39059D-05 -3.59074D-05 -3.45560D-05 
-3.21566D-05 -3.26332D-05  7.02574D-06  0.00000D+00  0.00000D+00  0.00000D+00 
 0.00000D+00 -2.13010D-06 -2.97237D-05 -2.83111D-05 -6.96932D-05 -7.05023D-05 
-3.13463D-05  0.00000D+00  0.00000D+00  0.00000D+00  0.00000D+00 -6.31941D-05 
-1.52392D-05 -1.42385D-05 -1.45157D-04 -1.46707D-04 -8.58928D-05  0.00000D+00 
 0.00000D+00 -4.33155D-06 -6.73304D-06 -1.09699D-04 -5.88880D-06 -5.55611D-06 
-2.21009D-04 -2.22945D-04 -1.12643D-04  0.00000D+00  0.00000D+00 -6.92509D-06 
-8.64389D-06 -1.14634D-04 -5.08390D-06 -4.83256D-06 -2.30381D-04 -2.32526D-04 
-1.14932D-04  0.00000D+00  0.00000D+00 -9.52852D-06 -8.33431D-06 -1.39755D-04 
-1.98267D-06 -2.22815D-06 -2.84702D-04 -2.87179D-04 -1.42294D-04  0.00000D+00 
 6.80867D-05 -3.55432D-06 -1.71875D-06 -1.56292D-04 -1.21884D-06 -2.01190D-06 
-3.28935D-04 -3.31361D-04 -1.59642D-04  0.00000D+00 -8.00925D-05  2.44149D-05 
 2.51174D-05 -1.99799D-04 -1.36419D-05 -1.67767D-05 -5.28814D-04 -5.32867D-04 
-1.91997D-04  0.00000D+00 -3.89932D-04  1.66436D-05  1.19883D-05 -2.10968D-04 
-9.53729D-05 -1.03428D-04 -9.29094D-04 -9.35432D-04 -1.57891D-04  0.00000D+00 
-4.58438D-04 -1.29750D-04 -1.44836D-04 -1.55426D-04 -3.17471D-04 -3.35392D-04 
-1.57538D-03 -1.58709D-03 -5.52483D-05  0.00000D+00 -3.14067D-04 -5.36193D-04 
-5.69704D-04 -5.11449D-05 -7.83952D-04 -8.19384D-04 -2.56768D-03 -2.58635D-03 
 2.13579D-05  0.00000D+00 -8.34340D-05 -1.37010D-03 -1.43499D-03  2.98571D-05 
-1.64626D-03 -1.70631D-03 -4.10569D-03 -4.15333D-03  1.78382D-05  0.00000D+00 
 3.25797D-05 -2.86173D-03 -2.97843D-03 -5.81036D-05 -3.13059D-03 -3.24387D-03 
-6.52268D-03 -6.61418D-03 -8.25745D-05  0.00000D+00 -2.62377D-04 -5.31671D-03 
-5.51676D-03 -5.65799D-04 -5.57262D-03 -5.76977D-03 -1.01187D-02 -1.03281D-02 
-6.08572D-04  0.00000D+00 -1.39547D-03 -9.12722D-03 -9.45829D-03 -1.90449D-03 
-9.39647D-03 -9.67244D-03 -1.49789D-02 -1.53228D-02 -2.01204D-03 -1.40670D-05 
-2.37976D-03 -1.15250D-02 -1.19384D-02 -2.98882D-03 -1.18111D-02 -1.22969D-02 
-1.76024D-02 -1.80798D-02 -3.15594D-03 -4.14540D-04 -3.97217D-03 -1.48159D-02 
-1.53471D-02 -4.69628D-03 -1.51245D-02 -1.56242D-02 -2.07894D-02 -2.15383D-02 
-4.81767D-03 -3.41412D-03 -8.85356D-03 -2.31281D-02 -2.39729D-02 -9.77625D-03 
-2.33514D-02 -2.44333D-02 -2.89138D-02 -2.98582D-02 -9.90173D-03 -1.03031D-02 
-1.72976D-02 -3.50797D-02 -3.64424D-02 -1.84329D-02 -3.51220D-02 -3.58990D-02 
-4.15370D-02 -4.20874D-02 -1.84780D-02 -2.27263D-02 -3.11145D-02 -5.17756D-02 
-5.40558D-02 -3.22602D-02 -5.18132D-02 -5.34967D-02 -5.72592D-02 -6.00622D-02 
-3.24549D-02 -4.30301D-02 -5.26152D-02 -7.44343D-02 -7.82143D-02 -5.38275D-02 
-7.46535D-02 -7.82325D-02 -7.07029D-02 -8.10046D-02 -5.40871D-02 -7.43496D-02 
-8.48297D-02 -1.04630D-01 -1.10721D-01 -8.64127D-02 -1.04736D-01 -1.11624D-01 
-8.81140D-02 -9.95580D-02 -8.64539D-02 -1.20609D-01 -1.31880D-01 -1.42895D-01 
-1.53822D-01 -1.33418D-01 -1.42714D-01 -1.54144D-01 -1.02968D-01 -1.36294D-01 
-1.33722D-01 -1.86317D-01 -1.97697D-01 -1.89957D-01 -2.09281D-01 -1.98843D-01 
-1.90342D-01 -2.06948D-01 -1.13532D-01 -1.78030D-01 -1.99114D-01 -2.75839D-01 
-2.87087D-01 -2.41409D-01 -2.74333D-01 -2.88739D-01 -2.40756D-01 -2.74823D-01 
-1.23160D-01 -1.89644D-01 -2.89022D-01 -3.92023D-01 -4.02699D-01 -2.91051D-01 
-3.45846D-01 -4.03916D-01 -2.92367D-01 -3.47818D-01 -1.30892D-01 -2.36763D-01 
-4.03965D-01 -5.33749D-01 -5.43047D-01 -3.24231D-01 -4.16436D-01 -5.44263D-01 
-3.23730D-01 -4.18382D-01 -5.60967D-02 -2.76635D-01 -5.44294D-01 -6.92596D-01 
-6.99693D-01 -3.21648D-01 -4.79605D-01 -7.00730D-01 -3.22340D-01 -4.69317D-01 
 1.06218D-02 -1.28072D-01 -7.00677D-01 -8.48625D-01 -8.53078D-01 -2.58072D-01 
-4.97653D-01 -8.53207D-01 -2.62492D-01 -4.99583D-01  1.44239D-01 -4.53914D-01 
-8.53264D-01 -9.68796D-01 -9.70431D-01 -1.11988D-01 -4.64661D-01 -9.70433D-01 
-1.14551D-01 -4.74770D-01  3.69205D-01  3.74257D-01 -9.70282D-01 -1.01231D+00 
-1.01199D+00  1.09772D-01 -3.70925D-01 -1.01182D+00  1.15077D-01 -3.68526D-01 
 6.75318D-01 -2.81769D-01 -1.01241D+00 -9.47023D-01 -9.45666D-01  4.12168D-01 
-2.01885D-01 -9.45500D-01  4.26237D-01 -1.91667D-01  8.63391D-01  7.56711D-01 
-9.44388D-01 -7.69247D-01 -7.68084D-01  7.80833D-01  6.27121D-02 -7.67946D-01 
 7.96236D-01  5.47408D-02  5.53149D-01  1.19023D+00 -7.61064D-01  0.00000D+00 
 0.00000D+00  0.00000D+00  0.00000D+00  0.00000D+00  0.00000D+00  0.00000D+00 
 6.42682D-11  7.25815D-11 -3.88937D-08  0.00000D+00  0.00000D+00  0.00000D+00 
 0.00000D+00  0.00000D+00  0.00000D+00  0.00000D+00  2.74599D-10  2.82762D-10 
-2.33405D-09  0.00000D+00  0.00000D+00  0.00000D+00  0.00000D+00  0.00000D+00 
 0.00000D+00  0.00000D+00  5.44625D-10  5.51434D-10  1.66124D-08  0.00000D+00 
 0.00000D+00  0.00000D+00  0.00000D+00  0.00000D+00  0.00000D+00  0.00000D+00 
 9.07017D-10  9.11332D-10  1.61193D-08  0.00000D+00  0.00000D+00  0.00000D+00 
 0.00000D+00  0.00000D+00  0.00000D+00  0.00000D+00  1.38584D-09  1.38405D-09 
-1.84460D-08  0.00000D+00  0.00000D+00  0.00000D+00  0.00000D+00  0.00000D+00 
 8.39917D-10  1.90325D-09  1.60465D-09  1.60418D-09 -5.27569D-08  0.00000D+00 
 0.00000D+00  0.00000D+00  0.00000D+00  0.00000D+00  1.97457D-09  3.93413D-09 
 1.63972D-09  1.63763D-09 -6.04756D-08  0.00000D+00  0.00000D+00  0.00000D+00 
 0.00000D+00  0.00000D+00  3.46496D-08  4.47017D-08  1.76068D-09  1.74218D-09 
-1.09276D-07  0.00000D+00  0.00000D+00  0.00000D+00  0.00000D+00 -2.69893D-09 
 2.12992D-07  2.00082D-07  1.03135D-09  9.68116D-10 -2.63282D-07  0.00000D+00 
 0.00000D+00  0.00000D+00  0.00000D+00 -7.55395D-09  2.19793D-07  2.05112D-07 
 8.30380D-10  7.70951D-10 -2.78387D-07  0.00000D+00  0.00000D+00  0.00000D+00 
 0.00000D+00 -3.95875D-07  2.01106D-07  1.80614D-07 -3.92665D-09 -4.06598D-09 
-4.24269D-07  0.00000D+00  0.00000D+00  0.00000D+00  0.00000D+00 -1.12760D-06 
 3.83987D-08  2.19173D-08 -2.07946D-08 -2.12141D-08 -4.71397D-07  0.00000D+00 
 0.00000D+00  0.00000D+00  0.00000D+00 -1.42256D-06 -2.57467D-07 -2.64949D-07 
-6.87246D-08 -6.99304D-08 -3.06900D-07  0.00000D+00  0.00000D+00  0.00000D+00 
 0.00000D+00 -9.98703D-07 -6.75421D-07 -6.68679D-07 -2.01315D-07 -2.05618D-07 
-3.77539D-08  0.00000D+00  0.00000D+00  0.00000D+00  0.00000D+00 -1.31435D-07 
-1.13515D-06 -1.10798D-06 -5.79083D-07 -5.90844D-07  7.30420D-08  0.00000D+00 
 0.00000D+00  0.00000D+00  0.00000D+00  3.74954D-07 -1.44189D-06 -1.38971D-06 
-1.52585D-06 -1.55269D-06 -3.18543D-08  0.00000D+00  0.00000D+00  0.00000D+00 
 0.00000D+00 -6.33656D-07 -1.30294D-06 -1.22973D-06 -3.76955D-06 -3.80420D-06 
-1.55218D-06  0.00000D+00  0.00000D+00 -5.20798D-09 -7.65092D-09 -2.41008D-06 
-9.15470D-07 -8.39566D-07 -6.55968D-06 -6.59626D-06 -3.79042D-06  0.00000D+00 
 0.00000D+00 -7.84256D-09 -9.08086D-09 -2.65192D-06 -8.61281D-07 -7.85796D-07 
-6.93907D-06 -6.96549D-06 -4.15927D-06  0.00000D+00  0.00000D+00  2.66059D-08 
 4.40927D-08 -4.08080D-06 -5.42857D-07 -4.77922D-07 -9.22549D-06 -9.25298D-06 
-3.12587D-06  0.00000D+00  7.67492D-08  1.22579D-07  1.57222D-07 -5.24296D-06 
-3.11314D-07 -2.54798D-07 -1.11430D-05 -1.12738D-05 -4.67875D-06  0.00000D+00 
-3.07495D-06  1.01469D-06  1.08229D-06 -9.85861D-06  3.53181D-07  3.33595D-07 
-2.06067D-05 -2.09789D-05 -9.92157D-06  0.00000D+00 -1.80066D-05  2.36623D-06 
 2.28774D-06 -1.60473D-05 -9.18466D-07 -1.20349D-06 -4.59453D-05 -4.61338D-05 
-1.00523D-05  0.00000D+00 -3.42246D-05 -1.65585D-06 -2.35366D-06 -1.89959D-05 
-1.04285D-05 -1.16556D-05 -9.47388D-05 -9.60580D-05 -2.02611D-05  0.00000D+00 
-3.86391D-05 -2.45735D-05 -2.68703D-05 -1.46364D-05 -4.13227D-05 -4.47390D-05 
-1.84769D-04 -1.87932D-04 -4.21095D-06  0.00000D+00 -2.47423D-05 -9.31436D-05 
-9.89982D-05 -1.60184D-06 -1.19564D-04 -1.24952D-04 -3.58486D-04 -3.65185D-04 
 2.87348D-05  0.00000D+00  2.59572D-06 -2.56816D-04 -2.70032D-04  1.28251D-05 
-2.89634D-04 -3.03222D-04 -6.88089D-04 -7.04100D-04  8.59110D-06  0.00000D+00 
 1.72285D-05 -6.02145D-04 -6.29896D-04  2.98709D-06 -6.41645D-04 -6.73829D-04 
-1.31382D-03 -1.35261D-03  5.33958D-06  0.00000D+00 -4.62717D-05 -1.27235D-03 
-1.32795D-03 -9.48125D-05 -1.32338D-03 -1.35727D-03 -2.49235D-03 -2.47702D-03 
-2.03813D-04 -3.38362D-07 -1.37263D-04 -1.76020D-03 -1.83578D-03 -2.06389D-04 
-1.81945D-03 -1.88545D-03 -3.07334D-03 -3.18027D-03 -2.47681D-04 -2.31475D-05 
-3.21350D-04 -2.49763D-03 -2.60539D-03 -4.18903D-04 -2.57458D-03 -2.73938D-03 
-4.00158D-03 -4.13448D-03 -4.16366D-04 -3.36880D-04 -1.05564D-03 -4.65866D-03 
-4.85722D-03 -1.21515D-03 -4.74774D-03 -4.83151D-03 -6.65761D-03 -6.82498D-03 
-1.23437D-03 -1.42849D-03 -2.69259D-03 -8.36820D-03 -8.74533D-03 -2.94923D-03 
-8.46020D-03 -8.46075D-03 -1.13325D-02 -1.09742D-02 -2.96044D-03 -4.07333D-03 
-6.02069D-03 -1.45925D-02 -1.52991D-02 -6.31478D-03 -1.46406D-02 -1.55788D-02 
-2.04411D-02 -1.90027D-02 -6.41551D-03 -9.56402D-03 -1.23513D-02 -2.46321D-02 
-2.60088D-02 -1.27877D-02 -2.47014D-02 -2.65169D-02 -3.00879D-02 -3.00500D-02 
-1.27716D-02 -2.00055D-02 -2.37367D-02 -4.05209D-02 -4.29932D-02 -2.43426D-02 
-4.05235D-02 -4.38796D-02 -4.46950D-02 -4.34370D-02 -2.42672D-02 -3.87034D-02 
-4.34941D-02 -6.47661D-02 -6.94162D-02 -4.42266D-02 -6.46964D-02 -6.96426D-02 
-5.94033D-02 -6.44597D-02 -4.44135D-02 -7.06326D-02 -7.66119D-02 -1.00346D-01 
-1.09830D-01 -7.71786D-02 -1.00725D-01 -1.08896D-01 -7.79546D-02 -1.15736D-01 
-7.72704D-02 -1.22815D-01 -1.29617D-01 -1.50600D-01 -1.68394D-01 -1.30728D-01 
-1.50953D-01 -1.66436D-01 -1.15136D-01 -1.34288D-01 -1.30751D-01 -2.04368D-01 
-2.12382D-01 -2.14732D-01 -2.46087D-01 -2.13195D-01 -2.16514D-01 -2.48715D-01 
-1.57853D-01 -1.97492D-01 -2.13395D-01 -3.25575D-01 -3.34059D-01 -2.90577D-01 
-3.46977D-01 -3.35068D-01 -2.89930D-01 -3.49974D-01 -1.72078D-01 -2.79623D-01 
-3.35213D-01 -4.95341D-01 -5.03712D-01 -3.63859D-01 -4.70388D-01 -5.04780D-01 
-3.65637D-01 -4.59475D-01 -1.85976D-01 -1.90426D-01 -5.04803D-01 -7.15464D-01 
-7.22698D-01 -4.16914D-01 -5.83898D-01 -7.23531D-01 -4.16662D-01 -5.80877D-01 
-1.63731D-01 -5.50539D-01 -7.23639D-01 -9.72523D-01 -9.77714D-01 -4.13698D-01 
-6.63196D-01 -9.78337D-01 -4.15375D-01 -6.76974D-01 -4.39372D-02  1.04627D-01 
-9.78271D-01 -1.22993D+00 -1.23283D+00 -3.37148D-01 -7.05460D-01 -1.23304D+00 
-3.39540D-01 -7.03093D-01  1.80390D-01 -5.33792D-01 -1.23349D+00 -1.42948D+00 
-1.43050D+00 -1.83514D-01 -6.58004D-01 -1.43059D+00 -1.67172D-01 -6.48006D-01 
 3.13515D-01  2.78246D-01 -1.43033D+00 -1.50916D+00 -1.50920D+00  8.93263D-02 
-5.05503D-01 -1.50920D+00  1.06018D-01 -5.12733D-01 -8.27689D-02  6.42057D-01 
-1.50684D+00  0.00000D+00  0.00000D+00  0.00000D+00  0.00000D+00  0.00000D+00 
 0.00000D+00  0.00000D+00 -1.12722D-13 -7.59327D-14 -3.73731D-10  0.00000D+00 
 0.00000D+00  0.00000D+00  0.00000D+00  0.00000D+00  0.00000D+00  0.00000D+00 
 8.43841D-13  9.01590D-13 -1.08174D-10  0.00000D+00  0.00000D+00  0.00000D+00 
 0.00000D+00  0.00000D+00  0.00000D+00  0.00000D+00  2.81277D-12  2.87631D-12 
 1.26157D-10  0.00000D+00  0.00000D+00  0.00000D+00  0.00000D+00  0.00000D+00 
 0.00000D+00  0.00000D+00  6.68214D-12  6.75223D-12  3.23916D-10  0.00000D+00 
 0.00000D+00  0.00000D+00  0.00000D+00  0.00000D+00  0.00000D+00  0.00000D+00 
 1.45374D-11  1.46371D-11  3.44651D-10  0.00000D+00  0.00000D+00  0.00000D+00 
 0.00000D+00  0.00000D+00  2.53939D-12  7.00555D-12  2.02692D-11  2.03884D-11 
 2.10987D-10  0.00000D+00  0.00000D+00  0.00000D+00  0.00000D+00  0.00000D+00 
 7.33723D-12  1.61466D-11  2.14749D-11  2.16427D-11  1.61523D-10  0.00000D+00 
 0.00000D+00  0.00000D+00  0.00000D+00  0.00000D+00  1.89658D-10  2.54266D-10 
 2.89817D-11  2.91086D-11 -1.72010D-10  0.00000D+00  0.00000D+00  0.00000D+00 
 0.00000D+00 -9.48059D-12  1.88655D-09  1.81949D-09  4.99770D-11  4.97572D-11 
-1.99799D-09  0.00000D+00  0.00000D+00  0.00000D+00  0.00000D+00 -3.25261D-11 
 2.02898D-09  1.94388D-09  5.18691D-11  5.13439D-11 -2.27921D-09  0.00000D+00 
 0.00000D+00  0.00000D+00  0.00000D+00 -3.30836D-09  2.98746D-09  2.77633D-09 
 5.85657D-11  5.60122D-11 -5.50223D-09  0.00000D+00  0.00000D+00  0.00000D+00 
 0.00000D+00 -1.51916D-08  2.65700D-09  2.38785D-09 -4.67874D-11 -4.43626D-11 
-1.03095D-08  0.00000D+00  0.00000D+00  0.00000D+00  0.00000D+00 -2.93959D-08 
 8.73390D-11 -1.61259D-10 -5.54050D-10 -5.95488D-10 -1.22834D-08  0.00000D+00 
 0.00000D+00  0.00000D+00  0.00000D+00 -3.48125D-08 -6.00616D-09 -6.10363D-09 
-2.43188D-09 -2.40972D-09 -1.01941D-08  0.00000D+00  0.00000D+00  0.00000D+00 
 0.00000D+00 -2.10533D-08 -1.62469D-08 -1.59397D-08 -9.70475D-09 -9.47419D-09 
-6.46484D-11  0.00000D+00  0.00000D+00  0.00000D+00  0.00000D+00  8.61299D-09 
-2.80950D-08 -2.69650D-08 -3.42351D-08 -3.61918D-08 -7.17596D-09  0.00000D+00 
 0.00000D+00  0.00000D+00  0.00000D+00  1.82321D-08 -3.23143D-08 -2.97816D-08 
-1.02113D-07 -9.64870D-08 -2.16512D-08  0.00000D+00  0.00000D+00 -1.02676D-11 
-8.23614D-12 -1.76922D-08 -2.39802D-08 -2.08994D-08 -1.91691D-07 -2.13475D-07 
 3.11365D-07  0.00000D+00  0.00000D+00 -6.33121D-12  1.61813D-11 -2.44506D-08 
-2.23798D-08 -1.93174D-08 -2.08443D-07 -2.09580D-07 -2.85185D-07  0.00000D+00 
 0.00000D+00  6.59849D-10  9.81543D-10 -7.04283D-08 -1.21044D-08 -7.31662D-09 
-2.98150D-07 -3.03022D-07 -4.81081D-07  0.00000D+00  1.62469D-11  2.57630D-09 
 3.29779D-09 -1.15656D-07 -2.34441D-09  2.27397D-09 -3.75908D-07 -4.25927D-07 
-6.00501D-07  0.00000D+00 -7.73724D-08  2.83590D-08  3.09672D-08 -3.59600D-07 
 4.33157D-08  4.70490D-08 -7.90597D-07 -6.98427D-07  1.91894D-07  0.00000D+00 
-7.20473D-07  1.13598D-07  1.14152D-07 -8.91056D-07  8.55687D-08  7.55248D-08 
-2.06729D-06 -2.13160D-06 -2.31369D-06  0.00000D+00 -2.04399D-06  9.41005D-08 
 6.99019D-08 -1.54899D-06 -1.70032D-07 -2.28825D-07 -4.70627D-06 -4.69251D-06 
-7.95350D-06  0.00000D+00 -3.39162D-06 -7.68206D-07 -8.82188D-07 -1.90167D-06 
-1.60064D-06 -1.81483D-06 -1.06263D-05 -1.08270D-05 -1.36788D-05  0.00000D+00 
-3.57554D-06 -4.62833D-06 -4.99616D-06 -1.26676D-06 -6.49562D-06 -7.12170D-06 
-2.44981D-05 -2.47511D-05  6.71805D-06  0.00000D+00 -1.40263D-06 -1.68873D-05 
-1.79043D-05  8.93742D-07 -1.98551D-05 -2.08132D-05 -5.39829D-05 -5.46248D-05 
 7.17209D-06  0.00000D+00  2.89338D-06 -4.99509D-05 -5.25239D-05  3.49923D-06 
-5.48991D-05 -5.80015D-05 -1.12267D-04 -1.16076D-04  5.64268D-06  0.00000D+00 
 4.04600D-06 -1.30336D-04 -1.36448D-04  8.46657D-07 -1.38303D-04 -1.42823D-04 
-2.74825D-04 -2.66667D-04 -1.51037D-05 -8.25089D-09 -8.12916D-07 -1.98028D-04 
-2.07135D-04 -6.77617D-06 -2.08613D-04 -2.10242D-04 -3.52926D-04 -3.63089D-04 
 3.16706D-05 -1.20251D-06 -1.61516D-05 -3.11688D-04 -3.25726D-04 -2.64544D-05 
-3.26702D-04 -3.49456D-04 -5.30993D-04 -5.47161D-04  9.77874D-06 -3.04910D-05 
-1.04384D-04 -7.00522D-04 -7.30973D-04 -1.28002D-04 -7.25018D-04 -6.90763D-04 
-1.01666D-03 -1.11929D-03 -1.19322D-04 -1.80196D-04 -3.67241D-04 -1.50469D-03 
-1.57261D-03 -4.10715D-04 -1.54183D-03 -1.68175D-03 -1.98696D-03 -2.18145D-03 
-4.52276D-04 -6.60685D-04 -1.03445D-03 -3.12707D-03 -3.27172D-03 -1.10763D-03 
-3.16184D-03 -3.87999D-03 -4.47973D-03 -3.93941D-03 -1.14844D-03 -1.91464D-03 
-2.58482D-03 -6.25897D-03 -6.58727D-03 -2.72081D-03 -6.30588D-03 -7.57469D-03 
-8.52824D-03 -7.73325D-03 -2.68000D-03 -4.82470D-03 -5.92556D-03 -1.21389D-02 
-1.27961D-02 -6.05386D-03 -1.21872D-02 -1.30514D-02 -1.46643D-02 -1.30107D-02 
-6.09299D-03 -1.10681D-02 -1.27321D-02 -2.27954D-02 -2.41231D-02 -1.29398D-02 
-2.28350D-02 -2.42249D-02 -2.21873D-02 -2.28288D-02 -1.29846D-02 -2.36912D-02 
-2.62056D-02 -4.13263D-02 -4.42926D-02 -2.66039D-02 -4.15927D-02 -4.43873D-02 
-3.43748D-02 -4.46303D-02 -2.65655D-02 -4.79346D-02 -5.12663D-02 -7.27260D-02 
-7.91415D-02 -5.17874D-02 -7.29898D-02 -7.79652D-02 -6.43340D-02 -5.51986D-02 
-5.16971D-02 -9.22584D-02 -9.68370D-02 -1.21716D-01 -1.33395D-01 -9.73674D-02 
-1.22825D-01 -1.34770D-01 -1.00564D-01 -9.99080D-02 -9.75885D-02 -1.69172D-01 
-1.74850D-01 -1.94400D-01 -2.14954D-01 -1.75520D-01 -1.94252D-01 -2.18035D-01 
-1.42575D-01 -1.84871D-01 -1.75642D-01 -2.95081D-01 -3.01727D-01 -2.90581D-01 
-3.34412D-01 -3.02543D-01 -2.91702D-01 -3.28652D-01 -1.90806D-01 -1.37537D-01 
-3.02672D-01 -4.86997D-01 -4.93788D-01 -4.05962D-01 -4.73745D-01 -4.95049D-01 
-4.06094D-01 -4.73528D-01 -2.61827D-01 -4.51766D-01 -4.95063D-01 -7.54313D-01 
-7.60471D-01 -5.18682D-01 -6.17755D-01 -7.61343D-01 -5.18537D-01 -6.25354D-01 
-2.26364D-01 -1.08031D-02 -7.61536D-01 -1.08445D+00 -1.08909D+00 -6.03210D-01 
-7.46754D-01 -1.08961D+00 -6.06319D-01 -7.45116D-01 -1.35665D-01 -5.56001D-01 
-1.08955D+00 -1.42952D+00 -1.43237D+00 -6.45357D-01 -8.12602D-01 -1.43267D+00 
-6.32625D-01 -8.05628D-01 -1.30757D-01 -1.26806D-02 -1.43337D+00 -1.70924D+00 
-1.71064D+00 -5.80134D-01 -7.76420D-01 -1.71081D+00 -5.65384D-01 -7.81311D-01 
-5.60866D-01  2.26259D-01 -1.71293D+00  0.00000D+00  0.00000D+00  0.00000D+00 
 0.00000D+00  0.00000D+00  0.00000D+00  0.00000D+00 -2.81222D-15 -2.69052D-15 
-2.99111D-12  0.00000D+00  0.00000D+00  0.00000D+00  0.00000D+00  0.00000D+00 
 0.00000D+00  0.00000D+00 -1.64954D-15 -1.36240D-15 -1.83670D-12  0.00000D+00 
 0.00000D+00  0.00000D+00  0.00000D+00  0.00000D+00  0.00000D+00  0.00000D+00 
 5.69241D-15  6.12405D-15 -4.22238D-13  0.00000D+00  0.00000D+00  0.00000D+00 
 0.00000D+00  0.00000D+00  0.00000D+00  0.00000D+00  2.98428D-14  3.07841D-14 
 1.52972D-12  0.00000D+00  0.00000D+00  0.00000D+00  0.00000D+00  0.00000D+00 
 0.00000D+00  0.00000D+00  1.04621D-13  1.07124D-13  3.56253D-12  0.00000D+00 
 0.00000D+00  0.00000D+00  0.00000D+00  0.00000D+00  5.32048D-15  2.06024D-14 
 1.79423D-13  1.79437D-13  4.08965D-12  0.00000D+00  0.00000D+00  0.00000D+00 
 0.00000D+00  0.00000D+00  2.16652D-14  5.62485D-14  1.96876D-13  1.96991D-13 
 3.98058D-12  0.00000D+00  0.00000D+00  0.00000D+00  0.00000D+00  0.00000D+00 
 9.42927D-13  1.32448D-12  3.20792D-13  3.27789D-13  3.16906D-12  0.00000D+00 
 0.00000D+00  0.00000D+00  0.00000D+00 -2.42193D-14  1.51720D-11  1.49671D-11 
 9.15670D-13  9.35407D-13 -1.06840D-11  0.00000D+00  0.00000D+00  0.00000D+00 
 0.00000D+00 -1.12815D-13  1.68848D-11  1.65341D-11  1.00584D-12  1.01749D-12 
-1.42322D-11  0.00000D+00  0.00000D+00  0.00000D+00  0.00000D+00 -2.42377D-11 
 3.43615D-11  3.24265D-11  2.43617D-12  2.41290D-12 -5.50692D-11  0.00000D+00 
 0.00000D+00  0.00000D+00  0.00000D+00 -1.69759D-10  4.47358D-11  4.09562D-11 
 5.50941D-12  5.32172D-12 -1.68485D-10  0.00000D+00  0.00000D+00  0.00000D+00 
 0.00000D+00 -4.79385D-10  2.07783D-11  1.48852D-11  1.08435D-11  1.12886D-11 
-2.97977D-10  0.00000D+00  0.00000D+00  0.00000D+00  0.00000D+00 -8.51154D-10 
-8.82120D-11 -9.61617D-11  1.83545D-11  2.76757D-11 -2.09629D-10  0.00000D+00 
 0.00000D+00  0.00000D+00  0.00000D+00 -1.02158D-09 -3.54857D-10 -3.61936D-10 
 5.66642D-12  4.93041D-11 -1.88051D-10  0.00000D+00  0.00000D+00  0.00000D+00 
 0.00000D+00 -7.33893D-10 -8.02518D-10 -8.01701D-10 -2.87600D-10 -5.68831D-11 
 2.75864D-10  0.00000D+00  0.00000D+00  0.00000D+00  0.00000D+00 -4.19310D-10 
-1.20288D-09 -1.20984D-09 -1.08801D-09 -2.23434D-09 -5.25282D-10  0.00000D+00 
 0.00000D+00  6.27154D-15  1.14437D-13 -1.09294D-09 -1.16047D-09 -1.00415D-09 
-2.96050D-09 -5.05535D-09 -5.43354D-09  0.00000D+00  0.00000D+00  1.52502D-13 
 5.40697D-13 -1.24776D-09 -1.09983D-09 -1.00495D-09 -2.71266D-09 -7.66774D-09 
-1.07914D-10  0.00000D+00  0.00000D+00  1.26150D-11  1.86589D-11 -2.43595D-09 
-7.24480D-10 -7.05185D-10 -4.76743D-09 -1.30591D-08  1.17515D-09  0.00000D+00 
-2.33766D-12  5.37011D-11  7.02453D-11 -3.72238D-09 -4.55562D-10  5.70039D-12 
-8.81105D-09 -5.72689D-09 -1.16738D-09  0.00000D+00 -1.73920D-09  8.45820D-10 
 9.48683D-10 -1.19731D-08  1.93144D-09  2.91820D-09 -1.63706D-08 -1.62221D-08 
-1.57003D-08  0.00000D+00 -2.25114D-08  5.22965D-09  5.43082D-09 -3.54789D-08 
 9.17714D-09  6.84914D-09 -7.26455D-08 -1.73499D-07 -2.03639D-08  0.00000D+00 
-8.23350D-08  1.11234D-08  1.05963D-08 -7.26625D-08  7.40088D-09  7.54615D-09 
-1.67653D-07 -2.42839D-07 -4.62344D-08  0.00000D+00 -1.67969D-07 -1.50298D-08 
-1.99232D-08 -1.00797D-07 -5.28168D-08 -3.40644D-08 -5.66087D-07 -4.78123D-07 
 6.56445D-08  0.00000D+00 -2.04271D-07 -2.18617D-07 -2.40290D-07 -5.75166D-08 
-3.60127D-07 -4.73042D-07 -1.73532D-06 -1.64303D-06 -3.23106D-07  0.00000D+00 
-4.06475D-08 -1.07844D-06 -1.15496D-06  1.54671D-07 -1.23433D-06 -1.03469D-06 
-4.79219D-06 -4.63655D-06 -7.70507D-08  0.00000D+00  4.81252D-07 -3.97723D-06 
-4.21647D-06  5.99035D-07 -4.46971D-06 -4.65261D-06 -1.05837D-05 -1.00155D-05 
 4.93599D-08  0.00000D+00  1.16590D-06 -1.25537D-05 -1.32357D-05  9.43073D-07 
-1.36144D-05 -1.47041D-05 -2.45402D-05 -2.18518D-05  1.45429D-05 -2.58444D-10 
 1.17987D-06 -2.07905D-05 -2.18318D-05  6.95974D-07 -2.21448D-05 -2.20270D-05 
-4.29121D-05 -4.02885D-05  2.35623D-05 -8.18579D-08  2.91349D-07 -3.57847D-05 
-3.75310D-05 -6.26129D-07 -3.77755D-05 -3.74320D-05 -7.62423D-05 -7.83584D-05 
 1.30199D-05 -2.84742D-06 -8.34941D-06 -9.45833D-05 -9.89121D-05 -1.13146D-05 
-9.88206D-05 -1.01036D-04 -1.47945D-04 -1.63981D-04 -7.76654D-06 -2.11333D-05 
-4.28910D-05 -2.35894D-04 -2.47409D-04 -4.85527D-05 -2.45151D-04 -3.38066D-04 
-3.88445D-04 -3.36028D-04 -6.14639D-05 -9.41562D-05 -1.50418D-04 -5.69210D-04 
-5.96537D-04 -1.64539D-04 -5.81612D-04 -7.16544D-04 -1.10574D-03 -1.11298D-03 
-1.74105D-04 -3.25178D-04 -4.50193D-04 -1.31781D-03 -1.38784D-03 -4.80570D-04 
-1.33334D-03 -1.41267D-03 -1.92068D-03 -1.84592D-03 -4.67429D-04 -9.64016D-04 
-1.21276D-03 -2.95139D-03 -3.10029D-03 -1.23364D-03 -2.96403D-03 -3.10266D-03 
-3.91502D-03 -2.70843D-03 -1.25369D-03 -2.57802D-03 -3.01911D-03 -6.34782D-03 
-6.70247D-03 -3.06660D-03 -6.38290D-03 -5.99945D-03 -6.09028D-03 -6.54926D-03 
-3.07489D-03 -6.38920D-03 -7.17987D-03 -1.32399D-02 -1.40305D-02 -7.33379D-03 
-1.33640D-02 -1.39073D-02 -1.06446D-02 -1.10402D-02 -7.30899D-03 -1.48877D-02 
-1.61043D-02 -2.66978D-02 -2.85945D-02 -1.62907D-02 -2.68206D-02 -2.77150D-02 
-2.47700D-02 -4.42546D-02 -1.62417D-02 -3.28531D-02 -3.47861D-02 -5.12430D-02 
-5.54745D-02 -3.50258D-02 -5.19023D-02 -5.47278D-02 -4.30839D-02 -3.45758D-02 
-3.51370D-02 -6.87975D-02 -7.15738D-02 -9.39967D-02 -9.95053D-02 -7.19025D-02 
-9.40054D-02 -1.04039D-01 -7.44757D-02 -1.08942D-01 -7.19657D-02 -1.36553D-01 
-1.40321D-01 -1.61469D-01 -1.78155D-01 -1.40785D-01 -1.62293D-01 -1.73290D-01 
-1.15228D-01 -3.45273D-02 -1.40880D-01 -2.55564D-01 -2.60034D-01 -2.60354D-01 
-2.84080D-01 -2.60957D-01 -2.59936D-01 -2.82368D-01 -1.78812D-01 -3.29191D-01 
-2.60946D-01 -4.47391D-01 -4.52194D-01 -3.84902D-01 -4.12680D-01 -4.52901D-01 
-3.85463D-01 -4.20076D-01 -2.04796D-01  2.18063D-02 -4.53108D-01 -7.24422D-01 
-7.28800D-01 -5.26021D-01 -5.58334D-01 -7.29331D-01 -5.28857D-01 -5.58379D-01 
-1.92245D-01 -4.29899D-01 -7.29111D-01 -1.07121D+00 -1.07466D+00 -6.71641D-01 
-6.79148D-01 -1.07501D+00 -6.62380D-01 -6.74060D-01 -2.41878D-01 -9.87057D-02 
-1.07599D+00 -1.43028D+00 -1.43270D+00 -7.58317D-01 -7.33428D-01 -1.43294D+00 
-7.47433D-01 -7.36622D-01 -6.58004D-01  4.83841D-02 -1.43628D+00  0.00000D+00 
 0.00000D+00  0.00000D+00  0.00000D+00  0.00000D+00  0.00000D+00  0.00000D+00 
-1.29590D-17 -1.27263D-17 -1.77062D-14  0.00000D+00  0.00000D+00  0.00000D+00 
 0.00000D+00  0.00000D+00  0.00000D+00  0.00000D+00 -1.81983D-17 -1.72382D-17 
-1.50047D-14  0.00000D+00  0.00000D+00  0.00000D+00  0.00000D+00  0.00000D+00 
 0.00000D+00  0.00000D+00 -3.95193D-18 -2.07545D-18 -1.00844D-14  0.00000D+00 
 0.00000D+00  0.00000D+00  0.00000D+00  0.00000D+00  0.00000D+00  0.00000D+00 
 8.30891D-17  8.91104D-17  2.46034D-16  0.00000D+00  0.00000D+00  0.00000D+00 
 0.00000D+00  0.00000D+00  0.00000D+00  0.00000D+00  4.64297D-16  4.88265D-16 
 1.70026D-14  0.00000D+00  0.00000D+00  0.00000D+00  0.00000D+00  0.00000D+00 
 8.68513D-18  4.86523D-17  9.45337D-16  9.36203D-16  2.65563D-14  0.00000D+00 
 0.00000D+00  0.00000D+00  0.00000D+00  0.00000D+00  5.12394D-17  1.62211D-16 
 1.06448D-15  1.05293D-15  2.71214D-14  0.00000D+00  0.00000D+00  0.00000D+00 
 0.00000D+00  0.00000D+00  4.14046D-15  6.12636D-15  1.97921D-15  2.07694D-15 
 3.09818D-14  0.00000D+00  0.00000D+00  0.00000D+00  0.00000D+00 -4.62708D-17 
 1.09073D-13  1.09692D-13  7.69359D-15  8.15207D-15 -4.85664D-14  0.00000D+00 
 0.00000D+00  0.00000D+00  0.00000D+00 -3.26721D-16  1.25434D-13  1.25172D-13 
 8.73718D-15  9.09104D-15 -7.35163D-14  0.00000D+00  0.00000D+00  0.00000D+00 
 0.00000D+00 -1.62208D-13  3.46714D-13  3.32048D-13  2.87294D-14  2.89190D-14 
-5.02488D-13  0.00000D+00  0.00000D+00  0.00000D+00  0.00000D+00 -1.61938D-12 
 6.34560D-13  5.93664D-13  9.57149D-14  8.34638D-14 -1.93175D-12  0.00000D+00 
 0.00000D+00  0.00000D+00  0.00000D+00 -5.89905D-12  5.97134D-13  5.11529D-13 
 2.68696D-13  3.40521D-13 -3.56075D-12  0.00000D+00  0.00000D+00  0.00000D+00 
 0.00000D+00 -1.25300D-11 -9.78060D-13 -1.12469D-12  7.49985D-13  1.21572D-12 
-4.44478D-12  0.00000D+00  0.00000D+00  0.00000D+00  0.00000D+00 -1.54360D-11 
-6.99579D-12 -7.16678D-12  2.62518D-12  4.80643D-12 -3.90641D-12  0.00000D+00 
 0.00000D+00  0.00000D+00  0.00000D+00 -9.15080D-13 -2.22857D-11 -2.21499D-11 
 1.04230D-12  2.96101D-11  4.47509D-12  0.00000D+00  0.00000D+00  0.00000D+00 
 0.00000D+00  3.54138D-11 -4.78773D-11 -4.55255D-11  2.44729D-11 -1.37624D-10 
 2.05359D-11  0.00000D+00  0.00000D+00  9.03010D-16  4.70346D-15  4.61862D-11 
-6.14343D-11 -5.89908D-11 -3.33175D-11 -1.41445D-10  2.50832D-10  0.00000D+00 
 0.00000D+00  4.79280D-15  1.54610D-14  4.50981D-11 -6.28523D-11 -5.83215D-11 
 4.59420D-11 -5.38393D-10 -1.62692D-10  0.00000D+00  0.00000D+00  3.17894D-13 
 4.94196D-13  2.72559D-11 -6.34536D-11 -5.73824D-11  3.86694D-11 -9.54832D-10 
-2.27866D-10  0.00000D+00 -6.96466D-14  1.50364D-12  2.01115D-12 -3.07030D-12 
-5.47998D-11 -5.99627D-11 -2.33444D-10  5.09908D-10 -3.56762D-10  0.00000D+00 
-5.07543D-11  3.15783D-11  3.58192D-11 -2.95937D-10  3.32685D-11  9.26759D-12 
 2.31691D-10 -6.65042D-10  2.17969D-10  0.00000D+00 -8.97384D-10  2.85695D-10 
 3.02140D-10 -1.54437D-09  3.27651D-10  4.34670D-10 -2.21253D-09 -1.73646D-08 
-2.80206D-09  0.00000D+00 -4.37614D-09  1.11798D-09  1.13550D-09 -4.61063D-09 
 7.23695D-10  2.99514D-09 -2.42785D-09 -1.65108D-08 -1.48010D-08  0.00000D+00 
-1.21298D-08  2.09857D-09  1.97862D-09 -9.70880D-09 -4.53712D-10  1.07561D-08 
-2.73812D-08 -8.39482D-09 -2.38330D-08  0.00000D+00 -2.26775D-08 -2.67117D-09 
-3.63572D-09 -1.41982D-08 -1.90114D-08 -3.32152D-08 -1.18374D-07 -9.74797D-08 
 1.75542D-08  0.00000D+00 -2.64250D-08 -4.21311D-08 -4.67352D-08 -9.74680D-09 
-3.69041D-08  3.19413D-08 -4.33698D-07 -3.93291D-07 -3.51307D-08  0.00000D+00 
-1.63868D-09 -2.26040D-07 -2.44266D-07  1.84221D-08 -2.69803D-07 -2.66268D-07 
-1.01533D-06 -7.80484D-07 -1.81214D-08  0.00000D+00  6.94400D-08 -9.17201D-07 
-9.80252D-07  7.14111D-08 -1.05570D-06 -1.23468D-06 -1.02253D-06 -3.69430D-07 
 1.37770D-06 -1.37034D-11  1.03831D-07 -1.69655D-06 -1.78500D-06  8.69504D-08 
-1.84230D-06 -1.85528D-06 -4.71321D-06 -3.61943D-06  2.47196D-06 -4.07066D-09 
 9.23267D-08 -3.22962D-06 -3.39635D-06  4.04293D-08 -3.43763D-06 -2.74957D-06 
-9.96568D-06 -1.03362D-05  1.66230D-06 -2.04382D-07 -5.28196D-07 -1.02438D-05 
-1.07006D-05 -8.09115D-07 -1.08103D-05 -1.34188D-05 -1.65562D-05 -1.76329D-05 
-2.96541D-07 -1.98312D-06 -4.11664D-06 -2.98220D-05 -3.13568D-05 -4.72524D-06 
-3.16520D-05 -5.89571D-05 -6.87625D-05 -2.99535D-05 -6.80784D-06 -1.09814D-05 
-1.81371D-05 -8.41015D-05 -8.80488D-05 -2.02805D-05 -8.73662D-05 -9.63383D-05 
-2.59637D-04 -3.23802D-04 -2.18846D-05 -4.58210D-05 -6.54932D-05 -2.26326D-04 
-2.37619D-04 -7.09223D-05 -2.30013D-04 -1.63386D-04 -3.44665D-04 -3.64304D-04 
-6.81314D-05 -1.61223D-04 -2.08445D-04 -5.87695D-04 -6.12620D-04 -2.11310D-04 
-5.88946D-04 -5.91773D-04 -8.54688D-04 -2.21313D-04 -2.16680D-04 -5.05510D-04 
-6.03765D-04 -1.44716D-03 -1.52061D-03 -6.13219D-04 -1.46222D-03 -1.07325D-03 
-1.22928D-03 -1.77591D-03 -6.14592D-04 -1.45596D-03 -1.66370D-03 -3.47742D-03 
-3.61805D-03 -1.70935D-03 -3.52231D-03 -3.51478D-03 -2.15588D-03 -7.11799D-05 
-1.70035D-03 -3.91569D-03 -4.28476D-03 -8.02179D-03 -8.40467D-03 -4.34109D-03 
-8.05926D-03 -7.91797D-03 -8.53123D-03 -2.62912D-02 -4.32241D-03 -9.91660D-03 
-1.05931D-02 -1.76155D-02 -1.88162D-02 -1.06802D-02 -1.79310D-02 -1.78473D-02 
-1.29310D-02 -4.48463D-03 -1.07241D-02 -2.37117D-02 -2.48292D-02 -3.70139D-02 
-3.70275D-02 -2.49606D-02 -3.70343D-02 -4.05796D-02 -2.87467D-02 -5.87262D-02 
-2.49881D-02 -5.34913D-02 -5.52339D-02 -7.26445D-02 -7.68230D-02 -5.54496D-02 
-7.31404D-02 -7.30980D-02 -4.71130D-02  2.72378D-02 -5.54963D-02 -1.13274D-01 
-1.15639D-01 -1.33736D-01 -1.37011D-01 -1.16153D-01 -1.33934D-01 -1.34976D-01 
-1.05186D-01 -1.86306D-01 -1.16145D-01 -2.23368D-01 -2.26287D-01 -2.26505D-01 
-2.19363D-01 -2.26721D-01 -2.26495D-01 -2.25589D-01 -1.14781D-01  7.65438D-02 
-2.26861D-01 -4.05480D-01 -4.08558D-01 -3.53027D-01 -3.27672D-01 -4.08955D-01 
-3.56015D-01 -3.28915D-01 -1.34043D-01 -2.58669D-01 -4.08733D-01 -6.68826D-01 
-6.71681D-01 -5.20206D-01 -4.37759D-01 -6.71968D-01 -5.13466D-01 -4.34220D-01 
-2.21398D-01 -4.61602D-02 -6.72728D-01 -9.90706D-01 -9.93086D-01 -6.81551D-01 
-5.18286D-01 -9.93332D-01 -6.73166D-01 -5.20206D-01 -5.19165D-01  6.74014D-02 
-9.95543D-01  0.00000D+00  0.00000D+00  0.00000D+00  0.00000D+00  0.00000D+00 
 0.00000D+00  0.00000D+00 -4.67446D-20 -4.67933D-20 -8.94258D-17  0.00000D+00 
 0.00000D+00  0.00000D+00  0.00000D+00  0.00000D+00  0.00000D+00  0.00000D+00 
-1.10510D-19 -1.08688D-19 -1.04616D-16  0.00000D+00  0.00000D+00  0.00000D+00 
 0.00000D+00  0.00000D+00  0.00000D+00  0.00000D+00 -1.94376D-19 -1.89883D-19 
-1.21811D-16  0.00000D+00  0.00000D+00  0.00000D+00  0.00000D+00  0.00000D+00 
 0.00000D+00  0.00000D+00 -2.64409D-19 -2.37624D-19 -1.15997D-16  0.00000D+00 
 0.00000D+00  0.00000D+00  0.00000D+00  0.00000D+00  0.00000D+00  0.00000D+00 
 8.56121D-20  2.44208D-19 -3.91435D-17  0.00000D+00  0.00000D+00  0.00000D+00 
 0.00000D+00  0.00000D+00  1.72555D-20  1.00284D-19  1.12330D-18  9.70195D-19 
 4.48363D-17  0.00000D+00  0.00000D+00  0.00000D+00  0.00000D+00  0.00000D+00 
 1.05017D-19  3.62249D-19  1.38995D-18  1.20082D-18  6.08408D-17  0.00000D+00 
 0.00000D+00  0.00000D+00  0.00000D+00  0.00000D+00  1.26058D-17  1.96639D-17 
 3.78578D-18  4.65024D-18  1.73075D-16  0.00000D+00  0.00000D+00  0.00000D+00 
 0.00000D+00 -9.13136D-20  6.19313D-16  6.45522D-16  2.83901D-17  3.37245D-17 
 9.23406D-17  0.00000D+00  0.00000D+00  0.00000D+00  0.00000D+00 -7.14476D-19 
 7.50150D-16  7.75192D-16  3.44498D-17  3.86828D-17 -1.23093D-16  0.00000D+00 
 0.00000D+00  0.00000D+00  0.00000D+00 -8.16973D-16  3.39954D-15  3.35068D-15 
 1.72199D-16  1.75783D-16 -3.25090D-15  0.00000D+00  0.00000D+00  0.00000D+00 
 0.00000D+00 -1.52839D-14  1.07616D-14  1.04380D-14  8.08579D-16  5.79487D-16 
-2.91070D-14  0.00000D+00  0.00000D+00  0.00000D+00  0.00000D+00 -9.01929D-14 
 2.34243D-14  2.21705D-14  2.56721D-15  4.22695D-15 -8.56897D-14  0.00000D+00 
 0.00000D+00  0.00000D+00  0.00000D+00 -2.91993D-13  2.92364D-14  2.51951D-14 
 7.32334D-15  1.88323D-14 -1.06520D-13  0.00000D+00  0.00000D+00  0.00000D+00 
 0.00000D+00 -6.05474D-13 -3.06761D-14 -4.10439D-14  4.38409D-14  1.06499D-13 
-1.70040D-13  0.00000D+00  0.00000D+00  0.00000D+00  0.00000D+00 -6.92774D-13 
-3.40536D-13 -3.63433D-13 -5.82263D-15  1.14445D-12 -1.79855D-13  0.00000D+00 
 0.00000D+00  0.00000D+00  0.00000D+00  1.54090D-13 -1.22886D-12 -1.25624D-12 
 1.26650D-12 -6.68757D-12  4.10840D-13  0.00000D+00  0.00000D+00  2.59223D-18 
 1.78725D-17  1.10695D-12 -2.14727D-12 -2.15554D-12 -1.37110D-12 -5.59281D-12 
 8.67233D-12  0.00000D+00  0.00000D+00  1.81760D-17  7.38210D-17  1.19566D-12 
-2.25280D-12 -2.26796D-12  3.17250D-12 -2.78030D-11 -4.59041D-12  0.00000D+00 
 0.00000D+00  2.84022D-15  4.87059D-15  1.48618D-12 -2.87341D-12 -2.67975D-12 
 4.46265D-12 -5.10217D-11 -1.09289D-11  0.00000D+00 -2.93157D-16  1.85223D-14 
 2.63612D-14  1.33315D-12 -3.18560D-12 -3.21634D-12 -9.74759D-12  3.80103D-11 
-1.64735D-11  0.00000D+00 -8.32744D-13  6.96034D-13  8.09532D-13 -4.76033D-12 
-2.69649D-12 -3.72818D-12  2.98408D-11 -4.44347D-11  3.49776D-11  0.00000D+00 
-2.51364D-11  9.80170D-12  1.05615D-11 -4.93958D-11  3.61481D-12  1.16799D-11 
-7.85203D-11 -1.25310D-09 -1.84705D-10  0.00000D+00 -1.72810D-10  5.75431D-11 
 5.99516D-11 -2.12397D-10  2.76703D-11  1.81806D-10  7.43088D-11 -1.23461D-09 
-1.19081D-09  0.00000D+00 -6.47310D-10  2.01518D-10  2.04141D-10 -6.19157D-10 
 5.42062D-11  1.00186D-09 -1.80093D-09  2.56973D-10 -3.08735D-09  0.00000D+00 
-1.66912D-09  3.93115D-10  3.71008D-10 -1.33629D-09 -8.99577D-10 -2.01982D-09 
-9.62315D-09 -7.15389D-09  5.01160D-09  0.00000D+00 -3.10468D-09 -3.90012D-10 
-5.81657D-10 -2.06510D-09  1.12269D-09  9.25055D-09 -4.56438D-08 -3.99126D-08 
-3.05112D-09  0.00000D+00 -3.63618D-09 -8.07073D-09 -9.12223D-09 -1.69681D-09 
-1.13709D-08 -9.17895D-09 -1.27788D-07 -8.44816D-08 -1.07409D-09  0.00000D+00 
-1.80756D-10 -4.86949D-08 -5.32654D-08  1.62984D-09 -6.39339D-08 -8.70520D-08 
 1.09128D-07  1.60891D-07  2.38867D-08 -2.25079D-13  3.26929D-09 -1.05264D-07 
-1.10290D-07  4.17371D-09 -1.18632D-07 -1.21239D-07 -6.32924D-07 -3.72105D-07 
 2.34815D-07 -1.40496D-10  6.32697D-09 -2.26054D-07 -2.37335D-07  5.12419D-09 
-2.42605D-07 -8.92257D-08 -1.41811D-06 -1.47563D-06  1.83807D-07 -1.17807D-08 
-2.53797D-08 -8.90350D-07 -9.22313D-07 -4.62865D-08 -9.47599D-07 -1.57764D-06 
-1.96313D-06 -1.43114D-06  9.08704D-09 -1.55255D-07 -3.28976D-07 -3.05188D-06 
-3.20783D-06 -3.82629D-07 -3.33560D-06 -9.12159D-06 -1.40585D-05 -3.06884D-07 
-6.29176D-07 -1.08745D-06 -1.85414D-06 -1.01363D-05 -1.05614D-05 -2.12704D-06 
-1.08063D-05 -9.19602D-06 -5.25643D-05 -8.89097D-05 -2.35179D-06 -5.53639D-06 
-8.16678D-06 -3.19889D-05 -3.32152D-05 -9.00123D-06 -3.26484D-05 -2.00125D-06 
-2.40503D-05 -9.07803D-05 -8.49702D-06 -2.32619D-05 -3.09169D-05 -9.71579D-05 
-9.94948D-05 -3.11470D-05 -9.64622D-05 -8.94051D-05 -1.08183D-04  6.37896D-05 
-3.22970D-05 -8.58614D-05 -1.04523D-04 -2.73950D-04 -2.86372D-04 -1.06070D-04 
-2.79350D-04 -1.03009D-04 -1.81497D-04 -5.61895D-04 -1.06238D-04 -2.88185D-04 
-3.35112D-04 -7.64519D-04 -7.70820D-04 -3.46607D-04 -7.76240D-04 -7.23904D-04 
-5.27942D-04  1.43713D-03 -3.43938D-04 -8.96273D-04 -9.91904D-04 -2.01830D-03 
-2.03198D-03 -1.00681D-03 -2.04086D-03 -1.82503D-03 -2.00166D-03 -1.81486D-02 
-1.00046D-03 -2.60838D-03 -2.81091D-03 -5.07714D-03 -5.39780D-03 -2.83793D-03 
-5.20060D-03 -4.71175D-03 -3.94130D-03 -1.17502D-05 -2.85313D-03 -7.12678D-03 
-7.51075D-03 -1.22664D-02 -1.13095D-02 -7.55488D-03 -1.22569D-02 -1.34409D-02 
-9.03457D-03 -3.01660D-02 -7.56517D-03 -1.82751D-02 -1.89618D-02 -2.75106D-02 
-2.76975D-02 -1.90484D-02 -2.77854D-02 -2.55879D-02 -1.87952D-02  2.74479D-02 
-1.90708D-02 -4.37684D-02 -4.48337D-02 -5.76996D-02 -5.56985D-02 -4.50936D-02 
-5.76873D-02 -5.37163D-02 -3.84752D-02 -1.12027D-01 -4.50784D-02 -9.71318D-02 
-9.86302D-02 -1.11288D-01 -9.77733D-02 -9.88737D-02 -1.11527D-01 -1.02546D-01 
-6.39202D-02  6.02413D-02 -9.89572D-02 -1.97337D-01 -1.99132D-01 -1.96993D-01 
-1.63451D-01 -1.99373D-01 -1.98436D-01 -1.64890D-01 -9.78949D-02 -1.45863D-01 
-1.99159D-01 -3.61939D-01 -3.63918D-01 -3.27922D-01 -2.40082D-01 -3.64098D-01 
-3.23681D-01 -2.37658D-01 -1.53013D-01 -3.64647D-02 -3.64709D-01 -5.92136D-01 
-5.94165D-01 -4.82698D-01 -3.13408D-01 -5.94311D-01 -4.78969D-01 -3.14400D-01 
-2.29292D-01  4.16364D-02 -5.95036D-01  0.00000D+00  0.00000D+00  0.00000D+00 
 0.00000D+00  0.00000D+00  0.00000D+00  0.00000D+00 -1.26076D-22 -1.28387D-22 
-3.30045D-19  0.00000D+00  0.00000D+00  0.00000D+00  0.00000D+00  0.00000D+00 
 0.00000D+00  0.00000D+00 -4.52033D-22 -4.54423D-22 -4.74895D-19  0.00000D+00 
 0.00000D+00  0.00000D+00  0.00000D+00  0.00000D+00  0.00000D+00  0.00000D+00 
-1.30555D-21 -1.30664D-21 -7.01061D-19  0.00000D+00  0.00000D+00  0.00000D+00 
 0.00000D+00  0.00000D+00  0.00000D+00  0.00000D+00 -3.89060D-21 -3.78278D-21 
-9.59642D-19  0.00000D+00  0.00000D+00  0.00000D+00  0.00000D+00  0.00000D+00 
 0.00000D+00  0.00000D+00 -1.26963D-20 -1.18076D-20 -1.05633D-18  0.00000D+00 
 0.00000D+00  0.00000D+00  0.00000D+00  0.00000D+00  2.29890D-23  1.57462D-22 
-2.06947D-20 -2.22758D-20 -9.51236D-19  0.00000D+00  0.00000D+00  0.00000D+00 
 0.00000D+00  0.00000D+00  1.64286D-22  6.49813D-22 -2.29657D-20 -2.52539D-20 
-8.66687D-19  0.00000D+00  0.00000D+00  0.00000D+00  0.00000D+00  0.00000D+00 
 3.30557D-20  5.45107D-20 -4.24703D-20 -3.63655D-20 -4.79966D-19  0.00000D+00 
 0.00000D+00  0.00000D+00  0.00000D+00 -1.32653D-22  2.70348D-18  2.88600D-18 
-1.30662D-19 -7.58503D-20  8.97370D-19  0.00000D+00  0.00000D+00  0.00000D+00 
 0.00000D+00 -1.27879D-21  3.39248D-18  3.58985D-18 -1.33095D-19 -8.03036D-20 
 1.81975D-19  0.00000D+00  0.00000D+00  0.00000D+00  0.00000D+00 -3.27917D-18 
 2.20688D-17  2.21845D-17 -1.43768D-19 -4.46209D-21 -1.14824D-17  0.00000D+00 
 0.00000D+00  0.00000D+00  0.00000D+00 -9.76973D-17  1.01697D-16  1.00705D-16 
 1.83425D-18 -2.21434D-18 -2.52523D-16  0.00000D+00  0.00000D+00  0.00000D+00 
 0.00000D+00 -8.35893D-16  3.37565D-16  3.28331D-16  1.41430D-18  3.65767D-17 
-1.13665D-15  0.00000D+00  0.00000D+00  0.00000D+00  0.00000D+00 -3.86008D-15 
 8.51912D-16  7.95378D-16 -2.71986D-17  1.57745D-16 -1.29657D-15  0.00000D+00 
 0.00000D+00  0.00000D+00  0.00000D+00 -1.18196D-14  1.43445D-15  1.19621D-15 
 1.06850D-16  1.09352D-15 -2.52020D-15  0.00000D+00  0.00000D+00  0.00000D+00 
 0.00000D+00 -2.40901D-14 -3.32878D-16 -1.29814D-15 -3.44667D-15  3.26339D-14 
-1.25259D-15  0.00000D+00  0.00000D+00  0.00000D+00  0.00000D+00 -2.53367D-14 
-1.35433D-14 -1.76737D-14  4.43789D-14 -2.57883D-13 -1.86838D-15  0.00000D+00 
 0.00000D+00  7.20860D-21  6.12606D-20 -9.22914D-15 -3.55927D-14 -3.71797D-14 
-1.09990D-13 -1.28623D-13  1.55314D-13  0.00000D+00  0.00000D+00  6.13758D-20 
 2.95251D-19 -6.74641D-15 -3.71248D-14 -4.36507D-14  8.47298D-14 -1.11483D-12 
-9.90376D-14  0.00000D+00  0.00000D+00  1.78892D-17  3.31084D-17  7.20234D-15 
-5.91745D-14 -5.58175D-14  1.36721D-13 -2.11129D-12  1.07423D-13  0.00000D+00 
-1.06925D-18  1.51155D-16  2.27101D-16  1.54930D-14 -8.18915D-14 -6.15276D-14 
-4.65658D-13  2.05356D-12  1.04182D-13  0.00000D+00 -8.88415D-15  9.98426D-15 
 1.19157D-14 -4.34707D-14 -1.41996D-13 -1.24120D-13  2.01544D-12 -3.49078D-12 
 1.71282D-12  0.00000D+00 -4.78629D-13  2.24618D-13  2.46088D-13 -1.07499D-12 
-9.23741D-14  1.23925D-13 -3.90505D-12 -7.04457D-11 -6.52071D-12  0.00000D+00 
-4.77598D-12  1.92045D-12  2.03508D-12 -6.71402D-12  5.61684D-13  6.28450D-12 
 4.33868D-12 -9.11473D-11 -9.37810D-11  0.00000D+00 -2.41101D-11  9.95400D-12 
 1.03330D-11 -2.63253D-11  2.89234D-12  5.35318D-11 -9.18239D-11  6.97622D-11 
-3.06047D-10  0.00000D+00 -8.21037D-11  3.60998D-11  3.64939D-11 -7.55477D-11 
-4.14313D-11 -1.10871D-10 -4.89149D-10 -2.96042D-10  3.41184D-10  0.00000D+00 
-2.06869D-10  8.58374D-11  8.15762D-11 -1.62760D-10  2.40942D-10  9.21214D-10 
-3.14126D-09 -2.82225D-09  2.84151D-10  0.00000D+00 -3.78101D-10  2.14570D-11 
-2.23711D-11 -2.54789D-10 -1.87123D-10  1.25311D-10 -1.56735D-08 -1.04957D-08 
-9.61137D-11  0.00000D+00 -3.93371D-10 -1.22690D-09 -1.47965D-09 -1.91246D-10 
-2.66630D-09 -5.33236D-09  1.59283D-08  3.18800D-08  7.64270D-08 -2.54154D-15 
-2.36472D-10 -3.92057D-09 -3.96398D-09 -5.02396D-11 -5.01530D-09 -6.72437D-09 
-8.83540D-08 -5.70035D-08  6.78087D-08 -3.77549D-12  7.68231D-11 -1.01097D-08 
-1.03476D-08  1.75888D-10 -1.11493D-08  1.53824D-08 -1.68336D-07 -1.74358D-07 
 4.19597D-08 -5.54537D-10 -8.03640D-10 -5.42715D-08 -5.45037D-08 -1.97634D-09 
-5.83966D-08 -1.91945D-07 -2.37918D-07  1.08810D-07  4.12563D-09 -1.00880D-08 
-2.11213D-08 -2.24837D-07 -2.32750D-07 -2.45338D-08 -2.57252D-07 -1.29605D-06 
-2.90190D-06  2.04576D-06 -5.63986D-08 -9.00856D-08 -1.56368D-07 -8.95385D-07 
-9.16500D-07 -1.85959D-07 -1.01590D-06 -1.91540D-07 -1.43088D-05 -2.19056D-05 
-2.12831D-07 -5.62264D-07 -8.50297D-07 -3.35487D-06 -3.36829D-06 -9.64381D-07 
-3.52476D-06  5.01202D-06 -1.00535D-06 -1.75437D-05 -8.76722D-07 -2.82987D-06 
-3.86319D-06 -1.22484D-05 -1.18150D-05 -3.82626D-06 -1.21517D-05 -8.02868D-06 
-2.16257D-05  3.70176D-05 -4.05658D-06 -1.23222D-05 -1.52414D-05 -3.91144D-05 
-4.02046D-05 -1.53799D-05 -4.06620D-05  1.84908D-05 -9.87097D-06 -5.64755D-05 
-1.53522D-05 -4.82677D-05 -5.71559D-05 -1.31197D-04 -1.23496D-04 -5.98198D-05 
-1.34202D-04 -9.97618D-05 -6.77366D-06  1.61132D-04 -5.90499D-05 -1.73790D-04 
-1.94471D-04 -3.93951D-04 -3.51894D-04 -1.97398D-04 -3.93924D-04 -3.12979D-04 
-4.10962D-04 -8.11402D-03 -1.95486D-04 -5.81760D-04 -6.32709D-04 -1.15742D-03 
-1.19259D-03 -6.39776D-04 -1.18999D-03 -8.20625D-04 -6.08507D-04 -6.50033D-04 
-6.44581D-04 -1.81778D-03 -1.92841D-03 -3.22269D-03 -2.47692D-03 -1.93997D-03 
-3.23585D-03 -3.50319D-03 -1.74066D-03 -1.43390D-02 -1.94406D-03 -5.30123D-03 
-5.52846D-03 -8.42059D-03 -7.62454D-03 -5.55514D-03 -8.45294D-03 -6.43460D-03 
-3.65906D-03  1.71743D-02 -5.56274D-03 -1.43596D-02 -1.47630D-02 -2.02610D-02 
-1.68083D-02 -1.48644D-02 -2.03750D-02 -1.56462D-02 -1.15711D-02 -3.91950D-02 
-1.48670D-02 -3.58498D-02 -3.65047D-02 -4.46066D-02 -3.19679D-02 -3.66190D-02 
-4.50607D-02 -3.46319D-02 -1.62307D-02  3.85437D-02 -3.66547D-02 -8.14814D-02 
-8.23516D-02 -9.19425D-02 -5.95959D-02 -8.24913D-02 -9.17476D-02 -6.09506D-02 
-2.60273D-02 -5.91392D-02 -8.23216D-02 -1.65958D-01 -1.67046D-01 -1.71612D-01 
-9.43583D-02 -1.67133D-01 -1.70116D-01 -9.30026D-02 -5.17035D-02  5.87744D-04 
-1.67477D-01 -2.99055D-01 -3.00397D-01 -2.87060D-01 -1.34538D-01 -3.00496D-01 
-2.85853D-01 -1.34897D-01 -9.42349D-02  6.26436D-02 -2.99981D-01  0.00000D+00 
 0.00000D+00  0.00000D+00  0.00000D+00  0.00000D+00  0.00000D+00  0.00000D+00 
-1.11659D-25 -1.15583D-25 -8.39228D-22  0.00000D+00  0.00000D+00  0.00000D+00 
 0.00000D+00  0.00000D+00  0.00000D+00  0.00000D+00 -5.58802D-25 -5.66424D-25 
-1.46604D-21  0.00000D+00  0.00000D+00  0.00000D+00  0.00000D+00  0.00000D+00 
 0.00000D+00  0.00000D+00 -2.17613D-24 -2.18431D-24 -2.61685D-21  0.00000D+00 
 0.00000D+00  0.00000D+00  0.00000D+00  0.00000D+00  0.00000D+00  0.00000D+00 
-8.42522D-24 -8.42421D-24 -4.40974D-21  0.00000D+00  0.00000D+00  0.00000D+00 
 0.00000D+00  0.00000D+00  0.00000D+00  0.00000D+00 -3.49120D-23 -3.49179D-23 
-6.53658D-21  0.00000D+00  0.00000D+00  0.00000D+00  0.00000D+00  0.00000D+00 
 1.91888D-26  1.65815D-25 -6.83823D-23 -6.83675D-23 -8.35973D-21  0.00000D+00 
 0.00000D+00  0.00000D+00  0.00000D+00  0.00000D+00  1.71918D-25  8.04798D-25 
-7.73625D-23 -7.75450D-23 -7.99898D-21  0.00000D+00  0.00000D+00  0.00000D+00 
 0.00000D+00  0.00000D+00  6.25298D-23  1.09803D-22 -1.52341D-22 -1.52536D-22 
-8.60481D-21  0.00000D+00  0.00000D+00  0.00000D+00  0.00000D+00 -1.28739D-25 
 8.56190D-21  9.30898D-21 -6.92638D-22 -6.90431D-22 -1.43265D-21  0.00000D+00 
 0.00000D+00  0.00000D+00  0.00000D+00 -1.61294D-24  1.10718D-20  1.19290D-20 
-7.91829D-22 -7.84417D-22  8.55433D-22  0.00000D+00  0.00000D+00  0.00000D+00 
 0.00000D+00 -9.85512D-21  9.58926D-20  9.77820D-20 -3.05819D-21 -2.99288D-21 
-9.32510D-21  0.00000D+00  0.00000D+00  0.00000D+00  0.00000D+00 -4.37573D-19 
 5.94437D-19  5.97666D-19 -1.16272D-20 -1.19529D-20 -1.36022D-18  0.00000D+00 
 0.00000D+00  0.00000D+00  0.00000D+00 -5.23072D-18  2.59217D-18  2.54087D-18 
-4.50982D-20 -4.14918D-20 -9.02995D-18  0.00000D+00  0.00000D+00  0.00000D+00 
 0.00000D+00 -3.21287D-17  8.85667D-18  8.24616D-18 -1.72399D-19 -1.99205D-19 
-1.33337D-18  0.00000D+00  0.00000D+00  0.00000D+00  0.00000D+00 -1.32118D-16 
 2.30473D-17  1.96067D-17 -7.46072D-19 -1.05643D-18  1.07582D-17  0.00000D+00 
 0.00000D+00  0.00000D+00  0.00000D+00 -3.81645D-16  3.23132D-17  1.24081D-17 
-1.94829D-18 -1.43344D-18  5.22575D-16  0.00000D+00  0.00000D+00  0.00000D+00 
 0.00000D+00 -6.96509D-16 -8.70610D-17 -2.44499D-16  5.79300D-18 -1.53323D-18 
 9.77929D-17  0.00000D+00  0.00000D+00  1.55667D-23  1.66256D-22 -6.96252D-16 
-4.96498D-16 -4.13482D-16 -1.55133D-17  4.04440D-18 -1.92320D-15  0.00000D+00 
 0.00000D+00  1.61217D-22  9.19653D-22 -6.78032D-16 -4.73618D-16 -6.36734D-16 
 1.49274D-17  1.15903D-18  4.42498D-15  0.00000D+00  0.00000D+00  8.29219D-20 
 1.66457D-19 -5.26634D-16 -8.19595D-16 -1.01833D-15  2.25555D-17 -9.12681D-18 
-1.21680D-14  0.00000D+00 -3.06365D-21  8.83742D-19  1.39669D-18 -3.50167D-16 
-1.69239D-15 -2.83871D-16  8.74280D-17 -4.20417D-17 -6.93516D-15  0.00000D+00 
-6.66675D-17  9.61371D-17  1.17167D-16 -1.67793D-16 -4.76310D-15 -8.15752D-16 
-1.83211D-16  1.68251D-16 -4.06523D-15  0.00000D+00 -6.10901D-15  3.26812D-15 
 3.62720D-15 -1.41013D-14 -2.11380D-15 -7.33269D-15 -4.39517D-16 -3.98951D-15 
-2.19372D-13  0.00000D+00 -8.74667D-14  3.83095D-14  4.10793D-14 -1.35570D-13 
 5.26721D-15  1.16985D-13 -3.79877D-15 -1.37021D-15 -6.76819D-12  0.00000D+00 
-5.90213D-13  2.61957D-13  2.74517D-13 -7.17535D-13  6.80587D-14  2.09900D-12 
-1.19379D-13 -9.29655D-14 -2.54278D-11  0.00000D+00 -2.60283D-12  1.25454D-12 
 1.27553D-12 -2.67445D-12 -2.57261D-12 -5.24039D-12 -1.24868D-12 -1.02214D-12 
 2.31944D-11  0.00000D+00 -8.47003D-12  4.27899D-12  4.12751D-12 -7.34511D-12 
 1.90549D-11  6.59529D-11 -6.61607D-12 -5.24176D-12 -5.08515D-12  0.00000D+00 
-2.07946D-11  7.96093D-12  5.60992D-12 -1.60558D-11  5.76185D-12  2.59597D-11 
-7.19423D-12 -5.87911D-12  1.25717D-10  0.00000D+00 -3.48135D-11 -2.18606D-11 
-4.17061D-11 -2.21667D-11 -1.28004D-10 -2.71576D-10 -9.73436D-12 -3.40316D-11 
-5.05756D-09 -2.06434D-17 -3.54657D-11 -1.59733D-10 -1.43669D-10 -2.13340D-11 
-1.82869D-10 -5.91156D-10 -8.21450D-11 -6.83544D-11 -3.71951D-09 -7.18372D-14 
-2.33634D-11 -4.26746D-10 -4.36340D-10 -1.22327D-11 -4.08198D-10  2.12380D-09 
-5.29913D-10 -5.02487D-10  6.64576D-10 -1.86528D-11 -1.18975D-11 -3.24173D-09 
-3.09148D-09 -4.90127D-11 -3.15808D-09 -2.60612D-08  6.64099D-10 -2.42935D-09 
 1.17954D-10 -4.71663D-10 -9.14845D-10 -1.50625D-08 -1.58634D-08 -9.95619D-10 
-1.81680D-08 -1.13887D-07  3.80931D-08 -1.60168D-08 -3.32332D-09 -5.39452D-09 
-9.33333D-09 -7.17396D-08 -7.39184D-08 -1.21658D-08 -8.55678D-08  4.90124D-07 
 8.79546D-08 -1.45383D-08 -1.47193D-08 -4.14393D-08 -6.35774D-08 -3.08211D-07 
-3.08096D-07 -7.43107D-08 -3.18970D-07  2.96688D-06 -9.59975D-08 -1.00229D-07 
-6.50515D-08 -2.50832D-07 -3.51123D-07 -1.33856D-06 -1.26199D-06 -3.24632D-07 
-1.25717D-06 -6.84624D-07 -1.81267D-07 -2.72197D-07 -3.80277D-07 -1.29413D-06 
-1.62613D-06 -4.77292D-06 -5.05660D-06 -1.58754D-06 -5.06876D-06  1.08766D-05 
-1.14796D-06 -2.02443D-06 -1.55667D-06 -5.94572D-06 -7.14755D-06 -1.88856D-05 
-1.81806D-05 -7.79686D-06 -1.93385D-05 -8.12916D-06 -4.68214D-06  1.79616D-06 
-7.57983D-06 -2.49314D-05 -2.84147D-05 -6.42663D-05 -5.42491D-05 -2.87036D-05 
-6.45059D-05 -3.26634D-05 -1.88105D-05 -8.45012D-06 -2.82424D-05 -9.67011D-05 
-1.06002D-04 -2.12818D-04 -2.27006D-04 -1.08097D-04 -2.22579D-04 -1.26726D-04 
-2.65976D-05 -4.36812D-06 -1.09269D-04 -3.48712D-04 -3.72914D-04 -6.73172D-04 
-5.55189D-04 -3.75543D-04 -6.78087D-04 -8.17277D-04 -1.10517D-04 -1.25723D-04 
-3.76270D-04 -1.16959D-03 -1.22723D-03 -1.99569D-03 -1.85843D-03 -1.23582D-03 
-2.01705D-03 -1.46360D-03 -2.75976D-04 -5.19379D-05 -1.23961D-03 -3.63113D-03 
-3.75173D-03 -5.41706D-03 -4.75001D-03 -3.79923D-03 -5.42629D-03 -3.98264D-03 
-8.44562D-04 -1.89856D-03 -3.79401D-03 -1.03561D-02 -1.05979D-02 -1.33455D-02 
-9.02494D-03 -1.06453D-02 -1.34904D-02 -1.05745D-02 -1.66755D-03 -1.15050D-04 
-1.06833D-02 -2.68103D-02 -2.72132D-02 -3.02064D-02 -2.02813D-02 -2.73161D-02 
-3.05280D-02 -2.08376D-02 -3.86580D-03 -4.55446D-03 -2.71047D-02 -6.19451D-02 
-6.25615D-02 -6.37689D-02 -3.59798D-02 -6.25979D-02 -6.26720D-02 -3.54000D-02 
-7.21756D-03 -2.83274D-03 -6.28956D-02 -1.25621D-01 -1.26687D-01 -1.16483D-01 
-5.66237D-02 -1.26713D-01 -1.15714D-01 -5.68534D-02 -5.00181D-03 -2.95140D-03 
-1.24533D-01 
