  10.000     0.000            4        48        13                             
  8.58218D-01  4.32380D-02  2.00798D-02  1.99624D-02  2.40000D-02  3.10000D-02  
 4.50000D-02  9.80000D-02  1.50000D-01  2.10000D-01  2.20000D-01  2.55000D-01   
 2.85000D-01  3.20000D-01  4.00000D-01  5.00000D-01  8.70000D-01  1.10000D+00   
 1.68000D+00  1.73000D+00  1.91000D+00  2.40000D+00  3.20000D+00  4.50000D+00   
 6.50000D+00  8.00000D+00  1.00000D+01  1.25000D+01  1.43000D+01  1.60000D+01   
 2.00000D+01  2.50000D+01  3.00000D+01  3.46000D+01  4.00000D+01  4.50000D+01   
 5.00000D+01  6.00000D+01  7.50000D+01  9.00000D+01  1.00000D+02  1.20000D+02   
 1.50000D+02  1.75000D+02  2.00000D+02  2.40000D+02  2.80000D+02  3.30000D+02   
 3.90000D+02  4.40000D+02  4.95000D+02  5.00000D+02  0.00000D+00  0.00000D+00   
 3.54817D+01  7.21019D+01  0.00000D+00  0.00000D+00  8.93051D+01  1.80033D+02   
 0.00000D+00  2.79227D+01  2.60697D+02  5.22365D+02  0.00000D+00  5.26187D+02   
 1.10844D+03  2.20598D+03  0.00000D+00  1.27630D+03  1.56809D+03  3.11547D+03   
 0.00000D+00  2.17803D+03  1.85994D+03  3.69125D+03  0.00000D+00  2.32839D+03   
 1.89386D+03  3.75798D+03  0.00000D+00  2.85398D+03  1.98518D+03  3.93726D+03   
 0.00000D+00  3.30058D+03  2.03523D+03  4.03506D+03  0.00000D+00  3.81036D+03   
 2.07059D+03  4.10362D+03  0.00000D+00  4.90166D+03  2.10347D+03  4.16582D+03   
 0.00000D+00  6.12526D+03  2.10382D+03  4.16354D+03  1.94895D+05  9.69802D+03   
 1.90679D+03  3.76552D+03  2.43327D+05  1.12797D+04  1.75823D+03  3.46834D+03   
 2.95959D+05  1.40810D+04  1.46545D+03  2.88501D+03  2.99022D+05  1.42691D+04   
 1.44371D+03  2.84175D+03  3.09218D+05  1.48857D+04  1.36934D+03  2.69389D+03   
 3.29256D+05  1.62083D+04  1.19783D+03  2.35332D+03  3.48651D+05  1.76711D+04   
 9.94515D+02  1.94985D+03  3.62970D+05  1.89851D+04  7.68663D+02  1.50341D+03   
 3.68295D+05  1.98200D+04  5.60825D+02  1.09268D+03  3.67034D+05  2.00096D+04   
 4.62715D+02  8.98946D+02  3.62656D+05  1.99938D+04  3.72935D+02  7.21987D+02   
 3.55518D+05  1.97884D+04  2.98624D+02  5.75445D+02  3.50011D+05  1.95790D+04   
 2.60610D+02  5.00654D+02  3.44771D+05  1.93615D+04  2.32218D+02  4.45020D+02   
 3.32818D+05  1.88282D+04  1.83982D+02  3.51360D+02  3.19169D+05  1.81826D+04   
 1.45351D+02  2.76505D+02  3.07144D+05  1.75813D+04  1.19700D+02  2.26736D+02   
 2.97404D+05  1.70739D+04  1.02842D+02  1.93517D+02  2.87350D+05  1.65319D+04   
 8.82702D+01  1.64210D+02  2.79144D+05  1.60796D+04  7.80587D+01  1.43885D+02   
 2.71804D+05  1.56726D+04  6.99248D+01  1.28732D+02  2.59165D+05  1.49747D+04   
 5.79734D+01  1.06522D+02  2.44009D+05  1.41419D+04  4.63023D+01  8.37915D+01   
 2.32163D+05  1.34835D+04  3.87659D+01  6.87666D+01  2.25632D+05  1.31184D+04   
 3.50287D+01  6.12924D+01  2.14996D+05  1.25216D+04  2.95348D+01  5.16538D+01   
 2.03485D+05  1.18633D+04  2.44281D+01  4.38015D+01  1.96726D+05  1.14747D+04   
 2.17375D+01  3.90464D+01  1.91816D+05  1.11912D+04  1.97374D+01  3.38319D+01   
 1.86773D+05  1.09024D+04  1.78273D+01  2.86220D+01  1.84268D+05  1.07621D+04   
 1.62424D+01  2.69351D+01  1.83743D+05  1.07367D+04  1.51311D+01  2.58527D+01   
 1.85926D+05  1.08684D+04  1.39612D+01  2.58080D+01  1.89518D+05  1.10800D+04   
 1.33253D+01  2.39250D+01  1.94914D+05  1.13976D+04  1.26226D+01  2.20174D+01   
 1.95457D+05  1.14300D+04  1.25069D+01  2.20139D+01  0.00000D+00  0.00000D+00   
 1.00000D+00  1.00000D+00  0.00000D+00  0.00000D+00  1.00000D+00  1.00000D+00   
 0.00000D+00  1.00000D+00  1.00000D+00  1.00000D+00  0.00000D+00  1.00000D+00   
 1.00000D+00  1.00000D+00  0.00000D+00  1.00000D+00  1.00000D+00  1.00000D+00   
 0.00000D+00  1.00000D+00  1.00000D+00  1.00000D+00  0.00000D+00  1.00000D+00   
 1.00000D+00  1.00000D+00  0.00000D+00  1.00000D+00  1.00000D+00  1.00000D+00   
 0.00000D+00  1.00000D+00  1.00000D+00  1.00000D+00  0.00000D+00  1.00000D+00   
 1.00000D+00  1.00000D+00  0.00000D+00  1.00000D+00  1.00000D+00  1.00000D+00   
 0.00000D+00  1.00000D+00  1.00000D+00  1.00000D+00  1.00000D+00  1.00000D+00   
 1.00000D+00  1.00000D+00  1.00000D+00  1.00000D+00  1.00000D+00  1.00000D+00   
 1.00000D+00  1.00000D+00  1.00000D+00  1.00000D+00  1.00000D+00  1.00000D+00   
 1.00000D+00  1.00000D+00  1.00000D+00  1.00000D+00  1.00000D+00  1.00000D+00   
 1.00000D+00  1.00000D+00  1.00000D+00  1.00000D+00  1.00000D+00  1.00000D+00   
 1.00000D+00  1.00000D+00  1.00000D+00  1.00000D+00  1.00000D+00  1.00000D+00   
 1.00000D+00  1.00000D+00  1.00000D+00  1.00000D+00  1.00000D+00  1.00000D+00   
 1.00000D+00  1.00000D+00  1.00000D+00  1.00000D+00  1.00000D+00  1.00000D+00   
 1.00000D+00  1.00000D+00  1.00000D+00  1.00000D+00  1.00000D+00  1.00000D+00   
 1.00000D+00  1.00000D+00  1.00000D+00  1.00000D+00  1.00000D+00  1.00000D+00   
 1.00000D+00  1.00000D+00  1.00000D+00  1.00000D+00  1.00000D+00  1.00000D+00   
 1.00000D+00  1.00000D+00  1.00000D+00  1.00000D+00  1.00000D+00  1.00000D+00   
 1.00000D+00  1.00000D+00  1.00000D+00  1.00000D+00  1.00000D+00  1.00000D+00   
 1.00000D+00  1.00000D+00  1.00000D+00  1.00000D+00  1.00000D+00  1.00000D+00   
 1.00000D+00  1.00000D+00  1.00000D+00  1.00000D+00  1.00000D+00  1.00000D+00   
 1.00000D+00  1.00000D+00  1.00000D+00  1.00000D+00  1.00000D+00  1.00000D+00   
 1.00000D+00  1.00000D+00  1.00000D+00  1.00000D+00  1.00000D+00  1.00000D+00   
 1.00000D+00  1.00000D+00  1.00000D+00  1.00000D+00  1.00000D+00  1.00000D+00   
 1.00000D+00  1.00000D+00  1.00000D+00  1.00000D+00  1.00000D+00  1.00000D+00   
 1.00000D+00  1.00000D+00  1.00000D+00  1.00000D+00  1.00000D+00  1.00000D+00   
 1.00000D+00  1.00000D+00  1.00000D+00  1.00000D+00  1.00000D+00  1.00000D+00   
 1.00000D+00  1.00000D+00  1.00000D+00  1.00000D+00  1.00000D+00  1.00000D+00   
 1.00000D+00  1.00000D+00  1.00000D+00  1.00000D+00  1.00000D+00  1.00000D+00   
 1.00000D+00  1.00000D+00  1.00000D+00  1.00000D+00  1.00000D+00  1.00000D+00   
 1.00000D+00  1.00000D+00  1.00000D+00  1.00000D+00  0.00000D+00  0.00000D+00   
 5.20530D-03  5.27231D-03  0.00000D+00  0.00000D+00  7.74436D-03  7.79657D-03   
 0.00000D+00  3.46639D-02  1.11214D-02  1.11606D-02  0.00000D+00  1.25247D-02   
 2.10773D-02  2.11212D-02  0.00000D+00 -5.15619D-03  3.30833D-02  3.31391D-02   
 0.00000D+00 -6.33591D-03  4.62615D-02  4.63242D-02  0.00000D+00 -5.76885D-03   
 4.82580D-02  4.83216D-02  0.00000D+00 -2.88290D-03  5.49320D-02  5.49980D-02   
 0.00000D+00  3.27890D-04  6.03934D-02  6.04609D-02  0.00000D+00  4.51135D-03   
 6.65582D-02  6.66261D-02  0.00000D+00  1.45478D-02  7.97058D-02  7.97695D-02   
 0.00000D+00  2.68787D-02  9.40848D-02  9.41405D-02 -5.97481D-03  6.75403D-02   
 1.38580D-01  1.38620D-01  3.24892D-02  8.94260D-02  1.60030D-01  1.60024D-01   
 1.01093D-01  1.33656D-01  2.05030D-01  2.04928D-01  1.05587D-01  1.37051D-01   
 2.08700D-01  2.08594D-01  1.20632D-01  1.49017D-01  2.21336D-01  2.21203D-01   
 1.55871D-01  1.78646D-01  2.51106D-01  2.50876D-01  2.02453D-01  2.19033D-01   
 2.95915D-01  2.95490D-01  2.62679D-01  2.74875D-01  3.56410D-01  3.55355D-01   
 3.35707D-01  3.44798D-01  4.33845D-01  4.31942D-01  3.81487D-01  3.90065D-01   
 4.84417D-01  4.81337D-01  4.35009D-01  4.42248D-01  5.41349D-01  5.37480D-01   
 4.93678D-01  5.00427D-01  6.03640D-01  5.99938D-01  5.31885D-01  5.37910D-01   
 6.46614D-01  6.41511D-01  5.65581D-01  5.71194D-01  6.83488D-01  6.77614D-01   
 6.37650D-01  6.41683D-01  7.61488D-01  7.53954D-01  7.16806D-01  7.19992D-01   
 8.47969D-01  8.35579D-01  7.86870D-01  7.89768D-01  9.22696D-01  9.07474D-01   
 8.45228D-01  8.48707D-01  9.84195D-01  9.70922D-01  9.07937D-01  9.12205D-01   
 1.05224D+00  1.04648D+00  9.61570D-01  9.66279D-01  1.11386D+00  1.10745D+00   
 1.01180D+00  1.01593D+00  1.17253D+00  1.14747D+00  1.10411D+00  1.10574D+00   
 1.27825D+00  1.23202D+00  1.22575D+00  1.22557D+00  1.40891D+00  1.36502D+00   
 1.33096D+00  1.33211D+00  1.51089D+00  1.46233D+00  1.39404D+00  1.39572D+00   
 1.57394D+00  1.50773D+00  1.50746D+00  1.50915D+00  1.68935D+00  1.61113D+00   
 1.65099D+00  1.65284D+00  1.80838D+00  1.78028D+00  1.75245D+00  1.75320D+00   
 1.91303D+00  1.89085D+00  1.83982D+00  1.84056D+00  1.98931D+00  1.90379D+00   
 1.95721D+00  1.95740D+00  2.09075D+00  1.95290D+00  2.05177D+00  2.05197D+00   
 2.16570D+00  2.05268D+00  2.14434D+00  2.14480D+00  2.23779D+00  2.14950D+00   
 2.22619D+00  2.22657D+00  2.28674D+00  2.24268D+00  2.27573D+00  2.27597D+00   
 2.31027D+00  2.25416D+00  2.31469D+00  2.31508D+00  2.32346D+00  2.24733D+00   
 2.31755D+00  2.31793D+00  2.32151D+00  2.25416D+00  0.00000D+00  0.00000D+00   
 1.25569D-03 -7.22847D-03  0.00000D+00  0.00000D+00 -3.02946D-01 -3.06421D-01   
 0.00000D+00 -9.99567D-01 -5.30430D-01 -5.31602D-01  0.00000D+00 -9.99108D-01   
-7.20919D-01 -7.21673D-01  0.00000D+00 -9.99449D-01 -7.44774D-01 -7.45756D-01   
 0.00000D+00 -9.99814D-01 -7.31393D-01 -7.32561D-01  0.00000D+00 -9.99862D-01   
-7.27471D-01 -7.28662D-01  0.00000D+00 -9.99993D-01 -7.12063D-01 -7.13323D-01   
 0.00000D+00 -1.00006D+00 -6.97779D-01 -6.99086D-01  0.00000D+00 -1.00010D+00   
-6.80785D-01 -6.82135D-01  0.00000D+00 -1.00003D+00 -6.42632D-01 -6.44054D-01   
 0.00000D+00 -9.99724D-01 -5.97545D-01 -5.99025D-01 -1.00001D+00 -9.97382D-01   
-4.64676D-01 -4.66284D-01 -9.99046D-01 -9.95287D-01 -4.04152D-01 -4.05873D-01   
-9.93489D-01 -9.89282D-01 -3.00366D-01 -3.02614D-01 -9.92938D-01 -9.88744D-01   
-2.93315D-01 -2.95617D-01 -9.90922D-01 -9.86748D-01 -2.69802D-01 -2.72318D-01   
-9.85160D-01 -9.80907D-01 -2.18980D-01 -2.22162D-01 -9.75299D-01 -9.71348D-01   
-1.60014D-01 -1.64281D-01 -9.58713D-01 -9.54864D-01 -9.11417D-02 -9.73489D-02   
-9.32728D-01 -9.29058D-01 -1.34784D-02 -2.17330D-02 -9.13164D-01 -9.09683D-01   
 3.36695D-02  2.42460D-02 -8.87126D-01 -8.83393D-01  8.44906D-02  7.24926D-02   
-8.54698D-01 -8.50618D-01  1.38128D-01  1.23861D-01 -8.31405D-01 -8.27765D-01   
 1.74359D-01  1.56581D-01 -8.09429D-01 -8.05624D-01  2.07892D-01  1.84378D-01   
-7.57828D-01 -7.54517D-01  2.78163D-01  2.46327D-01 -6.93782D-01 -6.90785D-01   
 3.64335D-01  3.19339D-01 -6.30632D-01 -6.28256D-01  4.43894D-01  3.91033D-01   
-5.73458D-01 -5.70804D-01  5.10926D-01  4.54045D-01 -5.07437D-01 -5.03943D-01   
 5.88226D-01  5.25040D-01 -4.47295D-01 -4.42458D-01  6.60861D-01  5.92197D-01   
-3.87993D-01 -3.82252D-01  7.29004D-01  6.64170D-01 -2.71270D-01 -2.66497D-01   
 8.72177D-01  7.62178D-01 -1.00317D-01 -1.00876D-01  1.07826D+00  9.55694D-01   
 6.37126D-02  6.24985D-02  1.25934D+00  1.07198D+00  1.68465D-01  1.69266D-01   
 1.36048D+00  1.13352D+00  3.68277D-01  3.72366D-01  1.54263D+00  1.29530D+00   
 6.47541D-01  6.51475D-01  1.77547D+00  1.62884D+00  8.61465D-01  8.64116D-01   
 1.96789D+00  1.81461D+00  1.05847D+00  1.05986D+00  2.10881D+00  1.83413D+00   
 1.34121D+00  1.34151D+00  2.35613D+00  1.87233D+00  1.58593D+00  1.58646D+00   
 2.51199D+00  2.08124D+00  1.84419D+00  1.84494D+00  2.68745D+00  2.30459D+00   
 2.09312D+00  2.09378D+00  2.81320D+00  2.55512D+00  2.25751D+00  2.25810D+00   
 2.89536D+00  2.56001D+00  2.40120D+00  2.40149D+00  2.95074D+00  2.51124D+00   
 2.41252D+00  2.41287D+00  2.94831D+00  2.52263D+00  0.00000D+00  0.00000D+00   
 3.51991D-03  3.46362D-03  0.00000D+00  0.00000D+00  1.13232D-03  1.07989D-03   
 0.00000D+00 -3.46628D-02 -2.35648D-03 -2.39029D-03  0.00000D+00 -1.25109D-02   
-1.13696D-02 -1.14039D-02  0.00000D+00  5.17155D-03 -2.12552D-02 -2.13104D-02   
 0.00000D+00  6.34795D-03 -3.17080D-02 -3.17875D-02  0.00000D+00  5.77994D-03   
-3.32557D-02 -3.33391D-02  0.00000D+00  2.89018D-03 -3.83348D-02 -3.84314D-02   
 0.00000D+00 -3.24085D-04 -4.23556D-02 -4.24627D-02  0.00000D+00 -4.51135D-03   
-4.67160D-02 -4.68348D-02  0.00000D+00 -1.45540D-02 -5.53360D-02 -5.54776D-02   
 0.00000D+00 -2.68857D-02 -6.38672D-02 -6.40349D-02  5.97474D-03 -6.74737D-02   
-8.56917D-02 -8.59471D-02 -3.24656D-02 -8.92473D-02 -9.26992D-02 -9.29833D-02   
-1.00756D-01 -1.32988D-01 -1.05050D-01 -1.05436D-01 -1.05208D-01 -1.36330D-01   
-1.06034D-01 -1.06433D-01 -1.20086D-01 -1.48101D-01 -1.09077D-01 -1.09520D-01   
-1.54754D-01 -1.77076D-01 -1.14103D-01 -1.14709D-01 -2.00090D-01 -2.16092D-01   
-1.23906D-01 -1.24915D-01 -2.57614D-01 -2.69098D-01 -1.32610D-01 -1.34411D-01   
-3.25211D-01 -3.33418D-01 -1.40578D-01 -1.43913D-01 -3.66103D-01 -3.73941D-01   
-1.44219D-01 -1.48403D-01 -4.12211D-01 -4.18130D-01 -1.44371D-01 -1.49521D-01   
-4.60387D-01 -4.66024D-01 -1.39221D-01 -1.45966D-01 -4.90291D-01 -4.94535D-01   
-1.36997D-01 -1.43482D-01 -5.15615D-01 -5.20411D-01 -1.31100D-01 -1.40220D-01   
-5.66131D-01 -5.68634D-01 -1.17164D-01 -1.32835D-01 -6.15113D-01 -6.16561D-01   
-9.35187D-02 -1.20033D-01 -6.52027D-01 -6.53865D-01 -6.09913D-02 -1.01211D-01   
-6.77735D-01 -6.79559D-01 -3.09203D-02 -7.71235D-02 -6.99875D-01 -7.02888D-01   
 8.87749D-03 -3.95539D-02 -7.14047D-01 -7.16384D-01  5.23696D-02 -3.87547D-03   
-7.23222D-01 -7.24270D-01  9.51881D-02  2.81064D-02 -7.29248D-01 -7.25956D-01   
 1.86625D-01  1.27408D-01 -7.11809D-01 -7.09392D-01  3.51728D-01  2.03419D-01   
-6.68699D-01 -6.72577D-01  5.26762D-01  3.72793D-01 -6.29930D-01 -6.35031D-01   
 6.40586D-01  3.51281D-01 -5.36994D-01 -5.35818D-01  8.34071D-01  5.07229D-01   
-3.68162D-01 -3.63049D-01  1.06827D+00  8.97233D-01 -2.07932D-01 -2.05004D-01   
 1.28405D+00  1.17786D+00 -4.07054D-02 -3.89485D-02  1.48468D+00  1.09648D+00   
 2.31306D-01  2.31029D-01  1.79438D+00  1.05442D+00  4.94456D-01  4.94861D-01   
 2.01647D+00  1.34682D+00  7.99558D-01  8.00662D-01  2.29293D+00  1.68321D+00   
 1.12083D+00  1.12197D+00  2.49391D+00  2.08998D+00  1.34876D+00  1.34957D+00   
 2.62255D+00  2.06285D+00  1.55959D+00  1.56079D+00  2.72462D+00  1.91607D+00   
 1.57640D+00  1.57787D+00  2.70256D+00  1.94865D+00  0.00000D+00  0.00000D+00   
 3.08498D-05  3.07682D-05  0.00000D+00  0.00000D+00  2.79650D-05  2.75470D-05   
 0.00000D+00 -3.47325D-04  4.57705D-06  4.05180D-06  0.00000D+00 -8.81987D-04   
-1.25639D-04 -1.26598D-04  0.00000D+00 -5.45031D-04 -3.75307D-04 -3.77258D-04   
 0.00000D+00 -1.81041D-04 -8.06620D-04 -8.10165D-04  0.00000D+00 -1.33255D-04   
-8.88790D-04 -8.92673D-04  0.00000D+00 -1.64983D-06 -1.19312D-03 -1.19811D-03   
 0.00000D+00  6.76570D-05 -1.47073D-03 -1.47683D-03  0.00000D+00  1.03025D-04   
-1.80839D-03 -1.81568D-03  0.00000D+00  3.48394D-05 -2.60596D-03 -2.61611D-03   
 0.00000D+00 -2.71829D-04 -3.61149D-03 -3.62475D-03  8.68869D-06 -2.61232D-03   
-7.66283D-03 -7.69436D-03 -9.48759D-04 -4.70193D-03 -1.01066D-02 -1.01479D-02   
-6.49030D-03 -1.06760D-02 -1.53646D-02 -1.54311D-02 -7.03867D-03 -1.12097D-02   
-1.58644D-02 -1.59338D-02 -9.04382D-03 -1.31898D-02 -1.77136D-02 -1.77948D-02   
-1.47606D-02 -1.89752D-02 -2.21671D-02 -2.22770D-02 -2.44975D-02 -2.83798D-02   
-2.88992D-02 -2.91006D-02 -4.07406D-02 -4.44970D-02 -3.97679D-02 -4.01489D-02   
-6.58486D-02 -6.93900D-02 -5.61499D-02 -5.70739D-02 -8.44763D-02 -8.77795D-02   
-6.92535D-02 -7.06758D-02 -1.08896D-01 -1.12300D-01 -8.11541D-02 -8.32818D-02   
-1.38720D-01 -1.42676D-01 -9.43225D-02 -9.79014D-02 -1.59744D-01 -1.62758D-01   
-1.06914D-01 -1.09591D-01 -1.79276D-01 -1.82621D-01 -1.14722D-01 -1.17344D-01   
-2.23982D-01 -2.25848D-01 -1.30558D-01 -1.37485D-01 -2.77173D-01 -2.79222D-01   
-1.52262D-01 -1.60903D-01 -3.27060D-01 -3.29381D-01 -1.63458D-01 -1.82755D-01   
-3.70021D-01 -3.71593D-01 -1.74761D-01 -2.02313D-01 -4.17045D-01 -4.20189D-01   
-1.81652D-01 -2.17424D-01 -4.57462D-01 -4.61374D-01 -1.76373D-01 -2.18952D-01   
-4.95057D-01 -4.99940D-01 -1.79353D-01 -2.08157D-01 -5.62857D-01 -5.65023D-01   
-1.63982D-01 -2.26150D-01 -6.47808D-01 -6.43857D-01 -1.22437D-01 -1.71922D-01   
-7.10892D-01 -7.09530D-01 -4.92172D-02 -1.70658D-01 -7.41104D-01 -7.45474D-01   
 7.85439D-03 -2.14932D-01 -7.78403D-01 -7.85073D-01  1.38286D-01 -2.05524D-01   
-7.94011D-01 -7.89192D-01  2.45672D-01  1.58640D-01 -7.67842D-01 -7.65559D-01   
 4.39363D-01  3.76281D-01 -7.18973D-01 -7.16176D-01  5.07113D-01  2.12623D-01   
-5.99236D-01 -6.00178D-01  8.41800D-01  2.54383D-02 -4.52362D-01 -4.52275D-01   
 1.05688D+00  3.18451D-01 -2.50312D-01 -2.49289D-01  1.37195D+00  6.99008D-01   
-4.34378D-03 -3.17814D-03  1.62736D+00  1.24697D+00  1.90934D-01  1.91741D-01   
 1.81888D+00  1.17682D+00  3.87378D-01  3.88684D-01  1.99588D+00  9.34038D-01   
 4.03694D-01  4.05318D-01  1.96304D+00  9.69986D-01  0.00000D+00  0.00000D+00   
 1.37148D-07  1.39005D-07  0.00000D+00  0.00000D+00  2.26355D-07  2.25086D-07   
 0.00000D+00 -1.00472D-06  1.72943D-07  1.68683D-07  0.00000D+00 -1.38096D-05   
-1.26007D-06 -1.27582D-06  0.00000D+00 -1.54007D-05 -5.67966D-06 -5.72257D-06   
 0.00000D+00 -1.20918D-05 -1.64285D-05 -1.65288D-05  0.00000D+00 -1.11422D-05   
-1.88752D-05 -1.89857D-05  0.00000D+00 -7.33786D-06 -2.89774D-05 -2.91444D-05   
 0.00000D+00 -3.86831D-06 -3.95324D-05 -3.97567D-05  0.00000D+00 -6.46739D-08   
-5.39491D-05 -5.42291D-05  0.00000D+00  6.10263D-06 -9.41279D-05 -9.46269D-05   
 0.00000D+00  6.90163D-06 -1.55124D-04 -1.55837D-04  1.38738D-08 -6.68179D-05   
-4.88252D-04 -4.90982D-04 -2.37745D-05 -1.78812D-04 -7.79908D-04 -7.84490D-04   
-3.36852D-04 -6.67145D-04 -1.56488D-03 -1.57333D-03 -3.78492D-04 -7.18786D-04   
-1.64077D-03 -1.64934D-03 -5.44148D-04 -9.13586D-04 -1.94563D-03 -1.95624D-03   
-1.11262D-03 -1.56407D-03 -2.93320D-03 -2.94968D-03 -2.34978D-03 -2.92129D-03   
-4.39506D-03 -4.42782D-03 -5.01399D-03 -5.71856D-03 -7.83408D-03 -7.90351D-03   
-1.03264D-02 -1.12000D-02 -1.41570D-02 -1.43558D-02 -1.50645D-02 -1.57494D-02   
-1.90860D-02 -1.94444D-02 -2.21806D-02 -2.34769D-02 -2.53545D-02 -2.59980D-02   
-3.21315D-02 -3.31764D-02 -3.53140D-02 -3.63062D-02 -3.99152D-02 -4.17415D-02   
-4.30407D-02 -4.42621D-02 -4.76885D-02 -4.79807D-02 -4.94151D-02 -5.08006D-02   
-6.73907D-02 -6.81088D-02 -6.66880D-02 -6.83554D-02 -9.42955D-02 -9.57359D-02   
-8.84359D-02 -9.11083D-02 -1.23018D-01 -1.23975D-01 -1.10771D-01 -1.15492D-01   
-1.50517D-01 -1.51603D-01 -1.30663D-01 -1.41229D-01 -1.83689D-01 -1.84787D-01   
-1.55454D-01 -1.73611D-01 -2.14978D-01 -2.16948D-01 -1.71837D-01 -2.01660D-01   
-2.46553D-01 -2.49285D-01 -1.88707D-01 -2.20348D-01 -3.09862D-01 -3.13501D-01   
-2.28332D-01 -2.30708D-01 -4.04866D-01 -4.05177D-01 -2.65446D-01 -2.99531D-01   
-4.97086D-01 -4.92140D-01 -2.87430D-01 -3.31248D-01 -5.54781D-01 -5.51901D-01   
-2.92788D-01 -4.89159D-01 -6.57633D-01 -6.65168D-01 -2.83496D-01 -5.35601D-01   
-7.87579D-01 -7.89027D-01 -2.55419D-01 -3.15820D-01 -8.74344D-01 -8.71470D-01   
-2.66421D-01 -1.30065D-01 -9.37748D-01 -9.36630D-01 -1.87410D-01 -3.84012D-01   
-9.96359D-01 -9.97120D-01 -3.16413D-02 -7.71892D-01 -1.01521D+00 -1.01490D+00   
 8.39434D-02 -5.60001D-01 -9.94733D-01 -9.93982D-01  3.71964D-01 -1.96716D-01   
-9.27071D-01 -9.25983D-01  5.95141D-01  3.81195D-01 -8.48376D-01 -8.47470D-01   
 7.80489D-01  2.70222D-01 -7.49235D-01 -7.47759D-01  9.71064D-01 -7.51266D-02   
-7.40608D-01 -7.38642D-01  9.03668D-01 -1.23417D-02  0.00000D+00  0.00000D+00   
 4.72064D-10  4.86975D-10  0.00000D+00  0.00000D+00  1.39759D-09  1.40052D-09   
 0.00000D+00 -1.98507D-09  2.06735D-09  2.04192D-09  0.00000D+00 -1.77985D-07   
-1.09548D-08 -1.11788D-08  0.00000D+00 -3.16361D-07 -7.69118D-08 -7.76011D-08   
 0.00000D+00 -3.91182D-07 -2.93574D-07 -2.96123D-07  0.00000D+00 -3.91124D-07   
-3.50364D-07 -3.52997D-07  0.00000D+00 -3.62220D-07 -6.07456D-07 -6.12435D-07   
 0.00000D+00 -3.05468D-07 -9.08991D-07 -9.14178D-07  0.00000D+00 -2.10120D-07   
-1.36767D-06 -1.37740D-06  0.00000D+00  7.24347D-08 -2.87740D-06 -2.88909D-06   
 0.00000D+00  4.06002D-07 -5.65449D-06 -5.70675D-06 -1.01761D-11 -8.06531D-07   
-2.56262D-05 -2.56390D-05 -5.42960D-07 -4.97157D-06 -4.84878D-05 -4.91999D-05   
-1.53830D-05 -3.50539D-05 -1.31802D-04 -1.33195D-04 -1.78835D-05 -3.91712D-05   
-1.40275D-04 -1.41182D-04 -2.86461D-05 -5.44550D-05 -1.72402D-04 -1.73002D-04   
-7.29195D-05 -1.09413D-04 -3.02454D-04 -3.04017D-04 -1.95012D-04 -2.60956D-04   
-5.45915D-04 -5.49816D-04 -5.31891D-04 -6.21741D-04 -1.24891D-03 -1.26053D-03   
-1.39250D-03 -1.51829D-03 -2.81024D-03 -2.84712D-03 -2.30865D-03 -2.47429D-03   
-3.64622D-03 -3.71451D-03 -3.88209D-03 -4.20640D-03 -6.11098D-03 -6.24510D-03   
-6.39626D-03 -6.50176D-03 -1.05163D-02 -1.05573D-02 -8.57221D-03 -9.21759D-03   
-1.17435D-02 -1.24000D-02 -1.09024D-02 -1.12262D-02 -1.60656D-02 -1.62317D-02   
-1.74146D-02 -1.86499D-02 -2.26499D-02 -2.39403D-02 -2.75168D-02 -2.83779D-02   
-3.41933D-02 -3.55987D-02 -3.96554D-02 -3.96504D-02 -4.97781D-02 -4.88047D-02   
-5.24507D-02 -5.33431D-02 -6.04675D-02 -6.51202D-02 -6.92622D-02 -6.95413D-02   
-8.20557D-02 -8.58981D-02 -8.64137D-02 -8.72247D-02 -9.38131D-02 -1.07547D-01   
-1.04970D-01 -1.05712D-01 -1.11033D-01 -1.30230D-01 -1.45693D-01 -1.47831D-01   
-1.41086D-01 -1.58840D-01 -2.14412D-01 -2.17011D-01 -1.95970D-01 -2.18459D-01   
-2.91305D-01 -2.90074D-01 -2.50782D-01 -2.04330D-01 -3.45628D-01 -3.41983D-01   
-2.78802D-01 -3.45029D-01 -4.57280D-01 -4.57571D-01 -3.20877D-01 -5.41757D-01   
-6.22458D-01 -6.28471D-01 -3.56590D-01 -4.05843D-01 -7.61372D-01 -7.61556D-01   
-3.80225D-01 -2.25426D-01 -8.88628D-01 -8.90584D-01 -4.80753D-01 -5.64758D-01   
-1.07195D+00 -1.07175D+00 -4.18830D-01 -9.89716D-01 -1.22242D+00 -1.22211D+00   
-3.71538D-01 -8.70942D-01 -1.36335D+00 -1.36308D+00 -1.77713D-01 -6.34865D-01   
-1.47024D+00 -1.46996D+00 -1.78214D-02 -1.15367D-01 -1.51468D+00 -1.51442D+00   
 1.24168D-01 -2.69788D-01 -1.52597D+00 -1.52560D+00  3.12457D-01 -6.26512D-01   
-1.52555D+00 -1.52510D+00  2.32290D-01 -5.95274D-01  0.00000D+00  0.00000D+00   
 1.37133D-12  1.43886D-12  0.00000D+00  0.00000D+00  7.18458D-12  7.25173D-12   
 0.00000D+00 -3.20428D-12  2.03804D-11  2.03091D-11  0.00000D+00 -2.04645D-09   
-7.84568D-13 -2.65414D-12  0.00000D+00 -5.50723D-09 -5.44482D-10 -5.51623D-10   
 0.00000D+00 -9.69836D-09 -3.29180D-09 -3.33680D-09  0.00000D+00 -1.02629D-08   
-4.14104D-09 -4.21110D-09  0.00000D+00 -1.16530D-08 -8.39700D-09 -8.48579D-09   
 0.00000D+00 -1.20263D-08 -1.40717D-08 -1.41070D-08  0.00000D+00 -1.12920D-08   
-2.37059D-08 -2.41186D-08  0.00000D+00 -5.06657D-09 -6.11989D-08 -6.11274D-08   
 0.00000D+00  9.60173D-09 -1.45907D-07 -1.48760D-07 -2.64323D-13  2.72163D-08   
-9.88243D-07 -9.49061D-07 -1.16213D-08 -8.19102D-08 -2.19800D-06 -2.15136D-06   
-6.44934D-07 -1.59336D-06 -8.44999D-06 -7.89075D-06 -7.75096D-07 -1.73180D-06   
-9.14050D-06 -1.00049D-05 -1.37981D-06 -2.78777D-06 -1.18201D-05 -1.15877D-05   
-4.35230D-06 -6.81552D-06 -2.31940D-05 -2.32537D-05 -1.46816D-05 -2.07097D-05   
-5.50401D-05 -5.55833D-05 -5.10123D-05 -5.93722D-05 -1.49918D-04 -1.50201D-04   
-1.69229D-04 -1.79374D-04 -4.00564D-04 -4.04707D-04 -3.18363D-04 -3.71957D-04   
-5.61165D-04 -5.69232D-04 -6.10512D-04 -6.35962D-04 -1.41347D-03 -1.41715D-03   
-1.14254D-03 -1.20658D-03 -2.60764D-03 -2.53285D-03 -1.65046D-03 -1.61048D-03   
-2.36871D-03 -2.62894D-03 -2.23264D-03 -2.73172D-03 -4.35924D-03 -4.31547D-03   
-4.02167D-03 -4.79619D-03 -6.68165D-03 -6.90689D-03 -7.15007D-03 -7.43826D-03   
-1.08653D-02 -1.12025D-02 -1.13403D-02 -1.14346D-02 -1.75125D-02 -1.67577D-02   
-1.61670D-02 -1.67083D-02 -2.31662D-02 -2.43315D-02 -2.30268D-02 -2.31740D-02   
-3.36849D-02 -3.42403D-02 -3.05258D-02 -3.09004D-02 -4.16680D-02 -4.41815D-02   
-3.91385D-02 -3.94572D-02 -5.18828D-02 -5.61056D-02 -5.96754D-02 -6.08223D-02   
-7.39063D-02 -9.87222D-02 -9.80891D-02 -9.97165D-02 -1.15547D-01 -8.34750D-02   
-1.45568D-01 -1.47166D-01 -1.64707D-01 -1.59759D-01 -1.82000D-01 -1.81307D-01   
-1.96736D-01 -2.61781D-01 -2.64623D-01 -2.61367D-01 -2.59245D-01 -3.60675D-01   
-4.02929D-01 -4.07102D-01 -3.36219D-01 -3.11163D-01 -5.28923D-01 -5.33011D-01   
-4.12795D-01 -2.52670D-01 -6.59381D-01 -6.61902D-01 -5.24300D-01 -5.10329D-01   
-8.70224D-01 -8.69752D-01 -5.84948D-01 -8.42376D-01 -1.06858D+00 -1.06856D+00   
-6.45958D-01 -8.50518D-01 -1.28932D+00 -1.28916D+00 -6.01857D-01 -7.60877D-01   
-1.50505D+00 -1.50545D+00 -5.81624D-01 -4.59521D-01 -1.64257D+00 -1.64254D+00   
-5.43318D-01 -6.09575D-01 -1.75120D+00 -1.75220D+00 -4.59598D-01 -8.85215D-01   
-1.75886D+00 -1.75997D+00 -5.37641D-01 -8.65084D-01  0.00000D+00  0.00000D+00   
 4.04515D-15  4.30858D-15  0.00000D+00  0.00000D+00  3.40203D-14  3.45455D-14   
 0.00000D+00 -5.47186D-15  1.48830D-13  1.48830D-13  0.00000D+00 -1.89655D-11   
 6.16831D-13  6.14410D-13  0.00000D+00 -7.34699D-11 -2.91171D-12 -3.17935D-12   
 0.00000D+00 -1.72545D-10 -3.43598D-11 -3.35597D-11  0.00000D+00 -1.90455D-10   
-4.55776D-11 -4.71857D-11  0.00000D+00 -2.49785D-10 -1.09548D-10 -1.05858D-10   
 0.00000D+00 -2.90211D-10 -2.07278D-10 -2.15944D-10  0.00000D+00 -3.16286D-10   
-3.88379D-10 -3.96990D-10  0.00000D+00 -2.46479D-10 -1.24304D-09 -1.32476D-09   
 0.00000D+00  1.47664D-10 -3.60078D-09 -3.27612D-09 -4.33503D-15  2.05583D-09   
-3.60334D-08 -4.75179D-08 -2.69707D-10  2.86961D-10 -8.73126D-08 -2.30317D-08   
-2.46625D-08 -6.11102D-08 -4.83811D-07 -1.10213D-07 -3.04467D-08 -6.03831D-08   
-5.20752D-07 -4.82483D-07 -5.91022D-08 -1.18119D-07 -7.19978D-07 -1.50601D-06   
-2.23530D-07 -3.56257D-07 -1.49001D-06 -1.01153D-06 -9.24557D-07 -1.35044D-06   
-4.61501D-06 -4.10741D-06 -4.00160D-06 -4.62750D-06 -1.23379D-05 -1.22524D-05   
-1.65480D-05 -1.71555D-05 -3.26183D-05 -3.31073D-05 -3.50756D-05 -4.36588D-05   
-1.03194D-04 -1.03511D-04 -7.62155D-05 -7.73336D-05 -2.50049D-04 -2.52326D-04   
-1.61131D-04 -1.74801D-04 -2.90968D-04 -3.00554D-04 -2.50184D-04 -2.28125D-04   
-5.48697D-04 -6.01465D-04 -3.59215D-04 -4.87921D-04 -6.18206D-04 -4.63785D-04   
-7.27194D-04 -9.28770D-04 -1.19692D-03 -1.23780D-03 -1.45073D-03 -1.52036D-03   
-2.35262D-03 -2.30331D-03 -2.52670D-03 -2.56142D-03 -4.47764D-03 -3.79172D-03   
-3.87499D-03 -4.05005D-03 -6.49827D-03 -7.21973D-03 -5.94093D-03 -5.99043D-03   
-1.02093D-02 -1.08033D-02 -8.35555D-03 -8.48088D-03 -1.32040D-02 -1.39216D-02   
-1.12921D-02 -1.14002D-02 -1.74966D-02 -1.82700D-02 -1.88593D-02 -1.92979D-02   
-2.70053D-02 -2.81454D-02 -3.45477D-02 -3.52448D-02 -4.76011D-02 -5.60670D-02   
-5.59426D-02 -5.70527D-02 -7.52512D-02 -7.88383D-03 -7.36083D-02 -7.35644D-02   
-9.52912D-02 -9.26467D-02 -1.17076D-01 -1.14794D-01 -1.37940D-01 -2.26795D-01   
-1.98268D-01 -2.00596D-01 -1.98241D-01 -1.81086D-01 -2.78975D-01 -2.82409D-01   
-2.62742D-01 -8.34710D-02 -3.70208D-01 -3.71915D-01 -3.64478D-01 -2.85316D-01   
-5.31445D-01 -5.31074D-01 -4.55115D-01 -5.93418D-01 -6.99269D-01 -6.99329D-01   
-5.48470D-01 -6.35526D-01 -9.07226D-01 -9.07024D-01 -5.88175D-01 -6.07992D-01   
-1.13845D+00 -1.13890D+00 -6.51438D-01 -4.18367D-01 -1.30777D+00 -1.30810D+00   
-6.83182D-01 -5.71041D-01 -1.46564D+00 -1.46684D+00 -6.73126D-01 -8.12297D-01   
-1.47794D+00 -1.47956D+00 -7.39290D-01 -8.02536D-01  0.00000D+00  0.00000D+00   
 1.35676D-17  1.45058D-17  0.00000D+00  0.00000D+00  1.45482D-16  1.48436D-16   
 0.00000D+00 -1.93355D-17  9.22705D-16  9.26507D-16  0.00000D+00 -1.55338D-13   
 1.36059D-14  1.37712D-14  0.00000D+00 -9.61996D-13  4.37770D-14  3.75268D-14   
 0.00000D+00 -3.22772D-12 -4.55831D-14  9.58679D-15  0.00000D+00 -3.75513D-12   
-9.74726D-14 -1.18943D-13  0.00000D+00 -5.87587D-12 -5.65779D-13 -3.35032D-13   
 0.00000D+00 -7.98371D-12 -1.53812D-12 -2.00296D-12  0.00000D+00 -1.05166D-11   
-3.53863D-12 -3.51164D-12  0.00000D+00 -1.54240D-11 -1.68682D-11 -2.26040D-11   
 0.00000D+00 -1.55128D-11 -6.47134D-11 -3.52764D-11 -1.33205D-17  4.19819D-11   
-1.04375D-09 -2.33487D-09 -4.09548D-12  4.42024D-11 -2.55581D-09  4.19106D-09   
-7.40304D-10 -1.91689D-09 -2.29655D-08  2.25096D-08 -9.43246D-10 -1.69212D-09   
-2.42035D-08 -1.28735D-08 -2.02411D-09 -4.12300D-09 -3.62023D-08 -1.49343D-07   
-9.37738D-09 -1.54259D-08 -7.54867D-08  8.68768D-12 -4.83502D-08 -7.38930D-08   
-3.22327D-07 -2.24688D-07 -2.63814D-07 -3.03995D-07 -7.21978D-07 -7.03922D-07   
-1.37107D-06 -1.38897D-06 -1.03671D-06 -1.08350D-06 -3.28509D-06 -4.33654D-06   
-1.66846D-05 -1.66546D-05 -8.11000D-06 -8.02602D-06 -3.67955D-05 -3.75193D-05   
-1.94064D-05 -2.16145D-05 -7.65291D-06 -1.33935D-05 -3.24130D-05 -2.77062D-05   
-1.12342D-04 -1.20598D-04 -4.94205D-05 -7.37834D-05 -4.42845D-05  1.52508D-05   
-1.12512D-04 -1.53454D-04 -1.50492D-04 -1.55526D-04 -2.52004D-04 -2.66763D-04   
-3.95051D-04 -3.53098D-04 -4.82193D-04 -4.90838D-04 -9.39135D-04 -6.45345D-04   
-7.95727D-04 -8.40926D-04 -1.49776D-03 -1.81531D-03 -1.31331D-03 -1.32478D-03   
-2.55516D-03 -2.81418D-03 -1.95943D-03 -1.99293D-03 -3.42944D-03 -3.49417D-03   
-2.79039D-03 -2.82007D-03 -4.83896D-03 -4.77921D-03 -5.09971D-03 -5.24602D-03   
-8.10126D-03 -5.51508D-03 -1.03977D-02 -1.06562D-02 -1.59938D-02 -3.21481D-02   
-1.83603D-02 -1.88610D-02 -2.79197D-02  3.67042D-02 -2.54103D-02 -2.54492D-02   
-3.72873D-02 -2.14162D-02 -4.41432D-02 -4.29235D-02 -6.00524D-02 -1.23553D-01   
-8.29183D-02 -8.40524D-02 -9.22630D-02 -8.83397D-02 -1.24893D-01 -1.26988D-01   
-1.40776D-01  3.12060D-02 -1.75919D-01 -1.77119D-01 -1.98330D-01 -1.13758D-01   
-2.73888D-01 -2.73680D-01 -2.77752D-01 -3.50049D-01 -3.85037D-01 -3.85038D-01   
-3.62960D-01 -3.88809D-01 -5.35230D-01 -5.34828D-01 -4.27185D-01 -3.78932D-01   
-7.18830D-01 -7.19142D-01 -5.23036D-01 -2.51139D-01 -8.66469D-01 -8.66403D-01   
-5.94450D-01 -3.76049D-01 -1.01624D+00 -1.01759D+00 -6.42128D-01 -5.74734D-01   
-1.02869D+00 -1.03027D+00 -6.98476D-01 -5.65783D-01  0.00000D+00  0.00000D+00   
 3.35165D-20  3.61415D-20  0.00000D+00  0.00000D+00  5.10465D-19  5.23477D-19   
 0.00000D+00 -3.97903D-20  4.72266D-18  4.75728D-18  0.00000D+00 -1.03190D-15   
 1.39501D-16  1.42057D-16  0.00000D+00 -9.15092D-15  8.99995D-16  8.13673D-16   
 0.00000D+00 -4.17091D-14  3.35007D-15  4.54520D-15  0.00000D+00 -5.07861D-14   
 4.11503D-15  3.84832D-15  0.00000D+00 -9.21676D-14  5.61629D-15  1.13432D-14   
 0.00000D+00 -1.41355D-13  3.42851D-15 -8.55846D-15  0.00000D+00 -2.12317D-13   
-1.30368D-15  2.37627D-15  0.00000D+00 -4.22345D-13 -1.20110D-13 -3.12099D-13   
 0.00000D+00 -6.77560D-13 -7.89359D-13  3.92073D-13 -3.78230D-20  1.40184D-13   
-2.54596D-11 -9.85723D-11 -5.07339D-14  1.00088D-12 -5.01561D-11  3.74868D-10   
-1.87281D-11 -4.97765D-11 -9.31165D-10  2.58296D-09 -2.46748D-11 -3.50251D-11   
-9.51945D-10  1.05976D-10 -5.88300D-11 -1.19907D-10 -1.59237D-09 -1.13237D-08   
-3.36810D-10 -5.64684D-10 -2.80777D-09  4.60226D-09 -2.17947D-09 -3.49576D-09   
-2.00450D-08 -8.93355D-09 -1.50674D-08 -1.70663D-08 -1.57661D-08 -1.31472D-08   
-9.87789D-08 -9.60128D-08  2.34829D-07  2.31214D-07 -2.68029D-07 -3.79597D-07   
-2.42593D-06 -2.42002D-06 -7.53243D-07 -7.13681D-07 -4.88465D-06 -5.03906D-06   
-2.04368D-06 -2.33395D-06  4.81555D-06  3.51481D-06 -3.67488D-06 -2.76351D-06   
-2.02841D-05 -2.14800D-05 -5.95306D-06 -9.64535D-06  5.08546D-06  2.06658D-05   
-1.52463D-05 -2.25834D-05 -6.48764D-06 -7.53714D-06 -3.83313D-05 -4.07651D-05   
-4.81761D-05 -3.21482D-05 -8.05853D-05 -8.24042D-05 -1.63554D-04 -7.27753D-05   
-1.43149D-04 -1.53724D-04 -2.91350D-04 -4.14712D-04 -2.54464D-04 -2.56369D-04   
-5.39467D-04 -6.66607D-04 -4.02943D-04 -4.09840D-04 -7.36116D-04 -7.02940D-04   
-6.05018D-04 -6.09288D-04 -1.14094D-03 -7.50685D-04 -1.21060D-03 -1.25166D-03   
-1.96289D-03 -1.98180D-03 -2.74066D-03 -2.83517D-03 -4.53051D-03 -2.32173D-02   
-5.27078D-03 -5.47111D-03 -8.80172D-03  2.81982D-02 -7.67920D-03 -7.68774D-03   
-1.23266D-02  4.43738D-03 -1.45968D-02 -1.39948D-02 -2.15600D-02 -5.36748D-02   
-3.03548D-02 -3.08578D-02 -3.80444D-02 -4.02056D-02 -4.88081D-02 -4.99942D-02   
-5.48010D-02  5.21250D-02 -7.30870D-02 -7.36527D-02 -9.64631D-02 -2.50148D-02   
-1.23268D-01 -1.23141D-01 -1.44063D-01 -1.80681D-01 -1.84834D-01 -1.84747D-01   
-1.95730D-01 -2.07877D-01 -2.74701D-01 -2.74141D-01 -2.55442D-01 -2.02980D-01   
-3.94114D-01 -3.94037D-01 -3.34994D-01 -1.09487D-01 -4.97100D-01 -4.97097D-01   
-4.04959D-01 -1.98571D-01 -6.09560D-01 -6.10210D-01 -4.57214D-01 -3.46971D-01   
-6.19111D-01 -6.20142D-01 -4.88786D-01 -3.42238D-01  0.00000D+00  0.00000D+00   
 6.39413D-23  6.97628D-23  0.00000D+00  0.00000D+00  1.48864D-21  1.53455D-21   
 0.00000D+00 -5.59571D-23  2.07178D-20  2.09270D-20  0.00000D+00 -5.90593D-18   
 1.20461D-18  1.23766D-18  0.00000D+00 -7.27797D-17  1.17781D-17  1.06321D-17   
 0.00000D+00 -4.24172D-16  7.22697D-17  9.33980D-17  0.00000D+00 -5.35564D-16   
 9.69414D-17  9.38073D-17  0.00000D+00 -1.09429D-15  2.10037D-16  3.24362D-16   
 0.00000D+00 -1.85577D-15  3.43930D-16  8.86637D-17  0.00000D+00 -3.09827D-15   
 7.04786D-16  8.24968D-16  0.00000D+00 -7.77497D-15  1.24749D-15 -4.01650D-15   
 0.00000D+00 -1.64441D-14 -1.48154D-15  3.65345D-14 -9.36018D-23 -1.89315D-14   
-4.93042D-13 -3.69036D-12 -5.37990D-16  4.86340D-15 -2.19450D-13  2.11593D-11   
-3.98897D-13 -1.00464D-12 -2.80052D-11  1.97350D-10 -5.43322D-13 -3.02730D-13   
-2.56563D-11  4.59367D-11 -1.44011D-12 -2.63504D-12 -5.79651D-11 -7.19297D-10   
-1.02057D-11 -1.71573D-11 -7.33242D-11  5.16498D-10 -8.30500D-11 -1.36950D-10   
-9.48138D-10  5.17585D-11 -7.28282D-10 -7.74673D-10  4.32382D-09  4.67229D-09   
-6.02532D-09 -5.31282D-09  6.88587D-08  6.87737D-08 -1.85221D-08 -3.03034D-08   
-3.31046D-07 -3.30449D-07 -5.92993D-08 -4.93885D-08 -5.69793D-07 -5.92379D-07   
-1.82638D-07 -2.15801D-07  1.94628D-06  1.61719D-06 -3.53870D-07 -1.86899D-07   
-3.73028D-06 -3.82027D-06 -6.09467D-07 -1.25022D-06  3.41435D-06  6.78725D-06   
-1.75729D-06 -3.33511D-06  2.40243D-06  2.89977D-06 -4.95656D-06 -5.41184D-06   
-2.06938D-06  3.40169D-06 -1.14422D-05 -1.17078D-05 -1.90530D-05  3.00278D-06   
-2.18821D-05 -2.41240D-05 -4.78853D-05 -8.10467D-05 -4.19014D-05 -4.23592D-05   
-8.32936D-05 -1.43974D-04 -7.04065D-05 -7.19756D-05 -1.23315D-04 -1.49312D-04   
-1.11505D-04 -1.11756D-04 -2.06069D-04 -8.97872D-05 -2.45199D-04 -2.52928D-04   
-4.21587D-04  6.74061D-04 -6.15989D-04 -6.44496D-04 -1.04613D-03 -9.53857D-03   
-1.28298D-03 -1.37563D-03 -2.16786D-03  2.32643D-02 -1.96363D-03 -1.98711D-03   
-3.22637D-03  4.13007D-03 -4.11390D-03 -3.81688D-03 -6.20583D-03 -2.16326D-02   
-9.45068D-03 -9.67537D-03 -1.18660D-02 -1.72034D-02 -1.62615D-02 -1.67900D-02   
-2.42692D-02  4.46580D-02 -2.56916D-02 -2.61887D-02 -3.30867D-02  6.98681D-03   
-4.70812D-02 -4.70462D-02 -5.74094D-02 -7.76746D-02 -7.54249D-02 -7.52963D-02   
-8.67104D-02 -8.85530D-02 -1.19789D-01 -1.19280D-01 -1.25254D-01 -8.08952D-02   
-1.82988D-01 -1.82878D-01 -1.82900D-01 -2.17618D-02 -2.41685D-01 -2.41252D-01   
-2.33818D-01 -6.54413D-02 -3.08504D-01 -3.09282D-01 -2.90860D-01 -1.55193D-01   
-3.14431D-01 -3.15272D-01 -3.02936D-01 -1.48902D-01  0.00000D+00  0.00000D+00   
 8.25993D-26  9.13126D-26  0.00000D+00  0.00000D+00  3.01578D-24  3.12158D-24   
 0.00000D+00 -4.97243D-26  6.18824D-23  6.25354D-23  0.00000D+00 -2.48402D-20   
 6.17143D-21  6.45210D-21  0.00000D+00 -4.24866D-19  7.75601D-20  6.25620D-20   
 0.00000D+00 -3.10347D-18  5.61706D-19  8.91230D-19  0.00000D+00 -4.04697D-18   
 8.10962D-19  8.67110D-19  0.00000D+00 -9.09531D-18  1.88347D-18  3.78899D-18   
 0.00000D+00 -1.68220D-17  3.22860D-18 -1.87456D-18  0.00000D+00 -3.04893D-17   
 8.49619D-18  1.37514D-17  0.00000D+00 -9.29571D-17  1.71575D-17 -1.13481D-16   
 0.00000D+00 -2.45572D-16  2.65402D-17  1.13898D-15 -1.69404D-25 -6.20116D-16   
-9.75881D-15 -1.41577D-13 -4.24862D-18 -2.86203D-16  1.06892D-14  8.78741D-13   
-6.18840D-15 -1.33067D-14 -7.25054D-13  1.12065D-11 -8.71201D-15  7.37789D-15   
-4.60359D-13  5.84739D-12 -2.56165D-14 -1.77784D-14 -1.61176D-12 -4.21238D-11   
-2.24512D-13 -3.69461D-13 -3.62869D-12  3.61531D-11 -2.29772D-12 -3.53816D-12   
-2.24933D-11  6.67463D-11 -2.55812D-11 -2.40879D-11  5.05685D-10  5.08296D-10   
-2.67120D-10 -2.01538D-10  6.96231D-09  6.88939D-09 -9.30414D-10 -2.03448D-09   
-3.30242D-08 -3.28487D-08 -3.39588D-09 -1.72552D-09 -1.62556D-08 -2.36926D-08   
-1.18903D-08 -1.74956D-08  5.42324D-07  4.21537D-07 -2.48530D-08  3.85243D-09   
-6.68436D-07 -6.26879D-07 -4.55701D-08 -1.27792D-07  1.02596D-06  1.70178D-06   
-1.48373D-07 -2.81038D-07  1.38159D-06  1.32043D-06 -4.70501D-07 -4.93685D-07   
 6.91855D-07  1.97743D-06 -1.19350D-06 -1.33055D-06 -1.82101D-06  3.37375D-06   
-2.46115D-06 -2.82433D-06 -6.22602D-06 -1.43412D-05 -5.09180D-06 -5.24826D-06   
-1.13485D-05 -2.55405D-05 -9.09210D-06 -9.45743D-06 -1.65283D-05 -3.22664D-05   
-1.51841D-05 -1.56260D-05 -3.20498D-05 -4.26661D-05 -3.68984D-05 -3.88504D-05   
-5.48415D-05  4.68439D-04 -1.04542D-04 -1.06817D-04 -1.80087D-04 -1.43068D-03   
-2.35221D-04 -2.68818D-04 -4.41029D-04  1.38185D-02 -3.76701D-04 -4.08790D-04   
-6.86548D-04  6.15984D-03 -8.67591D-04 -7.69942D-04 -1.47230D-03 -5.68423D-03   
-2.33677D-03 -2.29536D-03 -2.74468D-03 -7.04013D-03 -4.11919D-03 -4.49291D-03   
-5.88625D-03  2.12924D-02 -7.10486D-03 -7.22784D-03 -9.22481D-03  2.95772D-03   
-1.42150D-02 -1.42723D-02 -1.85534D-02 -2.57118D-02 -2.44638D-02 -2.44199D-02   
-2.85755D-02 -3.18435D-02 -4.22341D-02 -4.15720D-02 -4.38319D-02 -3.22331D-02   
-6.97958D-02 -6.94241D-02 -6.75750D-02  8.77677D-04 -9.68133D-02 -9.64749D-02   
-9.13049D-02 -2.01260D-02 -1.31044D-01 -1.31091D-01 -1.17037D-01 -6.08754D-02   
-1.33971D-01 -1.34270D-01 -1.23138D-01 -6.20149D-02                             
