  28.000      .000           10        47        13
  8.30315D+00  1.00654D+00  8.85028D-01  8.66961D-01  1.18668D-01  8.05015D-02 
 7.81857D-02  1.48998D-02  1.46263D-02  8.08911D-03  2.00000D-02  2.59300D-02 
 3.36170D-02  4.35850D-02  5.65070D-02  7.32600D-02  8.20950D-02  8.45270D-02 
 9.49810D-02  1.23140D-01  1.24600D-01  1.59650D-01  2.06990D-01  2.68350D-01 
 3.47920D-01  4.51070D-01  5.84800D-01  7.58190D-01  9.10310D-01  9.29280D-01 
 9.82980D-01  1.05690D+00  1.27440D+00  1.65230D+00  2.14210D+00  2.77730D+00 
 3.60070D+00  4.66820D+00  6.05230D+00  7.84670D+00  8.71830D+00  1.01730D+01 
 1.31890D+01  1.71000D+01  2.21700D+01  2.87430D+01  3.72640D+01  4.83130D+01 
 6.26370D+01  8.12080D+01  1.05280D+02  1.36500D+02  1.76970D+02  2.29440D+02 
 2.97460D+02  3.85660D+02  5.00000D+02  0.00000D+00  0.00000D+00  0.00000D+00 
 0.00000D+00  0.00000D+00  0.00000D+00  0.00000D+00  1.53259D+01  1.58966D+01 
 4.56597D-01  0.00000D+00  0.00000D+00  0.00000D+00  0.00000D+00  0.00000D+00 
 0.00000D+00  0.00000D+00  4.54807D+01  4.71852D+01  1.75963D+00  0.00000D+00 
 0.00000D+00  0.00000D+00  0.00000D+00  0.00000D+00  0.00000D+00  0.00000D+00 
 1.35448D+02  1.39171D+02  4.41441D+00  0.00000D+00  0.00000D+00  0.00000D+00 
 0.00000D+00  0.00000D+00  0.00000D+00  0.00000D+00  3.64926D+02  3.70856D+02 
 9.26655D+00  0.00000D+00  0.00000D+00  0.00000D+00  0.00000D+00  0.00000D+00 
 0.00000D+00  0.00000D+00  8.34996D+02  8.40870D+02  1.75893D+01  0.00000D+00 
 0.00000D+00  0.00000D+00  0.00000D+00  0.00000D+00  0.00000D+00  0.00000D+00 
 1.64585D+03  1.64738D+03  3.09347D+01  0.00000D+00  0.00000D+00  0.00000D+00 
 0.00000D+00  0.00000D+00  1.67303D+02  3.22001D+02  2.14556D+03  2.14316D+03 
 3.87705D+01  0.00000D+00  0.00000D+00  0.00000D+00  0.00000D+00  0.00000D+00 
 1.66859D+02  3.15335D+02  2.29016D+03  2.28647D+03  4.10000D+01  0.00000D+00 
 0.00000D+00  0.00000D+00  0.00000D+00  0.00000D+00  1.55292D+02  3.15739D+02 
 2.93576D+03  2.92545D+03  5.08830D+01  0.00000D+00  0.00000D+00  0.00000D+00 
 0.00000D+00  5.65468D+02  3.66740D+02  8.35394D+02  4.69001D+03  4.65592D+03 
 7.96009D+01  0.00000D+00  0.00000D+00  0.00000D+00  0.00000D+00  5.77764D+02 
 3.86718D+02  8.79340D+02  4.77656D+03  4.74114D+03  8.11697D+01  0.00000D+00 
 0.00000D+00  0.00000D+00  0.00000D+00  1.08756D+03  1.06419D+03  2.30864D+03 
 6.68003D+03  6.61301D+03  1.21186D+02  0.00000D+00  0.00000D+00  0.00000D+00 
 0.00000D+00  2.03212D+03  2.36992D+03  4.95882D+03  8.72597D+03  8.61901D+03 
 1.81919D+02  0.00000D+00  0.00000D+00  0.00000D+00  0.00000D+00  3.43717D+03 
 4.42058D+03  9.04780D+03  1.04543D+04  1.03064D+04  2.72070D+02  0.00000D+00 
 0.00000D+00  0.00000D+00  0.00000D+00  5.48981D+03  7.28704D+03  1.46895D+04 
 1.17129D+04  1.15268D+04  4.03613D+02  0.00000D+00  0.00000D+00  0.00000D+00 
 0.00000D+00  8.39372D+03  1.10173D+04  2.19567D+04  1.23614D+04  1.21445D+04 
 5.82157D+02  0.00000D+00  0.00000D+00  0.00000D+00  0.00000D+00  1.23722D+04 
 1.55084D+04  3.06258D+04  1.24165D+04  1.21773D+04  8.23910D+02  0.00000D+00 
 0.00000D+00  0.00000D+00  0.00000D+00  1.77077D+04  2.05527D+04  4.02684D+04 
 1.19385D+04  1.16867D+04  1.15360D+03  0.00000D+00  0.00000D+00  2.65405D+05 
 5.24012D+05  2.24394D+04  2.42736D+04  4.73177D+04  1.13441D+04  1.10896D+04 
 1.44277D+03  0.00000D+00  0.00000D+00  2.70245D+05  5.30949D+05  2.30275D+04 
 2.46964D+04  4.81154D+04  1.12654D+04  1.10109D+04  1.47853D+03  0.00000D+00 
 0.00000D+00  2.81100D+05  5.47268D+05  2.46924D+04  2.58488D+04  5.02854D+04 
 1.10401D+04  1.07860D+04  1.57954D+03  0.00000D+00  1.38942D+05  2.90211D+05 
 5.66360D+05  2.69809D+04  2.73258D+04  5.30578D+04  1.07299D+04  1.04769D+04 
 1.71863D+03  0.00000D+00  1.86830D+05  3.18522D+05  6.17717D+05  3.36228D+04 
 3.10404D+04  5.99842D+04  9.84601D+03  9.59884D+03  2.12948D+03  0.00000D+00 
 2.67702D+05  3.50556D+05  6.74638D+05  4.47942D+04  3.57819D+04  6.87064D+04 
 8.49990D+03  8.26716D+03  2.81255D+03  0.00000D+00  3.68432D+05  3.71181D+05 
 7.09438D+05  5.84675D+04  3.97778D+04  7.58967D+04  7.11518D+03  6.90353D+03 
 3.65295D+03  0.00000D+00  4.89252D+05  3.81185D+05  7.23728D+05  7.48662D+04 
 4.27890D+04  8.11077D+04  5.77933D+03  5.59299D+03  4.65894D+03  0.00000D+00 
 6.29287D+05  3.81075D+05  7.18627D+05  9.40561D+04  4.46041D+04  8.39675D+04 
 4.55482D+03  4.39333D+03  5.83694D+03  0.00000D+00  7.86330D+05  3.71412D+05 
 6.95448D+05  1.15866D+05  4.50890D+04  8.42763D+04  3.47625D+03  3.34203D+03 
 7.17719D+03  0.00000D+00  9.56500D+05  3.53447D+05  6.56825D+05  1.39772D+05 
 4.42506D+04  8.20907D+04  2.57604D+03  2.46540D+03  8.64730D+03  0.00000D+00 
 1.13446D+06  3.29054D+05  6.06560D+05  1.64977D+05  4.22372D+04  7.77322D+04 
 1.86377D+03  1.77504D+03  1.02005D+04  1.65818D+07  1.20746D+06  3.17784D+05 
 5.83757D+05  1.75381D+05  4.11459D+04  7.54633D+04  1.62581D+03  1.54567D+03 
 1.08425D+04  1.77993D+07  1.31394D+06  3.00208D+05  5.48559D+05  1.90626D+05 
 3.93256D+04  7.17439D+04  1.32531D+03  1.25628D+03  1.17827D+04  1.95909D+07 
 1.48797D+06  2.68718D+05  4.86298D+05  2.15722D+05  3.58229D+04  6.47212D+04 
 9.28140D+02  8.75389D+02  1.33339D+04  2.11049D+07  1.64952D+06  2.36309D+05 
 4.23008D+05  2.39351D+05  3.19887D+04  5.71378D+04  6.40158D+02  5.99162D+02 
 1.47966D+04  2.22901D+07  1.79239D+06  2.04598D+05  3.61803D+05  2.60561D+05 
 2.80482D+04  4.94704D+04  4.34698D+02  4.02895D+02  1.61090D+04  2.31461D+07 
 1.91153D+06  1.74841D+05  3.05029D+05  2.78457D+05  2.42043D+04  4.21117D+04 
 2.92300D+02  2.68193D+02  1.72195D+04  2.36854D+07  2.00379D+06  1.47877D+05 
 2.53971D+05  2.92473D+05  2.06336D+04  3.53441D+04  1.95242D+02  1.76984D+02 
 1.80914D+04  2.39322D+07  2.06847D+06  1.24166D+05  2.09388D+05  3.02514D+05 
 1.74477D+04  2.93451D+04  1.30306D+02  1.16866D+02  1.87169D+04  2.39246D+07 
 2.10657D+06  1.03937D+05  1.71759D+05  3.08681D+05  1.46872D+04  2.41926D+04 
 8.70611D+01  7.77801D+01  1.91015D+04  2.37166D+07  2.12149D+06  8.70836D+04 
 1.40637D+05  3.11391D+05  1.23536D+04  1.98931D+04  5.88186D+01  5.13814D+01 
 1.92729D+04  2.33786D+07  2.11904D+06  7.33581D+04  1.15541D+05  3.11477D+05 
 1.04449D+04  1.63998D+04  4.03059D+01  3.45011D+01  1.92814D+04  2.29993D+07 
 2.10762D+06  6.25028D+04  9.58748D+04  3.10185D+05  8.92621D+03  1.36566D+04 
 2.78067D+01  2.38314D+01  1.92032D+04  2.26895D+07  2.09795D+06  5.41316D+04 
 8.09723D+04  3.09077D+05  7.74548D+03  1.15540D+04  1.92547D+01  1.61585D+01 
 1.91359D+04  2.25896D+07  2.10367D+06  4.77745D+04  7.00964D+04  3.10167D+05 
 6.84662D+03  9.99507D+03  1.34580D+01  1.19413D+01  1.92037D+04  2.28790D+07 
 2.14235D+06  4.30770D+04  6.24245D+04  3.16062D+05  6.18252D+03  8.93289D+03 
 9.48369D+00  8.34713D+00  1.95684D+04  2.37879D+07  2.23644D+06  3.95629D+04 
 5.77153D+04  3.30087D+05  5.68290D+03  8.27041D+03  6.71216D+00  6.63222D+00 
 2.04376D+04  2.56034D+07  2.41371D+06  3.67189D+04  5.57900D+04  3.56355D+05 
 5.27880D+03  7.96833D+03  4.62089D+00  5.74958D+00  2.20675D+04  0.00000D+00 
 0.00000D+00  0.00000D+00  0.00000D+00  0.00000D+00  0.00000D+00  0.00000D+00 
 1.00000D+00  1.00000D+00  1.00000D+00  0.00000D+00  0.00000D+00  0.00000D+00 
 0.00000D+00  0.00000D+00  0.00000D+00  0.00000D+00  1.00000D+00  1.00000D+00 
 1.00000D+00  0.00000D+00  0.00000D+00  0.00000D+00  0.00000D+00  0.00000D+00 
 0.00000D+00  0.00000D+00  1.00000D+00  1.00000D+00  1.00000D+00  0.00000D+00 
 0.00000D+00  0.00000D+00  0.00000D+00  0.00000D+00  0.00000D+00  0.00000D+00 
 1.00000D+00  1.00000D+00  1.00000D+00  0.00000D+00  0.00000D+00  0.00000D+00 
 0.00000D+00  0.00000D+00  0.00000D+00  0.00000D+00  1.00000D+00  1.00000D+00 
 1.00000D+00  0.00000D+00  0.00000D+00  0.00000D+00  0.00000D+00  0.00000D+00 
 0.00000D+00  0.00000D+00  1.00000D+00  1.00000D+00  1.00000D+00  0.00000D+00 
 0.00000D+00  0.00000D+00  0.00000D+00  0.00000D+00  1.00000D+00  1.00000D+00 
 1.00000D+00  1.00000D+00  1.00000D+00  0.00000D+00  0.00000D+00  0.00000D+00 
 0.00000D+00  0.00000D+00  1.00000D+00  1.00000D+00  1.00000D+00  1.00000D+00 
 1.00000D+00  0.00000D+00  0.00000D+00  0.00000D+00  0.00000D+00  0.00000D+00 
 1.00000D+00  1.00000D+00  1.00000D+00  1.00000D+00  1.00000D+00  0.00000D+00 
 0.00000D+00  0.00000D+00  0.00000D+00  1.00000D+00  1.00000D+00  1.00000D+00 
 1.00000D+00  1.00000D+00  1.00000D+00  0.00000D+00  0.00000D+00  0.00000D+00 
 0.00000D+00  1.00000D+00  1.00000D+00  1.00000D+00  1.00000D+00  1.00000D+00 
 1.00000D+00  0.00000D+00  0.00000D+00  0.00000D+00  0.00000D+00  1.00000D+00 
 1.00000D+00  1.00000D+00  1.00000D+00  1.00000D+00  1.00000D+00  0.00000D+00 
 0.00000D+00  0.00000D+00  0.00000D+00  1.00000D+00  1.00000D+00  1.00000D+00 
 1.00000D+00  1.00000D+00  1.00000D+00  0.00000D+00  0.00000D+00  0.00000D+00 
 0.00000D+00  1.00000D+00  1.00000D+00  1.00000D+00  1.00000D+00  1.00000D+00 
 1.00000D+00  0.00000D+00  0.00000D+00  0.00000D+00  0.00000D+00  1.00000D+00 
 1.00000D+00  1.00000D+00  1.00000D+00  1.00000D+00  1.00000D+00  0.00000D+00 
 0.00000D+00  0.00000D+00  0.00000D+00  1.00000D+00  1.00000D+00  1.00000D+00 
 1.00000D+00  1.00000D+00  1.00000D+00  0.00000D+00  0.00000D+00  0.00000D+00 
 0.00000D+00  1.00000D+00  1.00000D+00  1.00000D+00  1.00000D+00  1.00000D+00 
 1.00000D+00  0.00000D+00  0.00000D+00  0.00000D+00  0.00000D+00  1.00000D+00 
 1.00000D+00  1.00000D+00  1.00000D+00  1.00000D+00  1.00000D+00  0.00000D+00 
 0.00000D+00  1.00000D+00  1.00000D+00  1.00000D+00  1.00000D+00  1.00000D+00 
 1.00000D+00  1.00000D+00  1.00000D+00  0.00000D+00  0.00000D+00  1.00000D+00 
 1.00000D+00  1.00000D+00  1.00000D+00  1.00000D+00  1.00000D+00  1.00000D+00 
 1.00000D+00  0.00000D+00  0.00000D+00  1.00000D+00  1.00000D+00  1.00000D+00 
 1.00000D+00  1.00000D+00  1.00000D+00  1.00000D+00  1.00000D+00  0.00000D+00 
 1.00000D+00  1.00000D+00  1.00000D+00  1.00000D+00  1.00000D+00  1.00000D+00 
 1.00000D+00  1.00000D+00  1.00000D+00  0.00000D+00  1.00000D+00  1.00000D+00 
 1.00000D+00  1.00000D+00  1.00000D+00  1.00000D+00  1.00000D+00  1.00000D+00 
 1.00000D+00  0.00000D+00  1.00000D+00  1.00000D+00  1.00000D+00  1.00000D+00 
 1.00000D+00  1.00000D+00  1.00000D+00  1.00000D+00  1.00000D+00  0.00000D+00 
 1.00000D+00  1.00000D+00  1.00000D+00  1.00000D+00  1.00000D+00  1.00000D+00 
 1.00000D+00  1.00000D+00  1.00000D+00  0.00000D+00  1.00000D+00  1.00000D+00 
 1.00000D+00  1.00000D+00  1.00000D+00  1.00000D+00  1.00000D+00  1.00000D+00 
 1.00000D+00  0.00000D+00  1.00000D+00  1.00000D+00  1.00000D+00  1.00000D+00 
 1.00000D+00  1.00000D+00  1.00000D+00  1.00000D+00  1.00000D+00  0.00000D+00 
 1.00000D+00  1.00000D+00  1.00000D+00  1.00000D+00  1.00000D+00  1.00000D+00 
 1.00000D+00  1.00000D+00  1.00000D+00  0.00000D+00  1.00000D+00  1.00000D+00 
 1.00000D+00  1.00000D+00  1.00000D+00  1.00000D+00  1.00000D+00  1.00000D+00 
 1.00000D+00  0.00000D+00  1.00000D+00  1.00000D+00  1.00000D+00  1.00000D+00 
 1.00000D+00  1.00000D+00  1.00000D+00  1.00000D+00  1.00000D+00  1.00000D+00 
 1.00000D+00  1.00000D+00  1.00000D+00  1.00000D+00  1.00000D+00  1.00000D+00 
 1.00000D+00  1.00000D+00  1.00000D+00  1.00000D+00  1.00000D+00  1.00000D+00 
 1.00000D+00  1.00000D+00  1.00000D+00  1.00000D+00  1.00000D+00  1.00000D+00 
 1.00000D+00  1.00000D+00  1.00000D+00  1.00000D+00  1.00000D+00  1.00000D+00 
 1.00000D+00  1.00000D+00  1.00000D+00  1.00000D+00  1.00000D+00  1.00000D+00 
 1.00000D+00  1.00000D+00  1.00000D+00  1.00000D+00  1.00000D+00  1.00000D+00 
 1.00000D+00  1.00000D+00  1.00000D+00  1.00000D+00  1.00000D+00  1.00000D+00 
 1.00000D+00  1.00000D+00  1.00000D+00  1.00000D+00  1.00000D+00  1.00000D+00 
 1.00000D+00  1.00000D+00  1.00000D+00  1.00000D+00  1.00000D+00  1.00000D+00 
 1.00000D+00  1.00000D+00  1.00000D+00  1.00000D+00  1.00000D+00  1.00000D+00 
 1.00000D+00  1.00000D+00  1.00000D+00  1.00000D+00  1.00000D+00  1.00000D+00 
 1.00000D+00  1.00000D+00  1.00000D+00  1.00000D+00  1.00000D+00  1.00000D+00 
 1.00000D+00  1.00000D+00  1.00000D+00  1.00000D+00  1.00000D+00  1.00000D+00 
 1.00000D+00  1.00000D+00  1.00000D+00  1.00000D+00  1.00000D+00  1.00000D+00 
 1.00000D+00  1.00000D+00  1.00000D+00  1.00000D+00  1.00000D+00  1.00000D+00 
 1.00000D+00  1.00000D+00  1.00000D+00  1.00000D+00  1.00000D+00  1.00000D+00 
 1.00000D+00  1.00000D+00  1.00000D+00  1.00000D+00  1.00000D+00  1.00000D+00 
 1.00000D+00  1.00000D+00  1.00000D+00  1.00000D+00  1.00000D+00  1.00000D+00 
 1.00000D+00  1.00000D+00  1.00000D+00  1.00000D+00  1.00000D+00  1.00000D+00 
 1.00000D+00  1.00000D+00  1.00000D+00  1.00000D+00  1.00000D+00  1.00000D+00 
 1.00000D+00  1.00000D+00  1.00000D+00  1.00000D+00  1.00000D+00  1.00000D+00 
 1.00000D+00  1.00000D+00  1.00000D+00  1.00000D+00  1.00000D+00  1.00000D+00 
 1.00000D+00  1.00000D+00  1.00000D+00  1.00000D+00  1.00000D+00  1.00000D+00 
 1.00000D+00  1.00000D+00  1.00000D+00  1.00000D+00  1.00000D+00  1.00000D+00 
 1.00000D+00  1.00000D+00  1.00000D+00  1.00000D+00  1.00000D+00  1.00000D+00 
 1.00000D+00  1.00000D+00  1.00000D+00  1.00000D+00  1.00000D+00  1.00000D+00 
 1.00000D+00  1.00000D+00  1.00000D+00  1.00000D+00  1.00000D+00  1.00000D+00 
 1.00000D+00  1.00000D+00  1.00000D+00  1.00000D+00  1.00000D+00  1.00000D+00 
 1.00000D+00  0.00000D+00  0.00000D+00  0.00000D+00  0.00000D+00  0.00000D+00 
 0.00000D+00  0.00000D+00  3.39915D-03  3.65483D-03 -5.79168D-02  0.00000D+00 
 0.00000D+00  0.00000D+00  0.00000D+00  0.00000D+00  0.00000D+00  0.00000D+00 
 5.76350D-03  5.92305D-03 -2.61399D-02  0.00000D+00  0.00000D+00  0.00000D+00 
 0.00000D+00  0.00000D+00  0.00000D+00  0.00000D+00  7.57735D-03  7.68639D-03 
-8.13475D-03  0.00000D+00  0.00000D+00  0.00000D+00  0.00000D+00  0.00000D+00 
 0.00000D+00  0.00000D+00  9.27452D-03  9.36766D-03  5.64649D-03  0.00000D+00 
 0.00000D+00  0.00000D+00  0.00000D+00  0.00000D+00  0.00000D+00  0.00000D+00 
 1.14036D-02  1.14986D-02  1.71375D-02  0.00000D+00  0.00000D+00  0.00000D+00 
 0.00000D+00  0.00000D+00  0.00000D+00  0.00000D+00  1.42578D-02  1.43557D-02 
 2.70043D-02  0.00000D+00  0.00000D+00  0.00000D+00  0.00000D+00  0.00000D+00 
 2.38944D-02  2.29291D-02  1.56683D-02  1.57660D-02  3.07453D-02  0.00000D+00 
 0.00000D+00  0.00000D+00  0.00000D+00  0.00000D+00  2.22288D-02  2.18955D-02 
 1.60385D-02  1.61361D-02  3.16272D-02  0.00000D+00  0.00000D+00  0.00000D+00 
 0.00000D+00  0.00000D+00  2.26918D-02  2.62289D-02  1.75532D-02  1.76515D-02 
 3.47609D-02  0.00000D+00  0.00000D+00  0.00000D+00  0.00000D+00 -2.00178D-04 
 6.02332D-02  6.00342D-02  2.14712D-02  2.15806D-02  3.89598D-02  0.00000D+00 
 0.00000D+00  0.00000D+00  0.00000D+00  1.26837D-03  6.11423D-02  6.06376D-02 
 2.16823D-02  2.17926D-02  3.90502D-02  0.00000D+00  0.00000D+00  0.00000D+00 
 0.00000D+00  4.22946D-02  5.92725D-02  5.61165D-02  2.70602D-02  2.71890D-02 
 3.90191D-02  0.00000D+00  0.00000D+00  0.00000D+00  0.00000D+00  5.64810D-02 
 3.61072D-02  3.34618D-02  3.45784D-02  3.47305D-02  3.54582D-02  0.00000D+00 
 0.00000D+00  0.00000D+00  0.00000D+00  5.27799D-02  1.29004D-02  1.14933D-02 
 4.49530D-02  4.51413D-02  2.91328D-02  0.00000D+00  0.00000D+00  0.00000D+00 
 0.00000D+00  4.06075D-02 -1.06971D-03 -1.42392D-03  5.87758D-02  5.90079D-02 
 2.05257D-02  0.00000D+00  0.00000D+00  0.00000D+00  0.00000D+00  2.47320D-02 
-4.14570D-03 -3.75849D-03  7.67485D-02  7.70362D-02  9.98046D-03  0.00000D+00 
 0.00000D+00  0.00000D+00  0.00000D+00  8.82653D-03  2.52973D-03  3.41961D-03 
 9.91785D-02  9.95405D-02 -2.61914D-04  0.00000D+00  0.00000D+00  0.00000D+00 
 0.00000D+00 -4.08572D-03  1.74254D-02  1.86711D-02  1.26114D-01  1.26566D-01 
-8.29897D-03  0.00000D+00  0.00000D+00 -5.18531D-03 -9.39064D-03 -1.00010D-02 
 3.22269D-02  3.36655D-02  1.47695D-01  1.48223D-01 -1.13884D-02  0.00000D+00 
 0.00000D+00 -9.72674D-03 -1.28914D-02 -1.04625D-02  3.41074D-02  3.55656D-02 
 1.50267D-01  1.50806D-01 -1.15491D-02  0.00000D+00  0.00000D+00 -1.61663D-02 
-1.59711D-02 -1.14912D-02  3.94358D-02  4.09441D-02  1.57442D-01  1.58009D-01 
-1.17973D-02  0.00000D+00  1.62318D-01 -1.15547D-02 -9.05396D-03 -1.23015D-02 
 4.67447D-02  4.83121D-02  1.67030D-01  1.67636D-01 -1.17588D-02  0.00000D+00 
 5.16663D-02  2.13048D-02  2.45107D-02 -1.14798D-02  6.78375D-02  6.95333D-02 
 1.93270D-01  1.93986D-01 -9.64699D-03  0.00000D+00 -5.03453D-03  7.16013D-02 
 7.45202D-02 -2.85857D-03  1.02007D-01  1.03816D-01  2.33956D-01  2.34843D-01 
 6.08559D-04  0.00000D+00 -1.08164D-02  1.22775D-01  1.25499D-01  1.48638D-02 
 1.41373D-01  1.43230D-01  2.80342D-01  2.81389D-01  1.87175D-02  0.00000D+00 
 9.71912D-03  1.75916D-01  1.78459D-01  4.17047D-02  1.85643D-01  1.87494D-01 
 3.33633D-01  3.35006D-01  4.54155D-02  0.00000D+00  4.65850D-02  2.31522D-01 
 2.33843D-01  7.74280D-02  2.35051D-01  2.36761D-01  3.95065D-01  3.96767D-01 
 8.09238D-02  0.00000D+00  9.51032D-02  2.90405D-01  2.92398D-01  1.21829D-01 
 2.90062D-01  2.91432D-01  4.65277D-01  4.67180D-01  1.25014D-01  0.00000D+00 
 1.52784D-01  3.53546D-01  3.55000D-01  1.74907D-01  3.51104D-01  3.51823D-01 
 5.42289D-01  5.45658D-01  1.77616D-01  0.00000D+00  2.18320D-01  4.21834D-01 
 4.22403D-01  2.36410D-01  4.18511D-01  4.18211D-01  6.26624D-01  6.30392D-01 
 2.38518D-01 -2.36254D-02  2.47034D-01  4.51231D-01  4.51315D-01  2.63639D-01 
 4.47532D-01  4.46872D-01  6.62832D-01  6.66642D-01  2.65658D-01  1.15664D-01 
 2.91339D-01  4.96304D-01  4.95539D-01  3.05992D-01  4.92028D-01  4.90640D-01 
 7.19778D-01  7.22922D-01  3.07857D-01  2.58345D-01  3.72138D-01  5.78160D-01 
 5.75633D-01  3.84000D-01  5.73152D-01  5.69927D-01  8.21969D-01  8.27616D-01 
 3.85286D-01  3.79676D-01  4.61215D-01  6.68383D-01  6.63592D-01  4.70367D-01 
 6.63172D-01  6.57996D-01  9.39729D-01  9.47331D-01  4.71561D-01  4.98070D-01 
 5.59116D-01  7.68045D-01  7.59562D-01  5.66197D-01  7.63997D-01  7.54612D-01 
 1.06568D+00  1.07871D+00  5.67186D-01  6.19806D-01  6.66779D-01  8.78454D-01 
 8.64398D-01  6.72533D-01  8.74546D-01  8.60065D-01  1.20314D+00  1.21161D+00 
 6.73190D-01  7.48107D-01  7.84725D-01  9.99628D-01  9.80053D-01  7.89409D-01 
 9.95535D-01  9.75765D-01  1.34793D+00  1.35828D+00  7.89933D-01  8.85008D-01 
 9.13558D-01  1.13257D+00  1.10642D+00  9.17053D-01  1.12912D+00  1.10102D+00 
 1.49325D+00  1.50343D+00  9.17572D-01  1.03170D+00  1.05420D+00  1.27693D+00 
 1.23947D+00  1.05696D+00  1.27439D+00  1.23658D+00  1.63682D+00  1.66447D+00 
 1.05731D+00  1.18864D+00  1.20635D+00  1.43140D+00  1.38164D+00  1.20858D+00 
 1.42874D+00  1.37859D+00  1.78070D+00  1.80236D+00  1.20882D+00  1.35531D+00 
 1.36898D+00  1.59292D+00  1.52871D+00  1.37061D+00  1.59055D+00  1.52653D+00 
 1.91458D+00  1.93540D+00  1.37084D+00  1.52998D+00  1.54016D+00  1.75862D+00 
 1.67614D+00  1.54136D+00  1.75716D+00  1.67609D+00  2.01485D+00  2.05348D+00 
 1.54152D+00  1.70882D+00  1.71601D+00  1.92059D+00  1.82289D+00  1.71687D+00 
 1.91808D+00  1.82040D+00  2.07668D+00  2.10959D+00  1.71700D+00  1.88551D+00 
 1.89020D+00  2.06887D+00  1.95547D+00  1.89082D+00  2.06714D+00  1.95407D+00 
 2.10812D+00  2.19735D+00  1.89089D+00  2.05046D+00  2.05311D+00  2.19382D+00 
 2.07388D+00  2.05352D+00  2.19312D+00  2.07162D+00  2.11567D+00  2.20950D+00 
 2.05361D+00  2.19075D+00  2.19185D+00  2.28561D+00  2.16795D+00  2.19204D+00 
 2.28498D+00  2.16802D+00  2.10437D+00  2.27122D+00  2.19212D+00  2.29249D+00 
 2.29247D+00  2.33924D+00  2.24841D+00  2.29252D+00  2.33927D+00  2.24539D+00 
 2.08026D+00  2.35172D+00  2.29368D+00  0.00000D+00  0.00000D+00  0.00000D+00 
 0.00000D+00  0.00000D+00  0.00000D+00  0.00000D+00 -3.82901D-02 -7.41261D-03 
-9.79035D-01  0.00000D+00  0.00000D+00  0.00000D+00  0.00000D+00  0.00000D+00 
 0.00000D+00  0.00000D+00  1.00838D-01  1.06937D-01 -9.93229D-01  0.00000D+00 
 0.00000D+00  0.00000D+00  0.00000D+00  0.00000D+00  0.00000D+00  0.00000D+00 
 5.52230D-02  5.23759D-02 -9.96480D-01  0.00000D+00  0.00000D+00  0.00000D+00 
 0.00000D+00  0.00000D+00  0.00000D+00  0.00000D+00 -3.82484D-02 -4.40245D-02 
-9.97606D-01  0.00000D+00  0.00000D+00  0.00000D+00  0.00000D+00  0.00000D+00 
 0.00000D+00  0.00000D+00 -1.36990D-01 -1.43826D-01 -9.98034D-01  0.00000D+00 
 0.00000D+00  0.00000D+00  0.00000D+00  0.00000D+00  0.00000D+00  0.00000D+00 
-2.31777D-01 -2.38857D-01 -9.98218D-01  0.00000D+00  0.00000D+00  0.00000D+00 
 0.00000D+00  0.00000D+00 -3.84917D-01 -4.83124D-01 -2.72003D-01 -2.78996D-01 
-9.98282D-01  0.00000D+00  0.00000D+00  0.00000D+00  0.00000D+00  0.00000D+00 
-5.29802D-01 -4.65335D-01 -2.82191D-01 -2.89144D-01 -9.98300D-01  0.00000D+00 
 0.00000D+00  0.00000D+00  0.00000D+00  0.00000D+00 -1.28400D-01  6.91290D-02 
-3.22295D-01 -3.29021D-01 -9.98380D-01  0.00000D+00  0.00000D+00  0.00000D+00 
 0.00000D+00 -9.97215D-01  9.82050D-02  5.24870D-02 -4.06517D-01 -4.12401D-01 
-9.98628D-01  0.00000D+00  0.00000D+00  0.00000D+00  0.00000D+00 -9.97295D-01 
 7.40764D-02  2.88085D-02 -4.10105D-01 -4.15942D-01 -9.98641D-01  0.00000D+00 
 0.00000D+00  0.00000D+00  0.00000D+00 -9.96879D-01 -3.51614D-01 -3.69377D-01 
-4.79282D-01 -4.83964D-01 -9.98852D-01  0.00000D+00  0.00000D+00  0.00000D+00 
 0.00000D+00 -9.97538D-01 -5.85197D-01 -5.89450D-01 -5.37736D-01 -5.40914D-01 
-9.98817D-01  0.00000D+00  0.00000D+00  0.00000D+00  0.00000D+00 -9.98500D-01 
-7.00969D-01 -7.02394D-01 -5.80312D-01 -5.81766D-01 -9.98449D-01  0.00000D+00 
 0.00000D+00  0.00000D+00  0.00000D+00 -9.98306D-01 -7.63837D-01 -7.65637D-01 
-6.05180D-01 -6.04858D-01 -9.97795D-01  0.00000D+00  0.00000D+00  0.00000D+00 
 0.00000D+00 -9.97208D-01 -7.95909D-01 -7.99099D-01 -6.12139D-01 -6.10147D-01 
-9.96844D-01  0.00000D+00  0.00000D+00  0.00000D+00  0.00000D+00 -9.95994D-01 
-8.08325D-01 -8.13159D-01 -6.01811D-01 -5.98413D-01 -9.96102D-01  0.00000D+00 
 0.00000D+00  0.00000D+00  0.00000D+00 -9.95295D-01 -8.06059D-01 -8.12508D-01 
-5.75222D-01 -5.70814D-01 -9.95880D-01  0.00000D+00  0.00000D+00 -3.31314D-01 
-3.93178D-01 -9.95294D-01 -7.97160D-01 -8.04654D-01 -5.48151D-01 -5.43338D-01 
-9.95904D-01  0.00000D+00  0.00000D+00 -3.98666D-01 -4.45099D-01 -9.95321D-01 
-7.95806D-01 -8.03411D-01 -5.44722D-01 -5.39881D-01 -9.95929D-01  0.00000D+00 
 0.00000D+00 -5.17104D-01 -5.45737D-01 -9.95423D-01 -7.91773D-01 -7.99674D-01 
-5.35043D-01 -5.30145D-01 -9.96043D-01  0.00000D+00 -9.93573D-01 -6.02539D-01 
-6.20771D-01 -9.95612D-01 -7.85850D-01 -7.94120D-01 -5.21811D-01 -5.16885D-01 
-9.96292D-01  0.00000D+00 -9.89443D-01 -6.94954D-01 -7.06595D-01 -9.96358D-01 
-7.66864D-01 -7.75991D-01 -4.84283D-01 -4.79525D-01 -9.97041D-01  0.00000D+00 
-9.89963D-01 -7.21609D-01 -7.32426D-01 -9.97758D-01 -7.32124D-01 -7.42213D-01 
-4.26690D-01 -4.22760D-01 -9.98217D-01  0.00000D+00 -9.94331D-01 -7.04833D-01 
-7.16123D-01 -9.98980D-01 -6.88113D-01 -6.98895D-01 -3.65500D-01 -3.63112D-01 
-9.99160D-01  0.00000D+00 -9.97982D-01 -6.64761D-01 -6.76529D-01 -9.99167D-01 
-6.35265D-01 -6.46457D-01 -3.02478D-01 -3.02342D-01 -9.99067D-01  0.00000D+00 
-9.98904D-01 -6.08110D-01 -6.20172D-01 -9.97333D-01 -5.73951D-01 -5.85293D-01 
-2.37489D-01 -2.40019D-01 -9.97034D-01  0.00000D+00 -9.95799D-01 -5.38167D-01 
-5.50364D-01 -9.92391D-01 -5.04273D-01 -5.15645D-01 -1.68022D-01 -1.74164D-01 
-9.91933D-01  0.00000D+00 -9.87520D-01 -4.57229D-01 -4.69544D-01 -9.83062D-01 
-4.26389D-01 -4.37786D-01 -9.38903D-02 -1.03564D-01 -9.82417D-01  0.00000D+00 
-9.72829D-01 -3.67138D-01 -3.79801D-01 -9.67789D-01 -3.40419D-01 -3.52222D-01 
-1.37320D-02 -2.94290D-02 -9.67187D-01 -9.98134D-01 -9.64716D-01 -3.28270D-01 
-3.41215D-01 -9.59535D-01 -3.03337D-01 -3.15482D-01  1.87988D-02  1.42374D-03 
-9.58851D-01 -9.89507D-01 -9.50254D-01 -2.68999D-01 -2.82588D-01 -9.44970D-01 
-2.46987D-01 -2.59692D-01  7.04026D-02  4.80802D-02 -9.44287D-01 -9.57580D-01 
-9.17888D-01 -1.62773D-01 -1.78314D-01 -9.12472D-01 -1.45775D-01 -1.60553D-01 
 1.62482D-01  1.35655D-01 -9.11809D-01 -9.11489D-01 -8.73236D-01 -4.74056D-02 
-6.63798D-02 -8.68081D-01 -3.56850D-02 -5.33496D-02  2.79165D-01  2.40886D-01 
-8.67476D-01 -8.49644D-01 -8.13329D-01  7.87963D-02  5.43329D-02 -8.08472D-01 
 8.71203D-02  6.36397D-02  4.13900D-01  3.71141D-01 -8.07899D-01 -7.68603D-01 
-7.34352D-01  2.19559D-01  1.86023D-01 -7.29976D-01  2.26015D-01  1.92687D-01 
 5.71951D-01  5.18766D-01 -7.29269D-01 -6.63901D-01 -6.31670D-01  3.79732D-01 
 3.32876D-01 -6.27146D-01  3.82489D-01  3.36986D-01  7.55838D-01  6.83781D-01 
-6.26857D-01 -5.30168D-01 -5.00427D-01  5.63014D-01  4.99840D-01 -4.96606D-01 
 5.64338D-01  5.01751D-01  9.67920D-01  8.81419D-01 -4.95930D-01 -3.61409D-01 
-3.34222D-01  7.76482D-01  6.89378D-01 -3.30772D-01  7.77903D-01  6.88040D-01 
 1.18293D+00  1.12499D+00 -3.30337D-01 -1.51337D-01 -1.26584D-01  1.02341D+00 
 9.00831D-01 -1.23319D-01  1.02210D+00  9.00584D-01  1.42096D+00  1.33848D+00 
-1.23009D-01  1.05731D-01  1.27683D-01  1.30076D+00  1.13531D+00  1.30345D-01 
 1.29885D+00  1.13476D+00  1.67208D+00  1.56936D+00  1.30723D-01  4.13743D-01 
 4.32399D-01  1.60669D+00  1.38715D+00  4.34619D-01  1.60550D+00  1.38811D+00 
 1.88629D+00  1.82305D+00  4.34963D-01  7.71843D-01  7.86824D-01  1.92960D+00 
 1.64714D+00  7.88570D-01  1.92790D+00  1.64625D+00  2.03942D+00  1.94741D+00 
 7.88826D-01  1.17122D+00  1.18216D+00  2.24581D+00  1.90138D+00  1.18354D+00 
 2.24380D+00  1.89436D+00  2.14395D+00  2.20816D+00  1.18368D+00  1.59068D+00 
 1.59772D+00  2.53283D+00  2.12837D+00  1.59876D+00  2.53133D+00  2.12672D+00 
 2.21480D+00  2.27554D+00  1.59888D+00  1.99487D+00  1.99856D+00  2.76560D+00 
 2.32766D+00  1.99919D+00  2.76421D+00  2.32738D+00  2.27263D+00  2.51457D+00 
 1.99942D+00  2.33951D+00  2.34045D+00  2.92825D+00  2.51271D+00  2.34066D+00 
 2.92712D+00  2.50368D+00  2.28092D+00  2.84318D+00  2.34236D+00  0.00000D+00 
 0.00000D+00  0.00000D+00  0.00000D+00  0.00000D+00  0.00000D+00  0.00000D+00 
 5.72145D-04  7.01414D-04  5.79518D-02  0.00000D+00  0.00000D+00  0.00000D+00 
 0.00000D+00  0.00000D+00  0.00000D+00  0.00000D+00  1.53876D-03  1.58012D-03 
 2.61581D-02  0.00000D+00  0.00000D+00  0.00000D+00  0.00000D+00  0.00000D+00 
 0.00000D+00  0.00000D+00  1.43384D-03  1.42187D-03  8.14674D-03  0.00000D+00 
 0.00000D+00  0.00000D+00  0.00000D+00  0.00000D+00  0.00000D+00  0.00000D+00 
 8.74926D-04  8.41027D-04 -5.63756D-03  0.00000D+00  0.00000D+00  0.00000D+00 
 0.00000D+00  0.00000D+00  0.00000D+00  0.00000D+00  1.64979D-04  1.12704D-04 
-1.71285D-02  0.00000D+00  0.00000D+00  0.00000D+00  0.00000D+00  0.00000D+00 
 0.00000D+00  0.00000D+00 -7.82804D-04 -8.59815D-04 -2.69918D-02  0.00000D+00 
 0.00000D+00  0.00000D+00  0.00000D+00  0.00000D+00 -3.85183D-03 -1.28395D-03 
-1.30901D-03 -1.39779D-03 -3.07304D-02  0.00000D+00  0.00000D+00  0.00000D+00 
 0.00000D+00  0.00000D+00 -1.72364D-03  3.29035D-03 -1.45480D-03 -1.54659D-03 
-3.16116D-02  0.00000D+00  0.00000D+00  0.00000D+00  0.00000D+00  0.00000D+00 
 2.37810D-02  2.90592D-02 -2.08068D-03 -2.18470D-03 -3.47427D-02  0.00000D+00 
 0.00000D+00  0.00000D+00  0.00000D+00  2.09010D-04  1.39884D-03 -3.01459D-03 
-3.82455D-03 -3.96089D-03 -3.89389D-02  0.00000D+00  0.00000D+00  0.00000D+00 
 0.00000D+00 -1.25684D-03 -1.32500D-03 -5.37245D-03 -3.92168D-03 -4.05977D-03 
-3.90294D-02  0.00000D+00  0.00000D+00  0.00000D+00  0.00000D+00 -4.22446D-02 
-3.33121D-02 -3.21265D-02 -6.54288D-03 -6.72098D-03 -3.90052D-02  0.00000D+00 
 0.00000D+00  0.00000D+00  0.00000D+00 -5.64132D-02 -2.91659D-02 -2.70760D-02 
-1.07249D-02 -1.09453D-02 -3.54601D-02  0.00000D+00  0.00000D+00  0.00000D+00 
 0.00000D+00 -5.27458D-02 -1.26808D-02 -1.12724D-02 -1.70671D-02 -1.73258D-02 
-2.91479D-02  0.00000D+00  0.00000D+00  0.00000D+00  0.00000D+00 -4.06246D-02 
 2.76187D-04  9.22671D-04 -2.60659D-02 -2.63410D-02 -2.05516D-02  0.00000D+00 
 0.00000D+00  0.00000D+00  0.00000D+00 -2.47731D-02  4.57644D-03  4.68031D-03 
-3.79983D-02 -3.82536D-02 -1.00004D-02  0.00000D+00  0.00000D+00  0.00000D+00 
 0.00000D+00 -8.83739D-03 -1.10915D-04 -3.84362D-04 -5.26735D-02 -5.28668D-02 
 2.97755D-04  0.00000D+00  0.00000D+00  0.00000D+00  0.00000D+00  4.15967D-03 
-1.25671D-02 -1.31610D-02 -6.92680D-02 -6.93556D-02  8.40443D-03  0.00000D+00 
 0.00000D+00  1.86096D-02  2.04283D-02  1.01536D-02 -2.52211D-02 -2.60493D-02 
-8.15374D-02 -8.15354D-02  1.15449D-02  0.00000D+00  0.00000D+00  2.05669D-02 
 2.20844D-02  1.06241D-02 -2.68253D-02 -2.76815D-02 -8.29374D-02 -8.29258D-02 
 1.17128D-02  0.00000D+00  0.00000D+00  2.34803D-02  2.37302D-02  1.16772D-02 
-3.13600D-02 -3.22936D-02 -8.67621D-02 -8.67237D-02  1.19858D-02  0.00000D+00 
-1.62409D-01  2.06803D-02  1.95209D-02  1.25172D-02 -3.75468D-02 -3.85838D-02 
-9.16713D-02 -9.16011D-02  1.19883D-02  0.00000D+00 -5.16052D-02 -4.22286D-03 
-6.32142D-03  1.17566D-02 -5.50708D-02 -5.64004D-02 -1.03947D-01 -1.03815D-01 
 9.89127D-03  0.00000D+00  5.57706D-03 -4.61952D-02 -4.86159D-02  3.15431D-03 
-8.21802D-02 -8.39752D-02 -1.20051D-01 -1.19933D-01 -3.26669D-04  0.00000D+00 
 1.14798D-02 -8.78539D-02 -9.07484D-02 -1.46492D-02 -1.11128D-01 -1.13465D-01 
-1.34531D-01 -1.34582D-01 -1.85499D-02  0.00000D+00 -9.26584D-03 -1.27577D-01 
-1.31078D-01 -4.16439D-02 -1.40573D-01 -1.43532D-01 -1.47456D-01 -1.47974D-01 
-4.54117D-02  0.00000D+00 -4.64724D-02 -1.64142D-01 -1.68329D-01 -7.74810D-02 
-1.69529D-01 -1.73101D-01 -1.58242D-01 -1.59798D-01 -8.09915D-02  0.00000D+00 
-9.51534D-02 -1.96598D-01 -2.01511D-01 -1.21732D-01 -1.96980D-01 -2.01123D-01 
-1.65631D-01 -1.68636D-01 -1.24882D-01  0.00000D+00 -1.52372D-01 -2.23981D-01 
-2.29632D-01 -1.74021D-01 -2.21398D-01 -2.26220D-01 -1.66312D-01 -1.71760D-01 
-1.76670D-01  0.00000D+00 -2.16176D-01 -2.45236D-01 -2.51676D-01 -2.33475D-01 
-2.41102D-01 -2.46540D-01 -1.58490D-01 -1.67102D-01 -2.35492D-01  2.35863D-02 
-2.43626D-01 -2.51892D-01 -2.58699D-01 -2.59308D-01 -2.47238D-01 -2.52977D-01 
-1.52435D-01 -1.63209D-01 -2.61156D-01 -1.14969D-01 -2.85270D-01 -2.59417D-01 
-2.66839D-01 -2.98815D-01 -2.54042D-01 -2.60338D-01 -1.43142D-01 -1.55711D-01 
-3.00528D-01 -2.52917D-01 -3.58612D-01 -2.65294D-01 -2.74129D-01 -3.69074D-01 
-2.59346D-01 -2.67124D-01 -1.17024D-01 -1.37454D-01 -3.70151D-01 -3.63599D-01 
-4.34707D-01 -2.60534D-01 -2.71597D-01 -4.42133D-01 -2.54905D-01 -2.64886D-01 
-7.68280D-02 -1.08152D-01 -4.43182D-01 -4.62757D-01 -5.11248D-01 -2.41896D-01 
-2.56742D-01 -5.16416D-01 -2.37622D-01 -2.50841D-01 -1.63005D-02 -5.95254D-02 
-5.17136D-01 -5.52658D-01 -5.85146D-01 -2.05536D-01 -2.26915D-01 -5.88956D-01 
-2.01699D-01 -2.21629D-01  6.84071D-02  6.46623D-03 -5.89189D-01 -6.30797D-01 
-6.51049D-01 -1.44387D-01 -1.77027D-01 -6.53374D-01 -1.41281D-01 -1.72405D-01 
 1.76096D-01  9.18280D-02 -6.53750D-01 -6.91243D-01 -7.01770D-01 -5.10855D-02 
-9.91534D-02 -7.02650D-01 -5.04518D-02 -9.64042D-02  3.26391D-01  2.00027D-01 
-7.02794D-01 -7.24532D-01 -7.28077D-01  8.51707D-02  1.36241D-02 -7.28526D-01 
 8.74030D-02  1.62275D-02  4.83764D-01  3.62872D-01 -7.28455D-01 -7.17449D-01 
-7.15089D-01  2.77561D-01  1.66429D-01 -7.14525D-01  2.77338D-01  1.67719D-01 
 6.75408D-01  4.95689D-01 -7.14597D-01 -6.53126D-01 -6.46508D-01  5.29391D-01 
 3.64486D-01 -6.45573D-01  5.27340D-01  3.63785D-01  9.18962D-01  6.80961D-01 
-6.45385D-01 -5.12114D-01 -5.02658D-01  8.45983D-01  5.98009D-01 -5.01467D-01 
 8.45464D-01  6.04879D-01  1.15268D+00  9.37416D-01 -5.01292D-01 -2.75944D-01 
-2.65303D-01  1.21842D+00  8.73532D-01 -2.64066D-01  1.21457D+00  8.76580D-01 
 1.32249D+00  1.00442D+00 -2.63870D-01  6.57829D-02  7.55827D-02  1.61919D+00 
 1.16062D+00  7.67152D-02  1.61544D+00  1.15632D+00  1.46853D+00  1.39531D+00 
 7.68119D-02  5.03850D-01  5.11366D-01  2.01680D+00  1.43809D+00  5.12354D-01 
 2.01505D+00  1.43665D+00  1.59808D+00  1.45040D+00  5.12422D-01  9.98657D-01 
 1.00335D+00  2.36989D+00  1.69552D+00  1.00409D+00  2.36771D+00  1.69660D+00 
 1.73594D+00  1.86240D+00  1.00462D+00  1.47990D+00  1.48161D+00  2.64561D+00 
 1.95580D+00  1.48187D+00  2.64449D+00  1.93933D+00  1.77187D+00  2.48148D+00 
 1.48514D+00  0.00000D+00  0.00000D+00  0.00000D+00  0.00000D+00  0.00000D+00 
 0.00000D+00  0.00000D+00  3.13730D-06  3.73782D-06 -5.78320D-04  0.00000D+00 
 0.00000D+00  0.00000D+00  0.00000D+00  0.00000D+00  0.00000D+00  0.00000D+00 
 1.11168D-05  1.16041D-05  1.27326D-04  0.00000D+00  0.00000D+00  0.00000D+00 
 0.00000D+00  0.00000D+00  0.00000D+00  0.00000D+00  1.56141D-05  1.57742D-05 
 1.54971D-04  0.00000D+00  0.00000D+00  0.00000D+00  0.00000D+00  0.00000D+00 
 0.00000D+00  0.00000D+00  1.65044D-05  1.64498D-05 -9.64793D-06  0.00000D+00 
 0.00000D+00  0.00000D+00  0.00000D+00  0.00000D+00  0.00000D+00  0.00000D+00 
 1.48981D-05  1.46398D-05 -2.47149D-04  0.00000D+00  0.00000D+00  0.00000D+00 
 0.00000D+00  0.00000D+00  0.00000D+00  0.00000D+00  9.39413D-06  8.79708D-06 
-4.62312D-04  0.00000D+00  0.00000D+00  0.00000D+00  0.00000D+00  0.00000D+00 
-5.86780D-05 -2.84514D-05  4.88032D-06  4.06600D-06 -5.26313D-04  0.00000D+00 
 0.00000D+00  0.00000D+00  0.00000D+00  0.00000D+00 -2.78078D-05  2.80710D-05 
 3.45685D-06  2.57949D-06 -5.38109D-04  0.00000D+00  0.00000D+00  0.00000D+00 
 0.00000D+00  0.00000D+00  3.77762D-04  4.92904D-04 -3.47711D-06 -4.64064D-06 
-5.62733D-04  0.00000D+00  0.00000D+00  0.00000D+00  0.00000D+00 -3.57831D-05 
 5.96024D-04  4.90369D-04 -2.83025D-05 -3.03904D-05 -4.93522D-04  0.00000D+00 
 0.00000D+00  0.00000D+00  0.00000D+00 -7.62196D-05  5.51374D-04  4.47490D-04 
-2.98417D-05 -3.19839D-05 -4.87847D-04  0.00000D+00  0.00000D+00  0.00000D+00 
 0.00000D+00 -1.62091D-03 -4.89238D-04 -5.06083D-04 -7.51109D-05 -7.87007D-05 
-3.99789D-04  0.00000D+00  0.00000D+00  0.00000D+00  0.00000D+00 -1.45053D-03 
-1.25282D-03 -1.20616D-03 -1.65733D-04 -1.71673D-04 -5.31571D-04  0.00000D+00 
 0.00000D+00  0.00000D+00  0.00000D+00 -7.38250D-04 -1.50581D-03 -1.43836D-03 
-3.49552D-04 -3.59087D-04 -9.71131D-04  0.00000D+00  0.00000D+00  0.00000D+00 
 0.00000D+00 -1.08360D-03 -1.33290D-03 -1.27009D-03 -7.04376D-04 -7.18981D-04 
-1.69535D-03  0.00000D+00  0.00000D+00  0.00000D+00  0.00000D+00 -2.27701D-03 
-8.73606D-04 -8.29133D-04 -1.34140D-03 -1.36197D-03 -2.69995D-03  0.00000D+00 
 0.00000D+00  0.00000D+00  0.00000D+00 -3.55614D-03 -3.44552D-04 -3.27016D-04 
-2.42648D-03 -2.45389D-03 -3.47793D-03  0.00000D+00  0.00000D+00  0.00000D+00 
 0.00000D+00 -4.29838D-03 -3.83551D-05 -5.66774D-05 -4.18015D-03 -4.21461D-03 
-3.73020D-03  0.00000D+00  0.00000D+00  7.71329D-04  6.91368D-04 -4.31941D-03 
-1.48429D-04 -1.99358D-04 -5.89938D-03 -5.93799D-03 -3.71837D-03  0.00000D+00 
 0.00000D+00  7.16499D-04  6.66496D-04 -4.29411D-03 -1.84922D-04 -2.39954D-04 
-6.12256D-03 -6.16156D-03 -3.69482D-03  0.00000D+00  0.00000D+00  7.28882D-04 
 7.42839D-04 -4.19670D-03 -3.13260D-04 -3.80683D-04 -6.76369D-03 -6.80442D-03 
-3.58583D-03  0.00000D+00 -5.91734D-03  9.45275D-04  9.63902D-04 -4.01185D-03 
-5.47410D-04 -6.31934D-04 -7.66674D-03 -7.70976D-03 -3.34264D-03  0.00000D+00 
-1.01080D-02  1.12491D-03  1.05284D-03 -3.27339D-03 -1.57083D-03 -1.70760D-03 
-1.03911D-02 -1.04404D-02 -2.58902D-03  0.00000D+00 -9.62372D-03 -6.08711D-04 
-8.25078D-04 -1.87677D-03 -4.21863D-03 -4.45091D-03 -1.51225D-02 -1.51921D-02 
-1.41886D-03  0.00000D+00 -5.26096D-03 -4.83456D-03 -5.21935D-03 -6.57412D-04 
-8.63028D-03 -8.99724D-03 -2.11332D-02 -2.12461D-02 -4.73693D-04  0.00000D+00 
-1.61841D-03 -1.16858D-02 -1.22920D-02 -4.78758D-04 -1.51348D-02 -1.56950D-02 
-2.87334D-02 -2.89236D-02 -5.52452D-04  0.00000D+00 -7.22561D-04 -2.13417D-02 
-2.22453D-02 -2.32850D-03 -2.40774D-02 -2.49100D-02 -3.81887D-02 -3.86464D-02 
-2.63072D-03  0.00000D+00 -3.86676D-03 -3.39762D-02 -3.52733D-02 -7.28183D-03 
-3.58852D-02 -3.70527D-02 -4.99372D-02 -5.07739D-02 -7.73810D-03  0.00000D+00 
-1.21523D-02 -4.97037D-02 -5.15080D-02 -1.65704D-02 -5.09035D-02 -5.24995D-02 
-6.31825D-02 -6.49574D-02 -1.72058D-02  0.00000D+00 -2.67044D-02 -6.85382D-02 
-7.09852D-02 -3.16422D-02 -6.92934D-02 -7.14833D-02 -7.73734D-02 -7.98436D-02 
-3.21940D-02 -1.53065D-03 -3.46718D-02 -7.70600D-02 -7.98168D-02 -3.97182D-02 
-7.76913D-02 -8.01534D-02 -8.24324D-02 -8.58947D-02 -4.03590D-02 -1.01157D-02 
-4.87632D-02 -9.04639D-02 -9.37474D-02 -5.38544D-02 -9.07995D-02 -9.37273D-02 
-9.06490D-02 -9.51611D-02 -5.45099D-02 -4.14458D-02 -7.98041D-02 -1.15463D-01 
-1.19931D-01 -8.49300D-02 -1.15234D-01 -1.19107D-01 -1.02239D-01 -1.11796D-01 
-8.55358D-02 -8.55538D-02 -1.21543D-01 -1.43122D-01 -1.49335D-01 -1.26233D-01 
-1.42084D-01 -1.48100D-01 -1.15354D-01 -1.31311D-01 -1.26830D-01 -1.42684D-01 
-1.75573D-01 -1.71952D-01 -1.80760D-01 -1.79876D-01 -1.70969D-01 -1.79152D-01 
-1.24864D-01 -1.48812D-01 -1.80318D-01 -2.13983D-01 -2.43412D-01 -1.99648D-01 
-2.12780D-01 -2.47000D-01 -1.99153D-01 -2.11224D-01 -1.26529D-01 -1.59327D-01 
-2.47693D-01 -3.00094D-01 -3.25857D-01 -2.22439D-01 -2.43460D-01 -3.29397D-01 
-2.21142D-01 -2.41315D-01 -1.16985D-01 -1.72640D-01 -3.29656D-01 -4.00178D-01 
-4.21447D-01 -2.32451D-01 -2.66704D-01 -4.23858D-01 -2.32570D-01 -2.64296D-01 
-8.25261D-02 -1.78061D-01 -4.24405D-01 -5.10502D-01 -5.27320D-01 -2.22841D-01 
-2.73316D-01 -5.29457D-01 -2.20949D-01 -2.72956D-01 -2.59171D-02 -1.29671D-01 
-5.29652D-01 -6.22714D-01 -6.34954D-01 -1.72340D-01 -2.56617D-01 -6.36349D-01 
-1.72627D-01 -2.56548D-01  4.09440D-02 -1.16134D-01 -6.36505D-01 -7.21790D-01 
-7.29277D-01 -7.11893D-02 -2.05772D-01 -7.30096D-01 -7.32847D-02 -2.04934D-01 
 1.89463D-01 -6.96007D-02 -7.30006D-01 -7.84576D-01 -7.87421D-01  9.84138D-02 
-1.13491D-01 -7.87671D-01  9.77728D-02 -1.06506D-01  3.76633D-01  1.26557D-01 
-7.87607D-01 -7.79945D-01 -7.78448D-01  3.49232D-01  3.36196D-02 -7.78297D-01 
 3.48574D-01  3.75899D-02  5.59465D-01  8.42365D-02 -7.78329D-01 -6.74137D-01 
-6.70041D-01  6.69069D-01  2.30970D-01 -6.69578D-01  6.66166D-01  2.23045D-01 
 7.29667D-01  5.26911D-01 -6.69596D-01 -4.43921D-01 -4.39297D-01  1.04609D+00 
 4.54149D-01 -4.38846D-01  1.04367D+00  4.57268D-01  9.48100D-01  5.34257D-01 
-4.39027D-01 -9.60466D-02 -9.21207D-02  1.44369D+00  7.04689D-01 -9.16461D-02 
 1.44080D+00  7.10823D-01  1.21763D+00  1.02537D+00 -9.09195D-02  3.20573D-01 
 3.22824D-01  1.81687D+00  1.00520D+00  3.23100D-01  1.81368D+00  9.85186D-01 
 1.33432D+00  1.85485D+00  3.26959D-01  0.00000D+00  0.00000D+00  0.00000D+00 
 0.00000D+00  0.00000D+00  0.00000D+00  0.00000D+00 -1.15312D-08 -9.03552D-09 
-1.49512D-05  0.00000D+00  0.00000D+00  0.00000D+00  0.00000D+00  0.00000D+00 
 0.00000D+00  0.00000D+00  3.09293D-08  3.51277D-08 -1.94642D-06  0.00000D+00 
 0.00000D+00  0.00000D+00  0.00000D+00  0.00000D+00  0.00000D+00  0.00000D+00 
 8.21991D-08  8.51653D-08  1.67968D-06  0.00000D+00  0.00000D+00  0.00000D+00 
 0.00000D+00  0.00000D+00  0.00000D+00  0.00000D+00  1.24329D-07  1.25897D-07 
 2.20445D-06  0.00000D+00  0.00000D+00  0.00000D+00  0.00000D+00  0.00000D+00 
 0.00000D+00  0.00000D+00  1.61430D-07  1.61510D-07 -1.45033D-07  0.00000D+00 
 0.00000D+00  0.00000D+00  0.00000D+00  0.00000D+00  0.00000D+00  0.00000D+00 
 1.84437D-07  1.81674D-07 -5.45093D-06  0.00000D+00  0.00000D+00  0.00000D+00 
 0.00000D+00  0.00000D+00 -4.98433D-08  1.36662D-07  1.78734D-07  1.73927D-07 
-8.49519D-06  0.00000D+00  0.00000D+00  0.00000D+00  0.00000D+00  0.00000D+00 
 1.29727D-07  6.05541D-07  1.74616D-07  1.69104D-07 -9.30528D-06  0.00000D+00 
 0.00000D+00  0.00000D+00  0.00000D+00  0.00000D+00  4.69657D-06  6.39185D-06 
 1.43161D-07  1.34327D-07 -1.24716D-05  0.00000D+00  0.00000D+00  0.00000D+00 
 0.00000D+00  8.78661D-08  1.80636D-05  1.63569D-05 -7.08709D-08 -9.28019D-08 
-1.67615D-05  0.00000D+00  0.00000D+00  0.00000D+00  0.00000D+00 -1.52456D-07 
 1.79768D-05  1.61977D-05 -8.79751D-08 -1.10763D-07 -1.67905D-05  0.00000D+00 
 0.00000D+00  0.00000D+00  0.00000D+00 -3.39423D-05  7.64812D-06  5.96938D-06 
-7.11718D-07 -7.61629D-07 -1.26938D-05  0.00000D+00  0.00000D+00  0.00000D+00 
 0.00000D+00 -5.99545D-05 -1.10770D-05 -1.16394D-05 -2.32706D-06 -2.43284D-06 
 3.88428D-08  0.00000D+00  0.00000D+00  0.00000D+00  0.00000D+00 -3.20435D-05 
-3.11409D-05 -3.05133D-05 -6.45008D-06 -6.67021D-06  1.35290D-05  0.00000D+00 
 0.00000D+00  0.00000D+00  0.00000D+00  1.49196D-05 -4.76025D-05 -4.59384D-05 
-1.66647D-05 -1.71067D-05  2.13087D-05  0.00000D+00  0.00000D+00  0.00000D+00 
 0.00000D+00  3.56795D-05 -5.49240D-05 -5.24980D-05 -4.01610D-05 -4.09908D-05 
 1.23141D-05  0.00000D+00  0.00000D+00  0.00000D+00  0.00000D+00  2.88147D-06 
-4.82046D-05 -4.55111D-05 -9.03170D-05 -9.18307D-05 -4.27752D-05  0.00000D+00 
 0.00000D+00  0.00000D+00  0.00000D+00 -8.40039D-05 -2.74244D-05 -2.53513D-05 
-1.95417D-04 -1.98104D-04 -1.15929D-04  0.00000D+00  0.00000D+00 -5.07162D-06 
-9.79670D-06 -1.63736D-04 -1.03975D-05 -9.69707D-06 -3.22800D-04 -3.26738D-04 
-1.64372D-04  0.00000D+00  0.00000D+00 -1.01731D-05 -1.37085D-05 -1.72905D-04 
-8.80131D-06 -8.31333D-06 -3.40957D-04 -3.44916D-04 -1.73302D-04  0.00000D+00 
 0.00000D+00 -1.73727D-05 -1.67761D-05 -1.97472D-04 -5.22911D-06 -5.31619D-06 
-3.94329D-04 -3.98874D-04 -2.03061D-04  0.00000D+00  9.61097D-05 -1.07740D-05 
-7.40767D-06 -2.27546D-04 -2.82140D-06 -4.01851D-06 -4.75003D-04 -4.80054D-04 
-2.46130D-04  0.00000D+00 -7.07587D-05  3.13897D-05  3.35540D-05 -2.89035D-04 
-1.67101D-05 -2.19789D-05 -7.57448D-04 -7.65238D-04 -2.49931D-04  0.00000D+00 
-5.57444D-04  3.40998D-05  2.62396D-05 -3.08179D-04 -1.30727D-04 -1.46132D-04 
-1.35817D-03 -1.37012D-03 -2.89945D-04  0.00000D+00 -6.78431D-04 -1.70114D-04 
-1.97972D-04 -2.27670D-04 -4.56166D-04 -4.91195D-04 -2.32914D-03 -2.35111D-03 
-1.77826D-04  0.00000D+00 -4.67537D-04 -7.67800D-04 -8.30989D-04 -7.57107D-05 
-1.15217D-03 -1.21982D-03 -3.83545D-03 -3.87409D-03 -1.15536D-05  0.00000D+00 
-1.28408D-04 -2.00629D-03 -2.12931D-03  3.46917D-05 -2.44321D-03 -2.56543D-03 
-6.13239D-03 -6.21056D-03  7.00060D-05  0.00000D+00  2.77490D-05 -4.21972D-03 
-4.44111D-03 -1.20794D-04 -4.65221D-03 -4.86656D-03 -9.61966D-03 -9.79521D-03 
-1.49589D-04  0.00000D+00 -4.46222D-04 -7.84718D-03 -8.22585D-03 -9.18509D-04 
-8.24957D-03 -8.59980D-03 -1.47672D-02 -1.51170D-02 -1.02530D-03  0.00000D+00 
-2.18459D-03 -1.34432D-02 -1.40659D-02 -2.96737D-03 -1.38279D-02 -1.44056D-02 
-2.16754D-02 -2.23918D-02 -3.04511D-03 -1.75676D-05 -3.44310D-03 -1.64313D-02 
-1.71841D-02 -4.35293D-03 -1.68315D-02 -1.75344D-02 -2.52255D-02 -2.58634D-02 
-4.52608D-03 -7.50887D-04 -6.07671D-03 -2.17173D-02 -2.27117D-02 -7.16155D-03 
-2.21457D-02 -2.30777D-02 -3.01732D-02 -3.16641D-02 -7.31785D-03 -5.43051D-03 
-1.33706D-02 -3.36277D-02 -3.52064D-02 -1.47227D-02 -3.39776D-02 -3.53895D-02 
-4.08873D-02 -4.40320D-02 -1.49192D-02 -1.57879D-02 -2.58447D-02 -5.04299D-02 
-5.29752D-02 -2.74806D-02 -5.05362D-02 -5.30459D-02 -5.59144D-02 -6.05910D-02 
-2.76195D-02 -3.40829D-02 -4.59059D-02 -7.34617D-02 -7.75495D-02 -4.76888D-02 
-7.34525D-02 -7.73077D-02 -7.35472D-02 -8.45655D-02 -4.79402D-02 -6.34592D-02 
-7.66631D-02 -1.03892D-01 -1.10466D-01 -7.83172D-02 -1.04223D-01 -1.10366D-01 
-9.78010D-02 -1.07947D-01 -7.88399D-02 -1.07913D-01 -1.22217D-01 -1.42910D-01 
-1.54104D-01 -1.24247D-01 -1.43006D-01 -1.53592D-01 -1.16605D-01 -1.42091D-01 
-1.24323D-01 -1.72098D-01 -1.86936D-01 -1.89883D-01 -2.10040D-01 -1.88998D-01 
-1.89694D-01 -2.09362D-01 -1.29998D-01 -1.78852D-01 -1.89395D-01 -2.60613D-01 
-2.74892D-01 -2.43393D-01 -2.75585D-01 -2.76437D-01 -2.44157D-01 -2.73864D-01 
-1.39027D-01 -2.00079D-01 -2.76884D-01 -3.76583D-01 -3.90397D-01 -2.93523D-01 
-3.47966D-01 -3.92242D-01 -2.92896D-01 -3.47345D-01 -1.29937D-01 -2.53731D-01 
-3.92267D-01 -5.19104D-01 -5.30963D-01 -3.29778D-01 -4.20012D-01 -5.32476D-01 
-3.31799D-01 -4.22472D-01 -8.76529D-02 -2.88063D-01 -5.32542D-01 -6.79842D-01 
-6.89179D-01 -3.31568D-01 -4.84509D-01 -6.90281D-01 -3.31388D-01 -4.78070D-01 
 2.83356D-02 -1.69176D-01 -6.90218D-01 -8.38857D-01 -8.44498D-01 -2.71230D-01 
-5.09146D-01 -8.45175D-01 -2.74426D-01 -5.01394D-01  1.34686D-01 -3.49110D-01 
-8.45420D-01 -9.63091D-01 -9.65147D-01 -1.34841D-01 -4.77691D-01 -9.65333D-01 
-1.39255D-01 -4.80349D-01  2.78882D-01  4.12760D-02 -9.65423D-01 -1.01124D+00 
-1.01082D+00  9.45904D-02 -3.82740D-01 -1.01092D+00  9.23539D-02 -3.75488D-01 
 4.83785D-01 -6.25587D-02 -1.01125D+00 -9.50307D-01 -9.48636D-01  4.08871D-01 
-2.12375D-01 -9.48563D-01  4.05474D-01 -2.05778D-01  7.68615D-01  3.52397D-01 
-9.47915D-01 -7.76406D-01 -7.74856D-01  7.68089D-01  5.03065D-02 -7.74696D-01 
 7.65184D-01  2.63328D-02  8.74953D-01  1.18391D+00 -7.70407D-01  0.00000D+00 
 0.00000D+00  0.00000D+00  0.00000D+00  0.00000D+00  0.00000D+00  0.00000D+00 
-8.70744D-11 -7.92066D-11 -1.59464D-07  0.00000D+00  0.00000D+00  0.00000D+00 
 0.00000D+00  0.00000D+00  0.00000D+00  0.00000D+00  7.63351D-11  9.76938D-11 
-4.42638D-08  0.00000D+00  0.00000D+00  0.00000D+00  0.00000D+00  0.00000D+00 
 0.00000D+00  0.00000D+00  4.16077D-10  4.38677D-10  1.69480D-09  0.00000D+00 
 0.00000D+00  0.00000D+00  0.00000D+00  0.00000D+00  0.00000D+00  0.00000D+00 
 8.78077D-10  8.97613D-10  2.78515D-08  0.00000D+00  0.00000D+00  0.00000D+00 
 0.00000D+00  0.00000D+00  0.00000D+00  0.00000D+00  1.52579D-09  1.53931D-09 
 2.74765D-08  0.00000D+00  0.00000D+00  0.00000D+00  0.00000D+00  0.00000D+00 
 0.00000D+00  0.00000D+00  2.42601D-09  2.42690D-09 -2.63710D-08  0.00000D+00 
 0.00000D+00  0.00000D+00  0.00000D+00  0.00000D+00  6.20889D-10  2.24177D-09 
 2.84918D-09  2.84808D-09 -7.77612D-08  0.00000D+00  0.00000D+00  0.00000D+00 
 0.00000D+00  0.00000D+00  2.38952D-09  6.24713D-09  2.95112D-09  2.94702D-09 
-9.43571D-08  0.00000D+00  0.00000D+00  0.00000D+00  0.00000D+00  0.00000D+00 
 4.93675D-08  6.80989D-08  3.30360D-09  3.27292D-09 -1.75677D-07  0.00000D+00 
 0.00000D+00  0.00000D+00  0.00000D+00 -4.63962D-09  3.11688D-07  2.89991D-07 
 2.87325D-09  2.75790D-09 -4.33387D-07  0.00000D+00  0.00000D+00  0.00000D+00 
 0.00000D+00 -8.08599D-09  3.18193D-07  2.94800D-07  2.77763D-09  2.65643D-09 
-4.46769D-07  0.00000D+00  0.00000D+00  0.00000D+00  0.00000D+00 -6.03703D-07 
 3.23759D-07  2.84852D-07 -2.78715D-09 -3.14256D-09 -7.10101D-07  0.00000D+00 
 0.00000D+00  0.00000D+00  0.00000D+00 -1.81043D-06  9.47398D-08  5.91317D-08 
-2.36640D-08 -2.46255D-08 -8.05925D-07  0.00000D+00  0.00000D+00  0.00000D+00 
 0.00000D+00 -2.38636D-06 -3.70476D-07 -3.90933D-07 -8.47451D-08 -8.69179D-08 
-5.67735D-07  0.00000D+00  0.00000D+00  0.00000D+00  0.00000D+00 -1.79783D-06 
-1.06948D-06 -1.06234D-06 -2.64409D-07 -2.68841D-07 -2.06823D-07  0.00000D+00 
 0.00000D+00  0.00000D+00  0.00000D+00 -3.98004D-07 -1.89011D-06 -1.84096D-06 
-7.91702D-07 -8.04116D-07  2.59329D-07  0.00000D+00  0.00000D+00  0.00000D+00 
 0.00000D+00  5.59749D-07 -2.52200D-06 -2.41751D-06 -2.16143D-06 -2.19720D-06 
 2.02101D-07  0.00000D+00  0.00000D+00  0.00000D+00  0.00000D+00 -8.61397D-07 
-2.44770D-06 -2.28871D-06 -5.61448D-06 -5.71075D-06 -3.10044D-06  0.00000D+00 
 0.00000D+00 -7.69049D-09 -1.40179D-08 -4.26655D-06 -1.72270D-06 -1.55236D-06 
-1.08950D-05 -1.10584D-05 -5.62528D-06  0.00000D+00  0.00000D+00 -1.45446D-08 
-1.69392D-08 -4.79521D-06 -1.60462D-06 -1.43462D-06 -1.16728D-05 -1.19009D-05 
-5.57099D-06  0.00000D+00  0.00000D+00  5.64016D-09  3.30954D-08 -6.38373D-06 
-1.24005D-06 -1.08076D-06 -1.42009D-05 -1.43839D-05 -5.71207D-06  0.00000D+00 
 1.34647D-07  1.69322D-07  2.40583D-07 -8.72860D-06 -7.31029D-07 -5.92216D-07 
-1.80786D-05 -1.83160D-05 -7.77600D-06  0.00000D+00 -4.51447D-06  1.53411D-06 
 1.68959D-06 -1.60052D-05  4.88174D-07  4.98266D-07 -3.33603D-05 -3.39750D-05 
-2.15015D-05  0.00000D+00 -2.91232D-05  4.24535D-06  4.13572D-06 -2.66312D-05 
-1.03502D-06 -1.74106D-06 -7.49271D-05 -7.60251D-05 -3.05939D-05  0.00000D+00 
-5.73285D-05 -1.37804D-06 -2.79362D-06 -3.18125D-05 -1.62866D-05 -1.84453D-05 
-1.60152D-04 -1.62727D-04 -3.97166D-05  0.00000D+00 -6.54727D-05 -3.87388D-05 
-4.36099D-05 -2.44503D-05 -6.80440D-05 -7.34451D-05 -3.20364D-04 -3.26610D-04 
-5.22847D-05  0.00000D+00 -4.20677D-05 -1.53714D-04 -1.66297D-04 -2.64933D-06 
-1.99231D-04 -2.14130D-04 -6.19624D-04 -6.33276D-04  4.30588D-07  0.00000D+00 
 3.45947D-06 -4.29854D-04 -4.58387D-04  2.01589D-05 -4.91077D-04 -5.19097D-04 
-1.18190D-03 -1.21171D-03  2.00902D-05  0.00000D+00  2.46477D-05 -1.01175D-03 
-1.07171D-03 -1.62143D-06 -1.08350D-03 -1.14273D-03 -2.23938D-03 -2.28412D-03 
 9.02247D-06  0.00000D+00 -9.16006D-05 -2.13661D-03 -2.25623D-03 -1.77992D-04 
-2.22374D-03 -2.33584D-03 -3.93268D-03 -4.10811D-03 -2.18214D-04 -5.36885D-07 
-2.24573D-04 -2.82682D-03 -2.98334D-03 -3.41940D-04 -2.92180D-03 -3.07116D-03 
-4.99756D-03 -5.12034D-03 -3.88580D-04 -4.98567D-05 -5.72700D-04 -4.17936D-03 
-4.40881D-03 -7.44289D-04 -4.30280D-03 -4.52112D-03 -6.67164D-03 -6.95620D-03 
-7.67686D-04 -6.22296D-04 -1.83590D-03 -7.73815D-03 -8.16266D-03 -2.10047D-03 
-7.88107D-03 -8.29470D-03 -1.10696D-02 -1.14423D-02 -2.15022D-03 -2.52398D-03 
-4.61978D-03 -1.37547D-02 -1.45486D-02 -5.05208D-03 -1.39149D-02 -1.46398D-02 
-1.81783D-02 -1.80976D-02 -5.05741D-03 -7.01971D-03 -1.01933D-02 -2.36498D-02 
-2.51295D-02 -1.06999D-02 -2.37688D-02 -2.51908D-02 -2.93982D-02 -3.08967D-02 
-1.08425D-02 -1.61783D-02 -2.05958D-02 -3.93320D-02 -4.20028D-02 -2.12871D-02 
-3.95001D-02 -4.20760D-02 -4.43667D-02 -4.58547D-02 -2.13291D-02 -3.32766D-02 
-3.90951D-02 -6.33436D-02 -6.82845D-02 -3.99750D-02 -6.36598D-02 -6.82726D-02 
-6.36812D-02 -6.71760D-02 -3.99798D-02 -6.32876D-02 -7.06832D-02 -9.89048D-02 
-1.08555D-01 -7.18910D-02 -9.83537D-02 -1.08237D-01 -9.06888D-02 -1.13399D-01 
-7.20528D-02 -1.13297D-01 -1.21898D-01 -1.48221D-01 -1.66886D-01 -1.22827D-01 
-1.48911D-01 -1.66491D-01 -1.19954D-01 -1.38802D-01 -1.23199D-01 -1.92586D-01 
-2.02523D-01 -2.14180D-01 -2.44566D-01 -2.03984D-01 -2.13274D-01 -2.45051D-01 
-1.53281D-01 -1.94067D-01 -2.04066D-01 -3.11696D-01 -3.22206D-01 -2.89873D-01 
-3.45264D-01 -3.23587D-01 -2.92144D-01 -3.47820D-01 -1.82285D-01 -2.80454D-01 
-3.23898D-01 -4.79828D-01 -4.90263D-01 -3.67784D-01 -4.70838D-01 -4.91597D-01 
-3.68842D-01 -4.64989D-01 -1.57121D-01 -2.19683D-01 -4.91688D-01 -6.99079D-01 
-7.08237D-01 -4.19491D-01 -5.86469D-01 -7.09311D-01 -4.19187D-01 -5.80179D-01 
-1.44193D-01 -4.60502D-01 -7.09547D-01 -9.56446D-01 -9.63092D-01 -4.26770D-01 
-6.70183D-01 -9.63823D-01 -4.30208D-01 -6.76432D-01 -1.16734D-01 -1.86846D-01 
-9.63927D-01 -1.21572D+00 -1.21937D+00 -3.53131D-01 -7.12151D-01 -1.21989D+00 
-3.55963D-01 -7.03657D-01 -7.47704D-03 -3.51493D-01 -1.22014D+00 -1.41868D+00 
-1.41992D+00 -1.77997D-01 -6.63034D-01 -1.42022D+00 -1.81574D-01 -6.51492D-01 
 2.20359D-01 -7.61697D-02 -1.42006D+00 -1.50338D+00 -1.50336D+00  8.19108D-02 
-5.10110D-01 -1.50342D+00  7.72519D-02 -5.23603D-01  2.86278D-01  6.11577D-01 
-1.50213D+00  0.00000D+00  0.00000D+00  0.00000D+00  0.00000D+00  0.00000D+00 
 0.00000D+00  0.00000D+00 -5.48951D-13 -5.47331D-13 -1.26336D-09  0.00000D+00 
 0.00000D+00  0.00000D+00  0.00000D+00  0.00000D+00  0.00000D+00  0.00000D+00 
-3.91797D-13 -2.88920D-13 -5.17101D-10  0.00000D+00  0.00000D+00  0.00000D+00 
 0.00000D+00  0.00000D+00  0.00000D+00  0.00000D+00  1.26373D-12  1.43671D-12 
-1.31567D-10  0.00000D+00  0.00000D+00  0.00000D+00  0.00000D+00  0.00000D+00 
 0.00000D+00  0.00000D+00  4.93709D-12  5.13127D-12  2.39976D-10  0.00000D+00 
 0.00000D+00  0.00000D+00  0.00000D+00  0.00000D+00  0.00000D+00  0.00000D+00 
 1.23031D-11  1.25303D-11  5.82016D-10  0.00000D+00  0.00000D+00  0.00000D+00 
 0.00000D+00  0.00000D+00  0.00000D+00  0.00000D+00  2.72492D-11  2.75762D-11 
 6.39616D-10  0.00000D+00  0.00000D+00  0.00000D+00  0.00000D+00  0.00000D+00 
 1.85098D-12  9.07831D-12  3.76732D-11  3.79960D-11  4.13809D-10  0.00000D+00 
 0.00000D+00  0.00000D+00  0.00000D+00  0.00000D+00  9.80043D-12  2.90090D-11 
 4.07080D-11  4.11253D-11  3.09197D-10  0.00000D+00  0.00000D+00  0.00000D+00 
 0.00000D+00  0.00000D+00  3.01393D-10  4.38366D-10  5.47197D-11  5.51310D-11 
-3.25371D-10  0.00000D+00  0.00000D+00  0.00000D+00  0.00000D+00 -2.02172D-11 
 3.11457D-09  2.99955D-09  9.64601D-11  9.65488D-11 -3.71886D-09  0.00000D+00 
 0.00000D+00  0.00000D+00  0.00000D+00 -3.82585D-11  3.24674D-09  3.11341D-09 
 9.86781D-11  9.86755D-11 -3.94796D-09  0.00000D+00  0.00000D+00  0.00000D+00 
 0.00000D+00 -5.79279D-09  5.33144D-09  4.89340D-09  1.29318D-10  1.28291D-10 
-1.06518D-08  0.00000D+00  0.00000D+00  0.00000D+00  0.00000D+00 -2.75195D-08 
 5.21713D-09  4.59751D-09  2.35160D-11  1.11520D-11 -1.95926D-08  0.00000D+00 
 0.00000D+00  0.00000D+00  0.00000D+00 -5.46229D-08  1.01446D-09  3.74283D-10 
-6.60565D-10 -6.58035D-10 -2.40413D-08  0.00000D+00  0.00000D+00  0.00000D+00 
 0.00000D+00 -6.67874D-08 -1.00066D-08 -1.03904D-08 -3.26012D-09 -3.46553D-09 
-1.52333D-08  0.00000D+00  0.00000D+00  0.00000D+00  0.00000D+00 -4.39448D-08 
-2.97655D-08 -2.92976D-08 -1.41771D-08 -1.49941D-08 -9.02283D-10  0.00000D+00 
 0.00000D+00  0.00000D+00  0.00000D+00  1.14583D-08 -5.49257D-08 -5.25709D-08 
-5.23707D-08 -5.22472D-08  4.16420D-08  0.00000D+00  0.00000D+00  0.00000D+00 
 0.00000D+00  3.70153D-08 -6.88114D-08 -6.34523D-08 -1.67818D-07 -1.73672D-07 
 3.68101D-08  0.00000D+00  0.00000D+00 -1.97252D-11 -2.12458D-11 -3.99724D-08 
-5.35490D-08 -4.51038D-08 -3.75990D-07 -3.87319D-07 -2.91159D-07  0.00000D+00 
 0.00000D+00 -1.89937D-11  4.65614D-11 -5.70988D-08 -4.95888D-08 -4.16057D-08 
-4.10576D-07 -3.97249D-07 -2.60185D-07  0.00000D+00  0.00000D+00  5.22891D-10 
 1.03229D-09 -1.15149D-07 -3.68604D-08 -2.72886D-08 -5.13367D-07 -5.45789D-07 
-2.60131D-07  0.00000D+00  9.29864D-11  4.05270D-09  5.68463D-09 -2.18186D-07 
-1.51694D-08 -1.39843D-09 -6.76183D-07 -7.32989D-07 -1.48149D-07  0.00000D+00 
-1.26722D-07  4.72676D-08  5.36747D-08 -6.50684D-07  7.16748D-08  8.67078D-08 
-1.39820D-06 -1.35724D-06 -1.16200D-06  0.00000D+00 -1.31369D-06  2.20518D-07 
 2.24255D-07 -1.66714D-06  1.79329D-07  1.56789D-07 -3.78654D-06 -3.84573D-06 
-6.31076D-07  0.00000D+00 -3.87638D-06  2.39626D-07  1.85711D-07 -2.93207D-06 
-2.40301D-07 -2.83711D-07 -9.26877D-06 -9.44230D-06 -2.18175D-06  0.00000D+00 
-6.53422D-06 -1.31540D-06 -1.58830D-06 -3.60886D-06 -2.87061D-06 -3.03643D-06 
-2.07666D-05 -2.12771D-05 -1.03876D-05  0.00000D+00 -6.91066D-06 -8.63660D-06 
-9.53604D-06 -2.33182D-06 -1.20953D-05 -1.29586D-05 -4.57593D-05 -4.72085D-05 
-2.20545D-05  0.00000D+00 -2.71663D-06 -3.21708D-05 -3.46729D-05  1.71529D-06 
-3.88883D-05 -4.14298D-05 -1.00622D-04 -1.04065D-04 -1.63830D-06  0.00000D+00 
 5.34381D-06 -9.57091D-05 -1.02046D-04  6.38929D-06 -1.05670D-04 -1.11796D-04 
-2.27092D-04 -2.33866D-04  4.02897D-05  0.00000D+00  6.55566D-06 -2.49716D-04 
-2.64800D-04 -1.76825D-09 -2.65512D-04 -2.79515D-04 -5.08064D-04 -5.15751D-04 
-2.95220D-05 -1.50424D-08 -1.67909D-06 -3.58545D-04 -3.79810D-04 -1.29850D-05 
-3.77621D-04 -3.97645D-04 -6.47025D-04 -6.80401D-04 -4.37571D-06 -3.07860D-06 
-3.49619D-05 -5.95240D-04 -6.29732D-04 -5.63909D-05 -6.23326D-04 -6.55027D-04 
-1.00590D-03 -1.03397D-03 -5.16630D-05 -6.53436D-05 -2.10100D-04 -1.32895D-03 
-1.40310D-03 -2.54930D-04 -1.37380D-03 -1.45277D-03 -1.94440D-03 -2.01195D-03 
-2.68933D-04 -3.66732D-04 -7.22959D-04 -2.82522D-03 -2.98609D-03 -8.10628D-04 
-2.89488D-03 -3.02710D-03 -3.73716D-03 -3.79064D-03 -8.11263D-04 -1.30652D-03 
-2.00810D-03 -5.78090D-03 -6.13020D-03 -2.13114D-03 -5.86260D-03 -6.22539D-03 
-7.54724D-03 -7.39673D-03 -2.14598D-03 -3.70726D-03 -4.93001D-03 -1.13972D-02 
-1.21183D-02 -5.20352D-03 -1.15099D-02 -1.21789D-02 -1.33725D-02 -1.32451D-02 
-5.10808D-03 -9.16876D-03 -1.11134D-02 -2.16402D-02 -2.30650D-02 -1.14237D-02 
-2.18491D-02 -2.33130D-02 -2.30207D-02 -2.34322D-02 -1.14887D-02 -2.06458D-02 
-2.35977D-02 -3.97099D-02 -4.27862D-02 -2.41160D-02 -3.96251D-02 -4.29031D-02 
-3.97827D-02 -4.08563D-02 -2.40949D-02 -4.32903D-02 -4.74913D-02 -6.98185D-02 
-7.67133D-02 -4.81832D-02 -7.03193D-02 -7.66782D-02 -6.13030D-02 -5.84006D-02 
-4.81259D-02 -8.55168D-02 -9.09537D-02 -1.18588D-01 -1.30297D-01 -9.17839D-02 
-1.18343D-01 -1.29255D-01 -9.59990D-02 -1.06714D-01 -9.18899D-02 -1.59880D-01 
-1.66860D-01 -1.89619D-01 -2.10294D-01 -1.67720D-01 -1.91036D-01 -2.13332D-01 
-1.40606D-01 -1.77926D-01 -1.68005D-01 -2.82942D-01 -2.90956D-01 -2.86710D-01 
-3.28957D-01 -2.91942D-01 -2.87556D-01 -3.27172D-01 -1.69618D-01 -1.53021D-01 
-2.92253D-01 -4.71981D-01 -4.80709D-01 -3.99404D-01 -4.71303D-01 -4.81712D-01 
-3.99829D-01 -4.66597D-01 -2.03963D-01 -3.82928D-01 -4.81786D-01 -7.36842D-01 
-7.44779D-01 -5.16159D-01 -6.16420D-01 -7.45766D-01 -5.18984D-01 -6.18478D-01 
-2.92152D-01 -2.29597D-01 -7.45818D-01 -1.06569D+00 -1.07152D+00 -6.03757D-01 
-7.44329D-01 -1.07227D+00 -6.05989D-01 -7.39064D-01 -2.81035D-01 -4.17808D-01 
-1.07222D+00 -1.41140D+00 -1.41489D+00 -6.26316D-01 -8.08883D-01 -1.41544D+00 
-6.29335D-01 -8.01341D-01 -1.90886D-01 -2.74838D-01 -1.41588D+00 -1.69413D+00 
-1.69587D+00 -5.69747D-01 -7.73349D-01 -1.69618D+00 -5.73295D-01 -7.83646D-01 
-2.32207D-01  1.94617D-01 -1.69782D+00  0.00000D+00  0.00000D+00  0.00000D+00 
 0.00000D+00  0.00000D+00  0.00000D+00  0.00000D+00 -2.90814D-15 -3.05474D-15 
-8.52380D-12  0.00000D+00  0.00000D+00  0.00000D+00  0.00000D+00  0.00000D+00 
 0.00000D+00  0.00000D+00 -7.08800D-15 -6.73703D-15 -4.99213D-12  0.00000D+00 
 0.00000D+00  0.00000D+00  0.00000D+00  0.00000D+00  0.00000D+00  0.00000D+00 
-6.19822D-15 -5.29791D-15 -3.10721D-12  0.00000D+00  0.00000D+00  0.00000D+00 
 0.00000D+00  0.00000D+00  0.00000D+00  0.00000D+00  6.98646D-15  8.41935D-15 
-5.83724D-13  0.00000D+00  0.00000D+00  0.00000D+00  0.00000D+00  0.00000D+00 
 0.00000D+00  0.00000D+00  5.35913D-14  5.65871D-14  3.19348D-12  0.00000D+00 
 0.00000D+00  0.00000D+00  0.00000D+00  0.00000D+00  0.00000D+00  0.00000D+00 
 2.01601D-13  2.08105D-13  7.52163D-12  0.00000D+00  0.00000D+00  0.00000D+00 
 0.00000D+00  0.00000D+00  3.70328D-15  3.03361D-14  3.40141D-13  3.43855D-13 
 8.54073D-12  0.00000D+00  0.00000D+00  0.00000D+00  0.00000D+00  0.00000D+00 
 3.29661D-14  1.17886D-13  3.87577D-13  3.91755D-13  8.47146D-12  0.00000D+00 
 0.00000D+00  0.00000D+00  0.00000D+00  0.00000D+00  1.67440D-12  2.59113D-12 
 6.29874D-13  6.42735D-13  6.56927D-12  0.00000D+00  0.00000D+00  0.00000D+00 
 0.00000D+00 -7.06193D-14  2.81670D-11  2.79392D-11  1.79522D-12  1.81281D-12 
-2.24059D-11  0.00000D+00  0.00000D+00  0.00000D+00  0.00000D+00 -1.49475D-13 
 2.98823D-11  2.94988D-11  1.87661D-12  1.89195D-12 -2.48665D-11  0.00000D+00 
 0.00000D+00  0.00000D+00  0.00000D+00 -4.84931D-11  6.90666D-11  6.47202D-11 
 4.71570D-12  4.71858D-12 -1.26962D-10  0.00000D+00  0.00000D+00  0.00000D+00 
 0.00000D+00 -3.48467D-10  9.80468D-11  8.84489D-11  1.13459D-11  1.16610D-11 
-3.39310D-10  0.00000D+00  0.00000D+00  0.00000D+00  0.00000D+00 -9.97793D-10 
 6.10394D-11  4.45372D-11  2.44517D-11  2.27632D-11 -6.75995D-10  0.00000D+00 
 0.00000D+00  0.00000D+00  0.00000D+00 -1.81007D-09 -1.52074D-10 -1.75470D-10 
 5.66655D-11  4.37134D-11 -9.08534D-10  0.00000D+00  0.00000D+00  0.00000D+00 
 0.00000D+00 -2.24451D-09 -7.15588D-10 -7.33321D-10  6.12472D-11  4.63891D-12 
-7.49725D-10  0.00000D+00  0.00000D+00  0.00000D+00  0.00000D+00 -1.70863D-09 
-1.74083D-09 -1.71084D-09 -2.79791D-10 -3.58092D-10 -1.15049D-09  0.00000D+00 
 0.00000D+00  0.00000D+00  0.00000D+00 -9.33802D-10 -2.83862D-09 -2.72648D-09 
-1.73492D-09 -2.94014D-09 -2.63221D-09  0.00000D+00  0.00000D+00 -2.35161D-14 
 2.25289D-13 -2.62523D-09 -2.89717D-09 -2.27163D-09 -4.70404D-09 -1.02384D-08 
-1.01723D-09  0.00000D+00  0.00000D+00  2.91516D-13  1.62017D-12 -3.09911D-09 
-2.72861D-09 -2.25395D-09 -7.08860D-09 -1.01928D-08 -1.59363D-09  0.00000D+00 
 0.00000D+00  1.12774D-11  2.15577D-11 -4.80982D-09 -2.08932D-09 -2.32732D-09 
-8.44680D-09 -1.37641D-08 -3.25266D-09  0.00000D+00 -4.41157D-12  9.27308D-11 
 1.34106D-10 -8.10757D-09 -1.43651D-09 -6.65605D-10 -1.65596D-08 -1.41619D-08 
-1.06036D-08  0.00000D+00 -3.19099D-09  1.54614D-09  1.81601D-09 -2.47619D-08 
 3.70938D-09  4.82790D-09 -2.86711D-08 -4.50426D-08 -3.41112D-08  0.00000D+00 
-4.66345D-08  1.11539D-08  1.17851D-08 -7.58623D-08  1.90768D-08  1.82221D-08 
-1.63777D-07 -2.03262D-07 -9.64073D-08  0.00000D+00 -1.77618D-07  2.65778D-08 
 2.54353D-08 -1.58100D-07  2.39730D-08  3.55709D-08 -4.15415D-07 -4.01228D-07 
-1.79537D-07  0.00000D+00 -3.67051D-07 -2.35710D-08 -3.65930D-08 -2.20292D-07 
-7.21678D-08 -9.66830D-08 -1.13577D-06 -1.16292D-06 -1.83906D-07  0.00000D+00 
-4.42510D-07 -4.59551D-07 -5.19528D-07 -1.20730D-07 -6.78448D-07 -5.17469D-07 
-3.08097D-06 -3.19415D-06  6.40072D-07  0.00000D+00 -6.86663D-08 -2.33903D-06 
-2.55228D-06  3.66209D-07 -2.99766D-06 -3.58930D-06 -7.92511D-06 -8.07142D-06 
 6.92685D-07  0.00000D+00  1.08010D-06 -8.69734D-06 -9.35836D-06  1.32351D-06 
-9.85356D-06 -1.03243D-05 -1.82119D-05 -2.06862D-05 -3.86060D-06  0.00000D+00 
 2.49613D-06 -2.74527D-05 -2.93231D-05  1.99061D-06 -2.95861D-05 -3.15104D-05 
-6.19859D-05 -5.52801D-05 -1.29232D-05 -5.17623D-10  2.49240D-06 -4.24858D-05 
-4.52781D-05  1.47413D-06 -4.53717D-05 -4.76811D-05 -7.32016D-05 -8.79431D-05 
 1.25531D-05 -2.44558D-07  2.58828D-07 -7.78716D-05 -8.28968D-05 -1.98431D-06 
-8.27144D-05 -8.66934D-05 -1.29805D-04 -1.45662D-04  1.31914D-06 -7.04876D-06 
-1.96340D-05 -2.04799D-04 -2.17109D-04 -2.61867D-05 -2.13700D-04 -2.28112D-04 
-3.02521D-04 -3.21619D-04 -2.90850D-05 -4.94696D-05 -9.69163D-05 -5.06234D-04 
-5.36833D-04 -1.10592D-04 -5.24197D-04 -5.48835D-04 -7.15194D-04 -6.88386D-04 
-1.11366D-04 -2.13539D-04 -3.34811D-04 -1.20075D-03 -1.27568D-03 -3.58887D-04 
-1.23112D-03 -1.31252D-03 -1.70405D-03 -1.37246D-03 -3.56906D-04 -7.20512D-04 
-9.82403D-04 -2.73660D-03 -2.91389D-03 -1.05633D-03 -2.78401D-03 -2.92968D-03 
-3.24085D-03 -3.63345D-03 -1.01683D-03 -2.09260D-03 -2.59110D-03 -5.99339D-03 
-6.36064D-03 -2.67438D-03 -6.07670D-03 -6.46800D-03 -6.57623D-03 -7.15825D-03 
-2.70454D-03 -5.48419D-03 -6.37872D-03 -1.26196D-02 -1.34865D-02 -6.54312D-03 
-1.26002D-02 -1.34768D-02 -1.33350D-02 -1.04287D-02 -6.52053D-03 -1.32934D-02 
-1.48128D-02 -2.54669D-02 -2.75720D-02 -1.51094D-02 -2.57386D-02 -2.79248D-02 
-2.33411D-02 -3.28639D-02 -1.50439D-02 -3.01941D-02 -3.24283D-02 -4.96117D-02 
-5.40941D-02 -3.27763D-02 -4.95442D-02 -5.34416D-02 -4.14790D-02 -3.85170D-02 
-3.28310D-02 -6.46097D-02 -6.79918D-02 -9.11690D-02 -9.68904D-02 -6.84004D-02 
-9.20602D-02 -9.91640D-02 -7.10385D-02 -9.95782D-02 -6.85504D-02 -1.30338D-01 
-1.34807D-01 -1.58541D-01 -1.74425D-01 -1.35346D-01 -1.59213D-01 -1.74078D-01 
-9.81170D-02 -4.61045D-02 -1.35571D-01 -2.46872D-01 -2.52604D-01 -2.54517D-01 
-2.81435D-01 -2.53271D-01 -2.54585D-01 -2.78412D-01 -1.47202D-01 -2.71729D-01 
-2.53286D-01 -4.35983D-01 -4.42148D-01 -3.81574D-01 -4.11303D-01 -4.42959D-01 
-3.83418D-01 -4.13411D-01 -2.38855D-01 -1.46642D-01 -4.42982D-01 -7.10613D-01 
-7.16093D-01 -5.23729D-01 -5.55770D-01 -7.16805D-01 -5.25639D-01 -5.51028D-01 
-2.93662D-01 -3.29615D-01 -7.16653D-01 -1.05619D+00 -1.06038D+00 -6.52732D-01 
-6.74695D-01 -1.06102D+00 -6.55191D-01 -6.68391D-01 -2.89714D-01 -2.81277D-01 
-1.06161D+00 -1.41587D+00 -1.41886D+00 -7.44416D-01 -7.28690D-01 -1.41930D+00 
-7.47978D-01 -7.36367D-01 -3.93022D-01  1.52697D-02 -1.42163D+00  0.00000D+00 
 0.00000D+00  0.00000D+00  0.00000D+00  0.00000D+00  0.00000D+00  0.00000D+00 
-9.51697D-18 -1.02526D-17 -4.60030D-14  0.00000D+00  0.00000D+00  0.00000D+00 
 0.00000D+00  0.00000D+00  0.00000D+00  0.00000D+00 -3.38409D-17 -3.32077D-17 
-3.41327D-14  0.00000D+00  0.00000D+00  0.00000D+00  0.00000D+00  0.00000D+00 
 0.00000D+00  0.00000D+00 -5.44406D-17 -5.12330D-17 -2.99764D-14  0.00000D+00 
 0.00000D+00  0.00000D+00  0.00000D+00  0.00000D+00  0.00000D+00  0.00000D+00 
-3.79917D-17 -3.11594D-17 -2.08049D-14  0.00000D+00  0.00000D+00  0.00000D+00 
 0.00000D+00  0.00000D+00  0.00000D+00  0.00000D+00  1.27198D-16  1.47616D-16 
 1.09245D-15  0.00000D+00  0.00000D+00  0.00000D+00  0.00000D+00  0.00000D+00 
 0.00000D+00  0.00000D+00  9.32350D-16  9.94364D-16  4.09597D-14  0.00000D+00 
 0.00000D+00  0.00000D+00  0.00000D+00  0.00000D+00  5.78817D-18  8.10051D-17 
 1.89114D-15  1.91697D-15  6.15927D-14  0.00000D+00  0.00000D+00  0.00000D+00 
 0.00000D+00  0.00000D+00  8.83886D-17  3.98314D-16  2.25832D-15  2.28453D-15 
 6.55483D-14  0.00000D+00  0.00000D+00  0.00000D+00  0.00000D+00  0.00000D+00 
 8.17350D-15  1.35363D-14  4.23514D-15  4.40212D-15  7.47192D-14  0.00000D+00 
 0.00000D+00  0.00000D+00  0.00000D+00 -1.99755D-16  2.26436D-13  2.30306D-13 
 1.65297D-14  1.68502D-14 -1.09601D-13  0.00000D+00  0.00000D+00  0.00000D+00 
 0.00000D+00 -4.91912D-16  2.44278D-13  2.47179D-13  1.74500D-14  1.77346D-14 
-1.31005D-13  0.00000D+00  0.00000D+00  0.00000D+00  0.00000D+00 -3.68241D-13 
 7.76798D-13  7.42346D-13  5.86389D-14  5.85081D-14 -1.29856D-12  0.00000D+00 
 0.00000D+00  0.00000D+00  0.00000D+00 -3.75569D-12  1.53415D-12  1.42174D-12 
 1.98963D-13  2.18822D-13 -4.63707D-12  0.00000D+00  0.00000D+00  0.00000D+00 
 0.00000D+00 -1.38600D-11  1.68451D-12  1.42106D-12  6.45217D-13  5.01314D-13 
-8.52773D-12  0.00000D+00  0.00000D+00  0.00000D+00  0.00000D+00 -3.01337D-11 
-1.54078D-12 -2.04730D-12  2.12322D-12  1.58159D-12 -1.02230D-11  0.00000D+00 
 0.00000D+00  0.00000D+00  0.00000D+00 -3.90423D-11 -1.53041D-11 -1.60250D-11 
 5.60971D-12  3.09807D-12 -1.13545D-11  0.00000D+00  0.00000D+00  0.00000D+00 
 0.00000D+00 -7.59171D-12 -5.25336D-11 -5.28371D-11  1.41866D-11  6.03228D-13 
 4.11765D-11  0.00000D+00  0.00000D+00  0.00000D+00  0.00000D+00  8.19936D-11 
-1.21064D-10 -1.17362D-10  7.12750D-11 -5.61138D-11  7.43101D-11  0.00000D+00 
 0.00000D+00  1.20033D-15  1.12220D-14  1.16601D-10 -1.69386D-10 -1.66502D-10 
 2.74871D-10 -4.30597D-10 -1.12631D-10  0.00000D+00  0.00000D+00  1.17492D-14 
 4.95022D-14  1.12291D-10 -1.74699D-10 -1.65067D-10  7.83270D-11 -5.54952D-10 
-5.08397D-11  0.00000D+00  0.00000D+00  3.01255D-13  6.09486D-13  8.42080D-11 
-1.83808D-10 -1.48700D-10  1.94280D-10 -2.92289D-10  6.56212D-11  0.00000D+00 
-1.59833D-13  2.83480D-12  4.23247D-12 -4.84657D-13 -1.61981D-10 -1.66171D-10 
-4.34635D-10  4.59217D-10  2.36424D-10  0.00000D+00 -1.03102D-10  6.35072D-11 
 7.55852D-11 -6.54261D-10  2.19147D-11 -5.20861D-11  8.62035D-10 -2.53027D-09 
-2.02891D-09  0.00000D+00 -2.09123D-09  6.71164D-10  7.25155D-10 -3.69067D-09 
 7.51088D-10  1.75929D-09 -7.41998D-09 -1.44261D-08 -3.60071D-09  0.00000D+00 
-1.06825D-08  2.83273D-09  2.90578D-09 -1.12827D-08  4.07042D-09  7.24519D-10 
-1.17174D-08 -7.42955D-09 -1.36746D-08  0.00000D+00 -3.01072D-08  5.75290D-09 
 5.40807D-09 -2.40020D-08  8.84144D-09 -1.31181D-08 -4.53728D-08 -4.61917D-08 
-5.13240D-08  0.00000D+00 -5.61198D-08 -5.15588D-09 -8.20240D-09 -3.48894D-08 
-1.49911D-08  4.39967D-08 -1.65172D-07 -1.71954D-07 -4.52915D-08  0.00000D+00 
-6.35279D-08 -1.02971D-07 -1.17531D-07 -2.16712D-08 -1.74528D-07 -3.04232D-07 
-4.85451D-07 -4.48807D-07 -1.38125D-09  0.00000D+00  1.91405D-09 -5.63991D-07 
-6.19644D-07  5.10429D-08 -6.94280D-07 -6.99458D-07 -4.31158D-07 -1.07122D-06 
-4.90995D-07  0.00000D+00  1.77869D-07 -2.29074D-06 -2.47549D-06  1.81703D-07 
-2.55103D-06 -2.78243D-06 -5.87818D-06 -3.34908D-06 -1.22145D-06 -3.29263D-11 
 2.48912D-07 -3.90029D-06 -4.18457D-06  2.11170D-07 -4.29177D-06 -4.44150D-06 
-4.81726D-06 -9.31309D-06  1.56627D-06 -1.43637D-08  2.08991D-07 -7.98863D-06 
-8.56449D-06  5.64825D-08 -8.71929D-06 -9.02953D-06 -1.06292D-05 -1.62014D-05 
 5.10533D-07 -5.87534D-07 -1.46004D-06 -2.52978D-05 -2.68744D-05 -2.18305D-06 
-2.66858D-05 -2.87626D-05 -3.31686D-05 -3.79469D-05 -2.57044D-06 -5.35089D-06 
-1.06815D-05 -7.32562D-05 -7.77522D-05 -1.24274D-05 -7.69177D-05 -8.05606D-05 
-1.14009D-04 -9.44809D-05 -1.25966D-05 -2.85865D-05 -4.62956D-05 -2.02552D-04 
-2.14933D-04 -5.01740D-05 -2.11257D-04 -2.24904D-04 -3.25311D-04 -1.31103D-04 
-4.93264D-05 -1.16197D-04 -1.63434D-04 -5.36071D-04 -5.70230D-04 -1.79001D-04 
-5.50844D-04 -5.72377D-04 -5.18972D-04 -8.54771D-04 -1.69119D-04 -3.99604D-04 
-5.07048D-04 -1.35845D-03 -1.42886D-03 -5.25699D-04 -1.38418D-03 -1.45930D-03 
-1.37585D-03 -1.99238D-03 -5.34409D-04 -1.22540D-03 -1.45291D-03 -3.28592D-03 
-3.45402D-03 -1.49655D-03 -3.27694D-03 -3.42824D-03 -3.45572D-03 -1.16643D-03 
-1.48781D-03 -3.44504D-03 -3.90143D-03 -7.59629D-03 -8.05451D-03 -4.00048D-03 
-7.72212D-03 -8.31235D-03 -5.90030D-03 -1.69607D-02 -3.97166D-03 -9.01283D-03 
-9.77701D-03 -1.69498D-02 -1.83503D-02 -9.89857D-03 -1.69189D-02 -1.80438D-02 
-1.41931D-02 -5.11213D-03 -9.91991D-03 -2.20830D-02 -2.34317D-02 -3.56968D-02 
-3.58369D-02 -2.35931D-02 -3.61605D-02 -3.71256D-02 -2.46953D-02 -4.89411D-02 
-2.36583D-02 -5.07418D-02 -5.27800D-02 -7.10096D-02 -7.48454D-02 -5.30248D-02 
-7.13728D-02 -7.49138D-02 -3.93849D-02  1.92979D-02 -5.31424D-02 -1.08923D-01 
-1.11942D-01 -1.30313D-01 -1.34874D-01 -1.12294D-01 -1.30643D-01 -1.33361D-01 
-5.69736D-02 -1.46851D-01 -1.12293D-01 -2.16934D-01 -2.20664D-01 -2.23440D-01 
-2.18790D-01 -2.21158D-01 -2.24735D-01 -2.20066D-01 -1.46672D-01 -4.48847D-02 
-2.21167D-01 -3.96737D-01 -4.00565D-01 -3.51492D-01 -3.26272D-01 -4.01082D-01 
-3.52710D-01 -3.22340D-01 -1.93203D-01 -1.85868D-01 -4.00920D-01 -6.58196D-01 
-6.61636D-01 -5.04839D-01 -4.34346D-01 -6.62206D-01 -5.06546D-01 -4.28501D-01 
-2.37814D-01 -1.65575D-01 -6.62656D-01 -9.79301D-01 -9.82228D-01 -6.67759D-01 
-5.14189D-01 -9.82725D-01 -6.69848D-01 -5.19308D-01 -3.64349D-01  1.30720D-02 
-9.84260D-01  0.00000D+00  0.00000D+00  0.00000D+00  0.00000D+00  0.00000D+00 
 0.00000D+00  0.00000D+00 -2.44537D-20 -2.70490D-20 -2.04246D-16  0.00000D+00 
 0.00000D+00  0.00000D+00  0.00000D+00  0.00000D+00  0.00000D+00  0.00000D+00 
-1.28330D-19 -1.29075D-19 -1.93222D-16  0.00000D+00  0.00000D+00  0.00000D+00 
 0.00000D+00  0.00000D+00  0.00000D+00  0.00000D+00 -3.21934D-19 -3.15815D-19 
-2.33389D-16  0.00000D+00  0.00000D+00  0.00000D+00  0.00000D+00  0.00000D+00 
 0.00000D+00  0.00000D+00 -6.18972D-19 -6.00669D-19 -2.81129D-16  0.00000D+00 
 0.00000D+00  0.00000D+00  0.00000D+00  0.00000D+00  0.00000D+00  0.00000D+00 
-1.04309D-18 -9.45239D-19 -2.80535D-16  0.00000D+00  0.00000D+00  0.00000D+00 
 0.00000D+00  0.00000D+00  0.00000D+00  0.00000D+00 -7.46080D-19 -3.31316D-19 
-9.87150D-17  0.00000D+00  0.00000D+00  0.00000D+00  0.00000D+00  0.00000D+00 
 1.12812D-20  1.71707D-19  1.12473D-18  1.12302D-18  9.37556D-17  0.00000D+00 
 0.00000D+00  0.00000D+00  0.00000D+00  0.00000D+00  1.86986D-19  9.67799D-19 
 2.15688D-18  2.10577D-18  1.54258D-16  0.00000D+00  0.00000D+00  0.00000D+00 
 0.00000D+00  0.00000D+00  2.70560D-17  4.81062D-17  7.41079D-18  8.82068D-18 
 4.49920D-16  0.00000D+00  0.00000D+00  0.00000D+00  0.00000D+00 -4.29153D-19 
 1.39620D-15  1.48705D-15  6.39161D-17  6.70843D-17  3.03030D-16  0.00000D+00 
 0.00000D+00  0.00000D+00  0.00000D+00 -1.14072D-18  1.54599D-15  1.63715D-15 
 6.81159D-17  7.08730D-17  2.21306D-16  0.00000D+00  0.00000D+00  0.00000D+00 
 0.00000D+00 -2.07922D-15  8.19639D-15  8.13160D-15  3.50492D-16  3.46030D-16 
-1.14155D-14  0.00000D+00  0.00000D+00  0.00000D+00  0.00000D+00 -3.91872D-14 
 2.76540D-14  2.67762D-14  1.71104D-15  2.10242D-15 -7.57512D-14  0.00000D+00 
 0.00000D+00  0.00000D+00  0.00000D+00 -2.34864D-13  6.46105D-14  6.03670D-14 
 7.33585D-15  3.75870D-15 -2.43668D-13  0.00000D+00  0.00000D+00  0.00000D+00 
 0.00000D+00 -7.83631D-13  9.36697D-14  7.95462D-14  2.86088D-14  1.42950D-14 
-4.23166D-13  0.00000D+00  0.00000D+00  0.00000D+00  0.00000D+00 -1.68329D-12 
-3.90143D-14 -7.14166D-14  8.32402D-14  7.27747D-15 -8.11579D-13  0.00000D+00 
 0.00000D+00  0.00000D+00  0.00000D+00 -2.06190D-12 -8.48371D-13 -9.05808D-13 
 3.81489D-13 -2.52477D-13 -5.05132D-13  0.00000D+00  0.00000D+00  0.00000D+00 
 0.00000D+00  1.48703D-13 -3.34761D-12 -3.46987D-12  3.60497D-12 -2.83497D-12 
 2.27610D-12  0.00000D+00  0.00000D+00  3.56205D-18  4.73298D-17  3.43841D-12 
-6.75746D-12 -6.69916D-12  1.87744D-11 -2.28156D-11 -4.19010D-12  0.00000D+00 
 0.00000D+00  4.97385D-17  2.74759D-16  3.77389D-12 -7.18337D-12 -7.23857D-12 
 7.68515D-12 -3.30090D-11 -2.44468D-12  0.00000D+00  0.00000D+00  2.39523D-15 
 5.66356D-15  4.41773D-12 -8.52552D-12 -8.16017D-12  1.71930D-11 -1.04211D-11 
 9.29320D-13  0.00000D+00 -7.43894D-16  3.64009D-14  5.93882D-14  4.15172D-12 
-1.00660D-11 -9.54011D-12 -2.10063D-11  4.50417D-11  1.72472D-11  0.00000D+00 
-1.84043D-12  1.51945D-12  1.87152D-12 -1.05706D-11 -1.04802D-11 -1.19324D-11 
 9.38274D-11 -1.76446D-10 -8.55219D-11  0.00000D+00 -6.64218D-11  2.56914D-11 
 2.84396D-11 -1.32446D-10  6.52699D-12  6.07812D-11 -4.31349D-10 -1.05424D-09 
-1.30464D-11  0.00000D+00 -4.82835D-10  1.63096D-10  1.72573D-10 -5.88914D-10 
 2.31201D-10 -5.70538D-11 -2.03985D-10  2.48919D-10 -6.68689D-10  0.00000D+00 
-1.84755D-09  5.99558D-10  6.11098D-10 -1.74730D-09  1.00112D-09 -1.16085D-09 
-2.09780D-09 -2.06667D-09 -6.28752D-09  0.00000D+00 -4.77395D-09  1.23285D-09 
 1.15412D-09 -3.78817D-09  9.82673D-10  7.61137D-09 -1.16691D-08 -1.15610D-08 
-1.26562D-08  0.00000D+00 -8.76650D-09 -8.77386D-10 -1.55891D-09 -5.83172D-09 
-7.31363D-09 -2.29415D-08 -3.64131D-08 -2.78204D-08 -6.40238D-09  0.00000D+00 
-9.88366D-09 -2.28958D-08 -2.63396D-08 -4.36609D-09 -3.53118D-08 -3.14321D-08 
 9.46170D-08 -2.29152D-08 -5.45390D-08  0.00000D+00  4.16013D-10 -1.38999D-07 
-1.52516D-07  5.42194D-09 -1.66387D-07 -1.89474D-07 -5.79773D-07 -4.24825D-08 
-7.53769D-09 -6.09763D-13  8.71201D-09 -2.70789D-07 -2.91682D-07  1.15458D-08 
-3.16432D-07 -3.13665D-07 -2.11840D-07 -1.06738D-06  1.21613D-07 -5.92670D-10 
 1.77020D-08 -6.32491D-07 -6.81823D-07  1.28308D-08 -7.24412D-07 -7.24108D-07 
-2.60213D-07 -1.81521D-06  5.52349D-08 -3.93723D-08 -8.36639D-08 -2.50228D-06 
-2.65149D-06 -1.46538D-07 -2.67388D-06 -2.91288D-06 -1.86937D-06 -4.24313D-06 
-1.84349D-07 -4.82989D-07 -9.80167D-07 -8.59936D-06 -9.08416D-06 -1.16474D-06 
-9.18571D-06 -9.58098D-06 -1.47285D-05 -1.26281D-05 -1.18885D-06 -3.24928D-06 
-5.43218D-06 -2.79365D-05 -2.93630D-05 -5.95549D-06 -2.98945D-05 -3.15863D-05 
-3.98678D-05  2.43849D-06 -5.75965D-06 -1.60663D-05 -2.33141D-05 -8.64983D-05 
-9.14811D-05 -2.61181D-05 -9.01250D-05 -9.11475D-05 -7.30907D-05 -2.19170D-04 
-2.40647D-05 -6.58192D-05 -8.55351D-05 -2.55896D-04 -2.65309D-04 -8.90201D-05 
-2.61501D-04 -2.71992D-04 -2.65261D-04 -6.54656D-04 -9.11473D-05 -2.37100D-04 
-2.86607D-04 -7.12680D-04 -7.28820D-04 -2.96736D-04 -7.09184D-04 -7.07109D-04 
-7.30114D-04  7.79435D-04 -2.93878D-04 -7.75144D-04 -8.92581D-04 -1.89790D-03 
-1.92642D-03 -9.20633D-04 -1.92869D-03 -2.09006D-03 -1.46576D-03 -9.89840D-03 
-9.10572D-04 -2.33991D-03 -2.56312D-03 -4.87117D-03 -5.26656D-03 -2.59963D-03 
-4.86436D-03 -5.11810D-03 -4.04315D-03  2.71753D-04 -2.60645D-03 -6.57199D-03 
-7.03180D-03 -1.17635D-02 -1.09165D-02 -7.08611D-03 -1.19636D-02 -1.14560D-02 
-8.62043D-03 -2.47049D-02 -7.11062D-03 -1.72085D-02 -1.79998D-02 -2.67977D-02 
-2.67689D-02 -1.80916D-02 -2.70312D-02 -2.69857D-02 -1.66746D-02  2.31604D-02 
-1.81467D-02 -4.18562D-02 -4.32169D-02 -5.60319D-02 -5.42003D-02 -4.33798D-02 
-5.58875D-02 -5.36051D-02 -3.35851D-02 -8.69929D-02 -4.33722D-02 -9.39384D-02 
-9.58675D-02 -1.09510D-01 -9.74313D-02 -9.61328D-02 -1.09991D-01 -9.90341D-02 
-6.67017D-02 -1.07306D-02 -9.61276D-02 -1.92475D-01 -1.94706D-01 -1.95400D-01 
-1.62770D-01 -1.94992D-01 -1.96212D-01 -1.59198D-01 -1.07633D-01 -1.01321D-01 
-1.94823D-01 -3.55353D-01 -3.57688D-01 -3.17643D-01 -2.37861D-01 -3.58080D-01 
-3.18690D-01 -2.32909D-01 -1.58246D-01 -9.96747D-02 -3.58421D-01 -5.84254D-01 
-5.86709D-01 -4.73534D-01 -3.10022D-01 -5.87158D-01 -4.75372D-01 -3.12922D-01 
-2.24908D-01 -1.20593D-03 -5.87580D-01  0.00000D+00  0.00000D+00  0.00000D+00 
 0.00000D+00  0.00000D+00  0.00000D+00  0.00000D+00 -4.66553D-23 -5.31283D-23 
-7.02064D-19  0.00000D+00  0.00000D+00  0.00000D+00  0.00000D+00  0.00000D+00 
 0.00000D+00  0.00000D+00 -3.77218D-22 -3.88509D-22 -8.10544D-19  0.00000D+00 
 0.00000D+00  0.00000D+00  0.00000D+00  0.00000D+00  0.00000D+00  0.00000D+00 
-1.39760D-21 -1.41218D-21 -1.19499D-18  0.00000D+00  0.00000D+00  0.00000D+00 
 0.00000D+00  0.00000D+00  0.00000D+00  0.00000D+00 -4.18638D-21 -4.18473D-21 
-1.81791D-18  0.00000D+00  0.00000D+00  0.00000D+00  0.00000D+00  0.00000D+00 
 0.00000D+00  0.00000D+00 -1.28655D-20 -1.24709D-20 -2.61248D-18  0.00000D+00 
 0.00000D+00  0.00000D+00  0.00000D+00  0.00000D+00  0.00000D+00  0.00000D+00 
-4.12774D-20 -3.91831D-20 -3.06018D-18  0.00000D+00  0.00000D+00  0.00000D+00 
 0.00000D+00  0.00000D+00  1.45560D-23  2.87698D-22 -6.82241D-20 -6.97769D-20 
-2.77007D-18  0.00000D+00  0.00000D+00  0.00000D+00  0.00000D+00  0.00000D+00 
 3.13313D-22  1.95824D-21 -7.52337D-20 -7.84655D-20 -2.56507D-18  0.00000D+00 
 0.00000D+00  0.00000D+00  0.00000D+00  0.00000D+00  7.85328D-20  1.50419D-19 
-1.29789D-19 -1.21825D-19 -1.32214D-18  0.00000D+00  0.00000D+00  0.00000D+00 
 0.00000D+00 -7.52743D-22  6.80969D-18  7.48201D-18 -3.80983D-19 -3.63675D-19 
 2.87896D-18  0.00000D+00  0.00000D+00  0.00000D+00  0.00000D+00 -2.22630D-21 
 7.67786D-18  8.38586D-18 -4.20672D-19 -4.06237D-19  2.94177D-18  0.00000D+00 
 0.00000D+00  0.00000D+00  0.00000D+00 -9.51657D-18  5.93308D-17  6.04083D-17 
-1.08596D-18 -1.26817D-18 -5.92312D-17  0.00000D+00  0.00000D+00  0.00000D+00 
 0.00000D+00 -2.83776D-16  2.88309D-16  2.86465D-16 -9.85723D-20  6.78299D-18 
-7.23163D-16  0.00000D+00  0.00000D+00  0.00000D+00  0.00000D+00 -2.44539D-15 
 1.00867D-15  9.72306D-16  3.87475D-17 -4.21754D-17 -3.83462D-15  0.00000D+00 
 0.00000D+00  0.00000D+00  0.00000D+00 -1.15605D-14  2.71982D-15  2.51035D-15 
 5.51912D-17 -1.48833D-16 -8.12652D-15  0.00000D+00  0.00000D+00  0.00000D+00 
 0.00000D+00 -3.63954D-14  5.05803D-15  4.39237D-15 -1.27010D-15 -2.25116D-15 
-2.00559D-14  0.00000D+00  0.00000D+00  0.00000D+00  0.00000D+00 -7.73094D-14 
 8.79588D-16 -8.68680D-16  1.18272D-15 -2.21664D-14 -7.16301D-14  0.00000D+00 
 0.00000D+00  0.00000D+00  0.00000D+00 -8.92960D-14 -3.67732D-14 -4.72477D-14 
 1.38865D-13 -9.68137D-14  2.88714D-15  0.00000D+00  0.00000D+00  1.05980D-20 
 1.83888D-19 -2.96827D-14 -1.28364D-13 -1.12315D-13  8.26681D-13 -9.58021D-13 
 3.72086D-15  0.00000D+00  0.00000D+00  1.91897D-19  1.29753D-18 -1.87363D-14 
-1.34891D-13 -1.45859D-13  3.76202D-13 -1.72998D-12  5.33075D-15  0.00000D+00 
 0.00000D+00  1.47004D-17  3.89448D-17  1.34151D-14 -1.70808D-13 -2.32117D-13 
 7.23117D-13 -1.82998D-13 -2.03580D-14  0.00000D+00 -3.09207D-18  3.18377D-16 
 5.58347D-16  5.06093D-14 -2.86682D-13 -1.98551D-13 -1.23406D-12  2.86694D-12 
 7.42800D-14  0.00000D+00 -2.13486D-14  2.33540D-14  2.97741D-14 -8.45241D-14 
-5.22800D-13 -3.24388D-13  5.60489D-12 -1.13525D-11 -2.67028D-12  0.00000D+00 
-1.41198D-12  6.48345D-13  7.33870D-13 -3.20518D-12 -3.75378D-13  4.58993D-13 
-2.25885D-11 -6.32548D-11  5.56705D-12  0.00000D+00 -1.51149D-11  6.06793D-12 
 6.56057D-12 -2.09335D-11  7.54822D-12 -4.99626D-12 -4.15637D-12  3.59866D-11 
-2.88548D-11  0.00000D+00 -7.85998D-11  3.30650D-11  3.46977D-11 -8.41004D-11 
 5.70352D-11 -7.39840D-11 -1.67078D-10 -1.54471D-10 -5.95312D-10  0.00000D+00 
-2.69643D-10  1.23105D-10  1.24752D-10 -2.43864D-10  1.23778D-10  6.38315D-10 
-1.03417D-09 -9.35595D-10 -1.39969D-09  0.00000D+00 -6.74399D-10  2.95581D-10 
 2.79302D-10 -5.36371D-10 -1.70670D-10 -1.59727D-09 -3.97649D-09 -2.29382D-09 
-6.29526D-10  0.00000D+00 -1.20589D-09  7.62917D-11 -6.12799D-11 -8.00582D-10 
-9.35819D-10 -2.19435D-10  1.44563D-08  3.20793D-09  3.21251D-08  0.00000D+00 
-1.19156D-09 -4.04987D-09 -4.65583D-09 -5.64457D-10 -6.45370D-09 -8.44124D-09 
-5.43349D-09  4.62182D-08 -4.00756D-12 -7.65329D-15 -7.52265D-10 -1.11360D-08 
-1.18326D-08 -1.63958D-10 -1.58879D-08 -1.34652D-08 -1.31345D-08 -1.27557D-07 
 2.49491D-08 -1.90019D-11  3.34112D-10 -3.13751D-08 -3.36721D-08  6.18004D-10 
-4.17927D-08 -3.71819D-08  1.13235D-07 -1.73917D-07  4.58188D-09 -2.15201D-09 
-3.28145D-09 -1.73404D-07 -1.79997D-07 -7.47188D-09 -1.90547D-07 -2.05137D-07 
-3.35083D-07 -3.11947D-07 -1.14738D-08 -3.61559D-08 -7.21945D-08 -7.29027D-07 
-7.54055D-07 -8.71131D-08 -7.92748D-07 -8.43118D-07 -3.99843D-06  4.23032D-07 
-9.10184D-08 -3.08824D-07 -5.26073D-07 -2.84373D-06 -2.88002D-06 -5.81566D-07 
-3.18848D-06 -3.24688D-06 -1.00649D-05  1.85884D-06 -5.50476D-07 -1.86664D-06 
-2.78414D-06 -1.04056D-05 -1.06677D-05 -3.24042D-06 -1.13098D-05 -1.05418D-05 
-3.01596D-06 -5.16816D-05 -2.83597D-06 -9.13878D-06 -1.21303D-05 -3.68410D-05 
-3.65648D-05 -1.26886D-05 -3.78471D-05 -3.76337D-05 -2.48433D-05 -8.22719D-05 
-1.31303D-05 -3.87557D-05 -4.76359D-05 -1.18122D-04 -1.14677D-04 -4.95366D-05 
-1.18819D-04 -1.08136D-04 -1.15643D-04 -2.51473D-04 -4.87299D-05 -1.47564D-04 
-1.73166D-04 -3.72782D-04 -3.27676D-04 -1.80315D-04 -3.83712D-04 -3.76969D-04 
-1.74092D-04 -4.59954D-03 -1.77317D-04 -5.14561D-04 -5.68355D-04 -1.08083D-03 
-1.16283D-03 -5.77328D-04 -1.08676D-03 -1.12696D-03 -6.61861D-04  2.56206D-03 
-5.79799D-04 -1.65819D-03 -1.78948D-03 -3.07497D-03 -2.36499D-03 -1.80448D-03 
-3.12737D-03 -2.57613D-03 -1.48958D-03 -1.10028D-02 -1.81402D-03 -4.95127D-03 
-5.20708D-03 -8.06605D-03 -7.36297D-03 -5.23767D-03 -8.10933D-03 -7.32858D-03 
-2.33216D-03  1.58217D-02 -5.25939D-03 -1.36498D-02 -1.41619D-02 -1.95940D-02 
-1.60114D-02 -1.42247D-02 -1.97378D-02 -1.57929D-02 -4.90248D-03 -2.90773D-02 
-1.42181D-02 -3.45114D-02 -3.53524D-02 -4.40480D-02 -3.19926D-02 -3.54731D-02 
-4.42645D-02 -3.28158D-02 -1.87805D-02  5.21346D-03 -3.54697D-02 -7.91868D-02 
-8.02820D-02 -8.99339D-02 -5.94762D-02 -8.04297D-02 -9.02094D-02 -5.74566D-02 
-3.18065D-02 -3.73665D-02 -8.03005D-02 -1.62545D-01 -1.63796D-01 -1.66865D-01 
-9.32443D-02 -1.63979D-01 -1.67328D-01 -8.98293D-02 -5.29710D-02 -3.11918D-02 
-1.64161D-01 -2.94491D-01 -2.96105D-01 -2.81892D-01 -1.32553D-01 -2.96434D-01 
-2.82458D-01 -1.33714D-01 -8.94515D-02  2.00400D-02 -2.96027D-01  0.00000D+00 
 0.00000D+00  0.00000D+00  0.00000D+00  0.00000D+00  0.00000D+00  0.00000D+00 
-3.04800D-26 -3.56137D-26 -1.68151D-21  0.00000D+00  0.00000D+00  0.00000D+00 
 0.00000D+00  0.00000D+00  0.00000D+00  0.00000D+00 -3.70017D-25 -3.90395D-25 
-2.36875D-21  0.00000D+00  0.00000D+00  0.00000D+00  0.00000D+00  0.00000D+00 
 0.00000D+00  0.00000D+00 -1.90375D-24 -1.94724D-24 -4.19948D-21  0.00000D+00 
 0.00000D+00  0.00000D+00  0.00000D+00  0.00000D+00  0.00000D+00  0.00000D+00 
-7.56994D-24 -7.60427D-24 -7.67735D-21  0.00000D+00  0.00000D+00  0.00000D+00 
 0.00000D+00  0.00000D+00  0.00000D+00  0.00000D+00 -2.95159D-23 -2.94569D-23 
-1.36073D-20  0.00000D+00  0.00000D+00  0.00000D+00  0.00000D+00  0.00000D+00 
 0.00000D+00  0.00000D+00 -1.21155D-22 -1.21270D-22 -2.18053D-20  0.00000D+00 
 0.00000D+00  0.00000D+00  0.00000D+00  0.00000D+00  1.16437D-26  3.28276D-25 
-2.30007D-22 -2.29145D-22 -2.58184D-20  0.00000D+00  0.00000D+00  0.00000D+00 
 0.00000D+00  0.00000D+00  3.56972D-25  2.77927D-24 -2.69880D-22 -2.70571D-22 
-2.60432D-20  0.00000D+00  0.00000D+00  0.00000D+00  0.00000D+00  0.00000D+00 
 1.65314D-22  3.43975D-22 -5.18196D-22 -5.20512D-22 -2.78745D-20  0.00000D+00 
 0.00000D+00  0.00000D+00  0.00000D+00 -9.28324D-25  2.42455D-20  2.72810D-20 
-2.29420D-21 -2.29625D-21 -6.60204D-21  0.00000D+00  0.00000D+00  0.00000D+00 
 0.00000D+00 -3.10459D-24  2.77627D-20  3.10397D-20 -2.46488D-21 -2.45585D-21 
-5.72339D-21  0.00000D+00  0.00000D+00  0.00000D+00  0.00000D+00 -3.27017D-20 
 2.90143D-19  3.01446D-19 -1.00819D-20 -9.94908D-21 -1.60834D-19  0.00000D+00 
 0.00000D+00  0.00000D+00  0.00000D+00 -1.44917D-18  1.89133D-18  1.91249D-18 
-4.07585D-20 -4.00423D-20 -3.88601D-18  0.00000D+00  0.00000D+00  0.00000D+00 
 0.00000D+00 -1.73146D-17  8.66065D-18  8.40334D-18 -1.37709D-19 -1.46453D-19 
-3.90376D-17  0.00000D+00  0.00000D+00  0.00000D+00  0.00000D+00 -1.08609D-16 
 3.12174D-17  2.90170D-17 -6.67832D-19 -5.79947D-19 -1.08659D-16  0.00000D+00 
 0.00000D+00  0.00000D+00  0.00000D+00 -4.56256D-16  8.54236D-17  7.90335D-17 
-3.60214D-18 -2.33120D-18 -2.38566D-16  0.00000D+00  0.00000D+00  0.00000D+00 
 0.00000D+00 -1.35896D-15  1.25188D-16  1.18623D-16 -7.45297D-18 -7.54800D-18 
-1.93488D-15  0.00000D+00  0.00000D+00  0.00000D+00  0.00000D+00 -2.63201D-15 
-2.44243D-16 -4.68241D-16  9.52909D-18  1.55827D-19 -2.21116D-15  0.00000D+00 
 0.00000D+00  2.45115D-23  5.63274D-22 -2.75120D-15 -2.13001D-15 -5.60524D-16 
 1.74469D-16  1.05708D-17  3.07343D-16  0.00000D+00  0.00000D+00  5.76917D-22 
 4.72276D-21 -2.66830D-15 -2.01162D-15 -1.67256D-15 -1.22352D-18 -3.31924D-17 
 1.59620D-16  0.00000D+00  0.00000D+00  6.70782D-20  2.00304D-19 -2.29018D-15 
-1.93293D-15 -6.08463D-15  1.90791D-16  1.75472D-18  2.77058D-16  0.00000D+00 
-1.01274D-20  2.02205D-18  3.79283D-18 -1.47935D-15 -6.30382D-15 -2.04779D-15 
 8.61983D-18 -5.94301D-17 -1.11439D-14  0.00000D+00 -1.76193D-16  2.43831D-16 
 3.19631D-16 -2.55020D-16 -1.64545D-14 -2.52651D-15  1.46892D-15  6.42177D-17 
-4.05649D-14  0.00000D+00 -2.01004D-14  1.04126D-14  1.20049D-14 -4.59598D-14 
-1.40221D-14 -6.32575D-14  5.94853D-15 -6.55706D-15 -6.73313D-14  0.00000D+00 
-3.11790D-13  1.35343D-13  1.48574D-13 -4.67645D-13  1.03841D-13 -1.23216D-13 
-1.78827D-14 -2.26827D-14 -3.85884D-14  0.00000D+00 -2.18463D-12  9.82067D-13 
 1.04105D-12 -2.55963D-12  2.10871D-12 -3.95256D-12 -9.41232D-14 -1.22613D-13 
-3.12599D-11  0.00000D+00 -9.76346D-12  4.83842D-12  4.92994D-12 -9.63261D-12 
 7.75380D-12  3.67079D-11 -9.22238D-13 -1.06171D-12 -2.66107D-10  0.00000D+00 
-3.16824D-11  1.64952D-11  1.58301D-11 -2.80100D-11 -8.76740D-12 -1.17674D-10 
-3.72694D-12 -5.00222D-12 -7.86027D-11  0.00000D+00 -7.64706D-11  2.86076D-11 
 2.08969D-11 -5.81751D-11 -2.02232D-11  3.72959D-11 -7.76183D-12 -3.15332D-11 
 7.31275D-10  0.00000D+00 -1.24014D-10 -9.50234D-11 -1.33783D-10 -8.02538D-11 
-2.08417D-10 -4.11449D-10 -5.21193D-10 -2.73373D-10  6.20876D-10 -6.95572D-17 
-1.25419D-10 -4.71750D-10 -4.90812D-10 -7.65052D-11 -7.52163D-10 -4.02505D-10 
 4.96181D-11 -4.38749D-10 -2.22625D-09 -4.29740D-13 -7.78911D-11 -1.42700D-09 
-1.56762D-09 -3.68569D-11 -2.28433D-09 -1.70566D-09 -1.57655D-09 -1.20683D-09 
-2.78180D-10 -8.39429D-11 -6.37553D-11 -1.14770D-08 -1.18511D-08 -2.35123D-10 
-1.17461D-08 -1.21582D-08 -2.02464D-09 -5.47012D-09 -3.51407D-10 -1.94652D-09 
-3.58992D-09 -5.61125D-08 -5.88450D-08 -4.16943D-09 -6.14661D-08 -7.32749D-08 
-8.77056D-10 -3.08816D-08 -4.71814D-09 -2.12232D-08 -3.59973D-08 -2.59391D-07 
-2.62154D-07 -4.12124D-08 -3.06930D-07 -2.78890D-07 -3.41312D-08 -3.58139D-08 
-3.30336D-08 -1.57556D-07 -2.40197D-07 -1.09385D-06 -1.11928D-06 -2.97281D-07 
-1.21502D-06 -1.10528D-06 -4.40810D-09 -3.04966D-07 -2.36602D-07 -9.26312D-07 
-1.25587D-06 -4.51396D-06 -4.58655D-06 -1.31321D-06 -4.74667D-06 -3.88650D-06 
-9.21411D-07 -2.07118D-06 -1.42959D-06 -4.64952D-06 -5.78013D-06 -1.68742D-05 
-1.63053D-05 -5.99915D-06 -1.60708D-05 -1.21808D-05 -3.24077D-06  3.27643D-06 
-5.76358D-06 -2.07459D-05 -2.50431D-05 -5.90872D-05 -5.11843D-05 -2.69793D-05 
-6.18903D-05 -7.17025D-05 -6.80129D-06 -4.83013D-06 -2.56215D-05 -8.41865D-05 
-9.33470D-05 -2.00173D-04 -2.19388D-04 -9.47127D-05 -1.98178D-04 -2.64889D-04 
-4.23059D-05 -5.40809D-05 -9.53306D-05 -3.14104D-04 -3.43842D-04 -6.46995D-04 
-5.20616D-04 -3.46305D-04 -6.63261D-04 -4.91706D-04 -8.45989D-05 -1.12329D-04 
-3.48203D-04 -1.08152D-03 -1.14508D-03 -1.91206D-03 -1.89993D-03 -1.14971D-03 
-1.93012D-03 -1.82028D-03 -3.21783D-04 -8.13698D-05 -1.16083D-03 -3.42509D-03 
-3.58386D-03 -5.19828D-03 -4.15242D-03 -3.60612D-03 -5.20653D-03 -4.29702D-03 
-6.32291D-04 -1.42846D-03 -3.59717D-03 -9.90956D-03 -1.02291D-02 -1.31261D-02 
-8.85484D-03 -1.02908D-02 -1.31980D-02 -9.88774D-03 -1.69869D-03 -8.57506D-04 
-1.02835D-02 -2.59212D-02 -2.64351D-02 -2.98804D-02 -2.02729D-02 -2.65168D-02 
-2.99877D-02 -1.95425D-02 -3.15411D-03 -3.23396D-03 -2.63731D-02 -6.04298D-02 
-6.11502D-02 -6.13322D-02 -3.53736D-02 -6.12539D-02 -6.15125D-02 -3.24997D-02 
-6.41167D-03 -4.37814D-03 -6.13988D-02 -1.23365D-01 -1.24596D-01 -1.13899D-01 
-5.51205D-02 -1.24711D-01 -1.14172D-01 -5.39691D-02 -9.39075D-03 -2.88054D-03 
-1.23086D-01 
