   8.000     0.000            4        48        13                             
  5.37281D-01  2.92230D-02  1.41835D-02  1.41407D-02  2.40000D-02  3.10000D-02  
 4.50000D-02  9.80000D-02  1.50000D-01  2.10000D-01  2.20000D-01  2.55000D-01   
 2.85000D-01  3.20000D-01  4.00000D-01  5.50000D-01  8.70000D-01  1.10000D+00   
 1.68000D+00  1.73000D+00  1.91000D+00  2.40000D+00  3.20000D+00  4.50000D+00   
 6.50000D+00  8.00000D+00  1.00000D+01  1.25000D+01  1.43000D+01  1.60000D+01   
 2.00000D+01  2.50000D+01  3.00000D+01  3.46000D+01  4.00000D+01  4.50000D+01   
 5.00000D+01  6.00000D+01  7.50000D+01  9.00000D+01  1.00000D+02  1.20000D+02   
 1.50000D+02  1.75000D+02  2.00000D+02  2.40000D+02  2.80000D+02  3.30000D+02   
 3.90000D+02  4.40000D+02  4.95000D+02  5.00000D+02  0.00000D+00  0.00000D+00   
 7.09745D+01  7.11093D+01  0.00000D+00  1.66942D+01  1.31941D+02  1.31949D+02   
 0.00000D+00  7.89336D+01  2.74466D+02  2.73950D+02  0.00000D+00  5.25034D+02   
 5.94178D+02  5.91738D+02  0.00000D+00  1.01909D+03  6.97555D+02  6.94112D+02   
 0.00000D+00  1.55768D+03  7.38464D+02  7.34267D+02  0.00000D+00  1.64383D+03   
 7.40247D+02  7.35961D+02  0.00000D+00  1.93372D+03  7.40905D+02  7.36362D+02   
 0.00000D+00  2.16573D+03  7.38015D+02  7.33302D+02  0.00000D+00  2.41766D+03   
 7.33319D+02  7.28441D+02  0.00000D+00  2.93848D+03  7.18609D+02  7.13465D+02   
 7.84280D+04  3.76817D+03  6.72914D+02  6.67598D+02  1.08706D+05  4.96999D+03   
 5.68893D+02  5.63577D+02  1.19857D+05  5.56349D+03  5.13342D+02  5.08112D+02   
 1.35172D+05  6.56173D+03  4.03717D+02  3.99201D+02  1.36047D+05  6.62272D+03   
 3.96105D+02  3.91649D+02  1.38729D+05  6.81980D+03  3.71275D+02  3.66981D+02   
 1.43710D+05  7.23336D+03  3.16160D+02  3.12071D+02  1.47551D+05  7.60926D+03   
 2.49747D+02  2.45954D+02  1.48788D+05  7.86062D+03  1.83582D+02  1.80527D+02   
 1.46547D+05  7.88568D+03  1.28452D+02  1.25796D+02  1.43885D+05  7.80963D+03   
 1.04227D+02  1.01772D+02  1.40041D+05  7.66006D+03  8.29356D+01  8.06961D+01   
 1.35315D+05  7.45545D+03  6.54848D+01  6.34825D+01  1.32103D+05  7.30672D+03   
 5.65920D+01  5.47058D+01  1.29246D+05  7.17104D+03  4.99918D+01  4.83862D+01   
 1.23200D+05  6.87591D+03  3.89967D+01  3.75118D+01  1.16818D+05  6.54986D+03   
 3.03446D+01  2.90718D+01  1.11474D+05  6.26840D+03  2.47538D+01  2.36767D+01   
 1.07260D+05  6.03948D+03  2.11160D+01  1.97652D+01  1.02974D+05  5.80453D+03   
 1.79851D+01  1.72095D+01  9.95096D+04  5.61436D+03  1.58088D+01  1.48069D+01   
 9.64403D+04  5.44713D+03  1.40800D+01  1.30861D+01  9.12586D+04  5.16413D+03   
 1.15644D+01  1.06600D+01  8.52811D+04  4.83462D+03  9.12879D+00  8.20333D+00   
 8.07401D+04  4.58225D+03  7.55362D+00  6.90785D+00  7.82545D+04  4.44394D+03   
 6.80242D+00  6.18307D+00  7.42495D+04  4.21902D+03  5.73347D+00  5.17703D+00   
 6.99444D+04  3.97649D+03  4.72166D+00  4.09675D+00  6.73986D+04  3.83368D+03   
 4.22475D+00  3.59623D+00  6.55292D+04  3.72960D+03  3.81986D+00  3.33759D+00   
 6.35725D+04  3.61980D+03  3.43258D+00  3.02639D+00  6.25506D+04  3.56342D+03   
 3.08499D+00  2.58148D+00  6.22269D+04  3.54554D+03  2.84987D+00  2.33918D+00   
 6.28402D+04  3.58112D+03  2.62402D+00  2.32457D+00  6.39782D+04  3.64624D+03   
 2.45624D+00  2.50840D+00  6.57409D+04  3.74553D+03  2.38590D+00  2.27782D+00   
 6.59222D+04  3.75631D+03  2.31720D+00  2.36069D+00  0.00000D+00  0.00000D+00   
 1.00000D+00  1.00000D+00  0.00000D+00  1.00000D+00  1.00000D+00  1.00000D+00   
 0.00000D+00  1.00000D+00  1.00000D+00  1.00000D+00  0.00000D+00  1.00000D+00   
 1.00000D+00  1.00000D+00  0.00000D+00  1.00000D+00  1.00000D+00  1.00000D+00   
 0.00000D+00  1.00000D+00  1.00000D+00  1.00000D+00  0.00000D+00  1.00000D+00   
 1.00000D+00  1.00000D+00  0.00000D+00  1.00000D+00  1.00000D+00  1.00000D+00   
 0.00000D+00  1.00000D+00  1.00000D+00  1.00000D+00  0.00000D+00  1.00000D+00   
 1.00000D+00  1.00000D+00  0.00000D+00  1.00000D+00  1.00000D+00  1.00000D+00   
 1.00000D+00  1.00000D+00  1.00000D+00  1.00000D+00  1.00000D+00  1.00000D+00   
 1.00000D+00  1.00000D+00  1.00000D+00  1.00000D+00  1.00000D+00  1.00000D+00   
 1.00000D+00  1.00000D+00  1.00000D+00  1.00000D+00  1.00000D+00  1.00000D+00   
 1.00000D+00  1.00000D+00  1.00000D+00  1.00000D+00  1.00000D+00  1.00000D+00   
 1.00000D+00  1.00000D+00  1.00000D+00  1.00000D+00  1.00000D+00  1.00000D+00   
 1.00000D+00  1.00000D+00  1.00000D+00  1.00000D+00  1.00000D+00  1.00000D+00   
 1.00000D+00  1.00000D+00  1.00000D+00  1.00000D+00  1.00000D+00  1.00000D+00   
 1.00000D+00  1.00000D+00  1.00000D+00  1.00000D+00  1.00000D+00  1.00000D+00   
 1.00000D+00  1.00000D+00  1.00000D+00  1.00000D+00  1.00000D+00  1.00000D+00   
 1.00000D+00  1.00000D+00  1.00000D+00  1.00000D+00  1.00000D+00  1.00000D+00   
 1.00000D+00  1.00000D+00  1.00000D+00  1.00000D+00  1.00000D+00  1.00000D+00   
 1.00000D+00  1.00000D+00  1.00000D+00  1.00000D+00  1.00000D+00  1.00000D+00   
 1.00000D+00  1.00000D+00  1.00000D+00  1.00000D+00  1.00000D+00  1.00000D+00   
 1.00000D+00  1.00000D+00  1.00000D+00  1.00000D+00  1.00000D+00  1.00000D+00   
 1.00000D+00  1.00000D+00  1.00000D+00  1.00000D+00  1.00000D+00  1.00000D+00   
 1.00000D+00  1.00000D+00  1.00000D+00  1.00000D+00  1.00000D+00  1.00000D+00   
 1.00000D+00  1.00000D+00  1.00000D+00  1.00000D+00  1.00000D+00  1.00000D+00   
 1.00000D+00  1.00000D+00  1.00000D+00  1.00000D+00  1.00000D+00  1.00000D+00   
 1.00000D+00  1.00000D+00  1.00000D+00  1.00000D+00  1.00000D+00  1.00000D+00   
 1.00000D+00  1.00000D+00  1.00000D+00  1.00000D+00  1.00000D+00  1.00000D+00   
 1.00000D+00  1.00000D+00  1.00000D+00  1.00000D+00  1.00000D+00  1.00000D+00   
 1.00000D+00  1.00000D+00  1.00000D+00  1.00000D+00  1.00000D+00  1.00000D+00   
 1.00000D+00  1.00000D+00  1.00000D+00  1.00000D+00  1.00000D+00  1.00000D+00   
 1.00000D+00  1.00000D+00  1.00000D+00  1.00000D+00  1.00000D+00  1.00000D+00   
 1.00000D+00  1.00000D+00  1.00000D+00  1.00000D+00  0.00000D+00  0.00000D+00   
 7.61690D-03  7.63959D-03  0.00000D+00  3.62327D-02  9.69020D-03  9.70919D-03   
 0.00000D+00  2.54695D-02  1.29998D-02  1.30177D-02  0.00000D+00 -5.61102D-03   
 2.76687D-02  2.76950D-02  0.00000D+00 -3.47905D-03  4.25136D-02  4.25453D-02   
 0.00000D+00  5.41979D-03  5.60824D-02  5.61183D-02  0.00000D+00  7.07220D-03   
 5.81392D-02  5.81750D-02  0.00000D+00  1.28396D-02  6.50131D-02  6.50487D-02   
 0.00000D+00  1.76344D-02  7.04851D-02  7.05199D-02  0.00000D+00  2.30074D-02   
 7.63685D-02  7.63997D-02  0.00000D+00  3.45201D-02  8.83729D-02  8.83923D-02   
-6.22325D-03  5.37579D-02  1.09127D-01  1.09130D-01  5.64735D-02  8.91038D-02   
 1.43655D-01  1.43646D-01  8.45024D-02  1.09256D-01  1.63743D-01  1.63697D-01   
 1.36378D-01  1.52313D-01  2.10959D-01  2.10641D-01  1.40104D-01  1.55600D-01   
 2.14269D-01  2.13947D-01  1.52899D-01  1.66781D-01  2.25802D-01  2.25486D-01   
 1.83853D-01  1.94386D-01  2.58920D-01  2.58536D-01  2.26149D-01  2.34990D-01   
 3.02061D-01  3.02164D-01  2.82128D-01  2.89383D-01  3.62925D-01  3.60641D-01   
 3.51443D-01  3.57622D-01  4.36375D-01  4.33710D-01  3.95559D-01  4.00692D-01   
 4.82672D-01  4.82428D-01  4.47720D-01  4.52346D-01  5.40088D-01  5.36596D-01   
 5.05359D-01  5.08938D-01  6.05970D-01  6.01190D-01  5.42970D-01  5.46405D-01   
 6.48667D-01  6.46619D-01  5.76112D-01  5.78613D-01  6.85248D-01  6.78455D-01   
 6.46902D-01  6.49081D-01  7.65185D-01  7.66316D-01  7.24697D-01  7.26557D-01   
 8.48298D-01  8.35103D-01  7.93920D-01  7.96808D-01  9.23994D-01  9.28147D-01   
 8.52021D-01  8.55161D-01  9.85175D-01  9.70767D-01  9.14947D-01  9.18052D-01   
 1.05878D+00  1.09199D+00  9.68993D-01  9.70976D-01  1.12242D+00  1.08862D+00   
 1.01945D+00  1.02060D+00  1.18058D+00  1.15096D+00  1.11071D+00  1.11093D+00   
 1.28246D+00  1.23291D+00  1.22863D+00  1.23020D+00  1.40427D+00  1.36187D+00   
 1.33245D+00  1.33434D+00  1.50544D+00  1.46714D+00  1.39621D+00  1.39740D+00   
 1.57065D+00  1.53990D+00  1.51033D+00  1.51107D+00  1.67313D+00  1.64936D+00   
 1.65440D+00  1.65441D+00  1.82651D+00  1.73547D+00  1.75575D+00  1.75550D+00   
 1.89753D+00  1.81967D+00  1.84282D+00  1.84324D+00  1.98814D+00  1.93233D+00   
 1.95960D+00  1.95965D+00  2.10421D+00  2.03960D+00  2.05334D+00  2.05386D+00   
 2.16610D+00  2.05173D+00  2.14596D+00  2.14620D+00  2.23095D+00  2.10044D+00   
 2.22799D+00  2.22793D+00  2.28122D+00  2.20117D+00  2.27766D+00  2.27760D+00   
 2.29897D+00  2.29810D+00  2.31733D+00  2.31627D+00  2.32896D+00  2.28447D+00   
 2.32022D+00  2.31960D+00  2.31091D+00  2.31192D+00  0.00000D+00  0.00000D+00   
-4.50248D-01 -4.51335D-01  0.00000D+00 -9.99594D-01 -5.70880D-01 -5.71451D-01   
 0.00000D+00 -9.99372D-01 -6.76372D-01 -6.76778D-01  0.00000D+00 -9.99693D-01   
-7.52815D-01 -7.53441D-01  0.00000D+00 -9.99979D-01 -7.30026D-01 -7.30794D-01   
 0.00000D+00 -1.00008D+00 -6.82286D-01 -6.83135D-01  0.00000D+00 -1.00007D+00   
-6.74069D-01 -6.74926D-01  0.00000D+00 -1.00001D+00 -6.46102D-01 -6.46984D-01   
 0.00000D+00 -9.99923D-01 -6.23421D-01 -6.24321D-01  0.00000D+00 -9.99782D-01   
-5.98457D-01 -5.99375D-01  0.00000D+00 -9.99351D-01 -5.46523D-01 -5.47473D-01   
-1.00001D+00 -9.98301D-01 -4.66775D-01 -4.67775D-01 -9.97837D-01 -9.95238D-01   
-3.52298D-01 -3.53494D-01 -9.95460D-01 -9.92760D-01 -3.00743D-01 -3.02211D-01   
-9.88696D-01 -9.86153D-01 -2.11690D-01 -2.13955D-01 -9.88088D-01 -9.85530D-01   
-2.06202D-01 -2.08514D-01 -9.85871D-01 -9.83288D-01 -1.88797D-01 -1.91234D-01   
-9.79708D-01 -9.77479D-01 -1.47763D-01 -1.50297D-01 -9.69418D-01 -9.66968D-01   
-9.38189D-02 -9.80169D-02 -9.52479D-01 -9.50190D-01 -2.91620D-02 -3.62740D-02   
-9.26333D-01 -9.23609D-01  3.58963D-02  2.86623D-02 -9.06733D-01 -9.04616D-01   
 7.12030D-02  6.16985D-02 -8.80593D-01 -8.78013D-01  1.11190D-01  9.71635D-02   
-8.47926D-01 -8.46250D-01  1.59974D-01  1.38763D-01 -8.24451D-01 -8.21693D-01   
 1.94773D-01  1.70233D-01 -8.02345D-01 -8.00290D-01  2.20729D-01  2.00209D-01   
-7.50666D-01 -7.48983D-01  2.94372D-01  2.51183D-01 -6.86871D-01 -6.86385D-01   
 3.77307D-01  3.23657D-01 -6.24017D-01 -6.21739D-01  4.54398D-01  4.39147D-01   
-5.66933D-01 -5.64651D-01  5.20581D-01  4.39342D-01 -5.00627D-01 -4.96737D-01   
 5.98957D-01  6.03996D-01 -4.39783D-01 -4.36448D-01  6.73334D-01  5.99794D-01   
-3.79477D-01 -3.76460D-01  7.46424D-01  6.48900D-01 -2.61274D-01 -2.61226D-01   
 8.96065D-01  7.98667D-01 -9.29226D-02 -9.26386D-02  1.09172D+00  8.84430D-01   
 6.59558D-02  6.94015D-02  1.24934D+00  1.10777D+00  1.69354D-01  1.73489D-01   
 1.34856D+00  1.19853D+00  3.71912D-01  3.73552D-01  1.53742D+00  1.38070D+00   
 6.54345D-01  6.55263D-01  1.77780D+00  1.50627D+00  8.69251D-01  8.68136D-01   
 1.98550D+00  1.65289D+00  1.06600D+00  1.06643D+00  2.14216D+00  1.86592D+00   
 1.34697D+00  1.34668D+00  2.37537D+00  2.10799D+00  1.59060D+00  1.59158D+00   
 2.50806D+00  2.08199D+00  1.84882D+00  1.84933D+00  2.67743D+00  2.15603D+00   
 2.09798D+00  2.09802D+00  2.80560D+00  2.40900D+00  2.26299D+00  2.26271D+00   
 2.85734D+00  2.70433D+00  2.40728D+00  2.40594D+00  2.94996D+00  2.65314D+00   
 2.41870D+00  2.41793D+00  2.91646D+00  2.72932D+00  0.00000D+00  0.00000D+00   
-6.33219D-04 -6.53238D-04  0.00000D+00 -3.62316D-02 -2.66519D-03 -2.68047D-03   
 0.00000D+00 -2.54641D-02 -5.79022D-03 -5.80350D-03  0.00000D+00  5.61853D-03   
-1.83769D-02 -1.84050D-02  0.00000D+00  3.48333D-03 -3.01377D-02 -3.01842D-02   
 0.00000D+00 -5.42089D-03 -3.99361D-02 -4.00007D-02  0.00000D+00 -7.07405D-03   
-4.13114D-02 -4.13781D-02  0.00000D+00 -1.28433D-02 -4.56581D-02 -4.57326D-02   
 0.00000D+00 -1.76386D-02 -4.88413D-02 -4.89215D-02  0.00000D+00 -2.30108D-02   
-5.20172D-02 -5.21023D-02  0.00000D+00 -3.45158D-02 -5.79952D-02 -5.80920D-02   
 6.22323D-03 -5.37205D-02 -6.74358D-02 -6.75612D-02 -5.64054D-02 -8.89124D-02   
-7.75595D-02 -7.77169D-02 -8.43063D-02 -1.08883D-01 -8.24053D-02 -8.25832D-02   
-1.35639D-01 -1.51344D-01 -9.42067D-02 -9.45838D-02 -1.39306D-01 -1.54563D-01   
-9.46869D-02 -9.50999D-02 -1.51872D-01 -1.65484D-01 -9.66491D-02 -9.71993D-02   
-1.82100D-01 -1.92326D-01 -1.05809D-01 -1.06593D-01 -2.22924D-01 -2.31408D-01   
-1.11625D-01 -1.12170D-01 -2.75894D-01 -2.82803D-01 -1.19946D-01 -1.22309D-01   
-3.39420D-01 -3.45074D-01 -1.24190D-01 -1.26309D-01 -3.78439D-01 -3.83036D-01   
-1.27543D-01 -1.31455D-01 -4.22938D-01 -4.26837D-01 -1.29993D-01 -1.35077D-01   
-4.69764D-01 -4.72465D-01 -1.32008D-01 -1.39764D-01 -4.98833D-01 -5.02107D-01   
-1.24246D-01 -1.35297D-01 -5.23383D-01 -5.23547D-01 -1.25091D-01 -1.34679D-01   
-5.72173D-01 -5.72849D-01 -1.09325D-01 -1.38385D-01 -6.19448D-01 -6.21340D-01   
-8.35786D-02 -1.17183D-01 -6.55330D-01 -6.56309D-01 -5.14147D-02 -5.68833D-02   
-6.80627D-01 -6.83628D-01 -2.59541D-02 -9.68173D-02 -7.02730D-01 -7.03230D-01   
 1.81893D-02  8.51258D-02 -7.16939D-01 -7.16981D-01  6.09258D-02  2.35791D-03   
-7.25715D-01 -7.23337D-01  1.03224D-01  3.46919D-02 -7.28717D-01 -7.27642D-01   
 2.04836D-01  7.61206D-02 -7.05825D-01 -7.08905D-01  3.76115D-01  1.84777D-01   
-6.64529D-01 -6.65410D-01  5.30795D-01  3.71894D-01 -6.30063D-01 -6.27522D-01   
 6.30484D-01  4.72754D-01 -5.40969D-01 -5.36020D-01  8.00030D-01  6.54943D-01   
-3.63155D-01 -3.64806D-01  1.08920D+00  7.14025D-01 -1.99991D-01 -2.01719D-01   
 1.29336D+00  8.42504D-01 -3.25981D-02 -3.17086D-02  1.49497D+00  1.16901D+00   
 2.37752D-01  2.36379D-01  1.84960D+00  1.49375D+00  4.99253D-01  5.00651D-01   
 2.02645D+00  1.35536D+00  8.05202D-01  8.05494D-01  2.27173D+00  1.41010D+00   
 1.12718D+00  1.12689D+00  2.48343D+00  1.80710D+00  1.35616D+00  1.35584D+00   
 2.53129D+00  2.34665D+00  1.56897D+00  1.56486D+00  2.77272D+00  2.16386D+00   
 1.58619D+00  1.58331D+00  2.61400D+00  2.36450D+00  0.00000D+00  0.00000D+00   
 1.17122D-05  1.15232D-05  0.00000D+00 -3.81015D-04 -2.78229D-06 -2.99519D-06   
 0.00000D+00 -6.20510D-04 -3.55968D-05 -3.58577D-05  0.00000D+00 -3.04602D-04   
-2.71602D-04 -2.72390D-04  0.00000D+00 -1.94637D-05 -7.01070D-04 -7.02873D-04   
 0.00000D+00  7.76038D-05 -1.30764D-03 -1.31095D-03  0.00000D+00  7.19517D-05   
-1.41306D-03 -1.41667D-03  0.00000D+00  1.38244D-05 -1.78252D-03 -1.78707D-03   
 0.00000D+00 -7.55274D-05 -2.09380D-03 -2.09891D-03  0.00000D+00 -2.16891D-04   
-2.44535D-03 -2.45113D-03  0.00000D+00 -6.47807D-04 -3.21625D-03 -3.22397D-03   
 6.31199D-06 -1.69680D-03 -4.74822D-03 -4.75908D-03 -2.15959D-03 -4.75365D-03   
-7.98640D-03 -8.00859D-03 -4.53027D-03 -7.22101D-03 -9.74155D-03 -9.77272D-03   
-1.12587D-02 -1.37858D-02 -1.55535D-02 -1.55920D-02 -1.18623D-02 -1.44031D-02   
-1.59783D-02 -1.60184D-02 -1.40608D-02 -1.66236D-02 -1.72794D-02 -1.73369D-02   
-2.01576D-02 -2.23532D-02 -2.16095D-02 -2.17789D-02 -3.02845D-02 -3.27035D-02   
-2.91063D-02 -2.93051D-02 -4.68115D-02 -4.90631D-02 -4.13660D-02 -4.15541D-02   
-7.19709D-02 -7.46765D-02 -5.56457D-02 -5.66181D-02 -9.05539D-02 -9.24552D-02   
-6.61539D-02 -6.77748D-02 -1.14972D-01 -1.17302D-01 -7.85214D-02 -7.72957D-02   
-1.44898D-01 -1.45978D-01 -9.53926D-02 -9.75213D-02 -1.65997D-01 -1.69002D-01   
-9.97472D-02 -1.09515D-01 -1.85553D-01 -1.87478D-01 -1.14878D-01 -1.12642D-01   
-2.30076D-01 -2.34170D-01 -1.31960D-01 -1.41554D-01 -2.82725D-01 -2.84067D-01   
-1.47712D-01 -1.65592D-01 -3.32082D-01 -3.32446D-01 -1.61952D-01 -1.43396D-01   
-3.74760D-01 -3.78349D-01 -1.71250D-01 -2.26841D-01 -4.21827D-01 -4.24021D-01   
-1.72775D-01 -7.36725D-02 -4.62711D-01 -4.66111D-01 -1.77606D-01 -2.04224D-01   
-5.01054D-01 -5.01643D-01 -1.74737D-01 -2.23710D-01 -5.69470D-01 -5.67886D-01   
-1.51399D-01 -1.97844D-01 -6.49309D-01 -6.50595D-01 -1.05595D-01 -2.70962D-01   
-7.06315D-01 -7.11225D-01 -3.62048D-02 -1.67723D-01 -7.36759D-01 -7.40642D-01   
 1.76837D-02 -1.01324D-01 -7.84154D-01 -7.80118D-01  1.13870D-01 -9.22992D-03   
-7.97653D-01 -7.96281D-01  2.52113D-01 -9.88564D-02 -7.63888D-01 -7.70840D-01   
 4.26083D-01 -1.49111D-02 -7.12606D-01 -7.09783D-01  6.10124D-01  2.64867D-01   
-5.94910D-01 -5.98539D-01  9.09230D-01  6.13284D-01 -4.50188D-01 -4.48424D-01   
 1.05079D+00  3.38565D-01 -2.45965D-01 -2.46411D-01  1.34678D+00  3.14800D-01   
 1.01409D-03  3.68597D-04  1.62341D+00  8.05817D-01  1.97667D-01  1.97115D-01   
 1.67095D+00  1.59046D+00  3.96899D-01  3.91872D-01  2.05026D+00  1.30543D+00   
 4.13696D-01  4.10266D-01  1.82235D+00  1.60346D+00  0.00000D+00  0.00000D+00   
 1.19973D-07  1.19153D-07  0.00000D+00 -1.14253D-06  6.73444D-08  6.58053D-08   
 0.00000D+00 -5.36078D-06 -1.74100D-07 -1.76854D-07  0.00000D+00 -7.52572D-06   
-3.44369D-06 -3.45835D-06  0.00000D+00 -4.30198D-06 -1.27924D-05 -1.28366D-05   
 0.00000D+00  1.07808D-06 -3.23765D-05 -3.24743D-05  0.00000D+00  1.82029D-06   
-3.64850D-05 -3.66107D-05  0.00000D+00  3.65453D-06 -5.24985D-05 -5.26668D-05   
 0.00000D+00  4.12940D-06 -6.77819D-05 -6.79787D-05  0.00000D+00  3.27758D-06   
-8.68137D-05 -8.71037D-05  0.00000D+00 -4.32694D-06 -1.34174D-04 -1.34602D-04   
 9.22700D-10 -3.74207D-05 -2.42583D-04 -2.43093D-04 -6.81865D-05 -1.91392D-04   
-5.79727D-04 -5.82751D-04 -1.95992D-04 -3.72643D-04 -8.26520D-04 -8.30003D-04   
-7.37256D-04 -9.66286D-04 -1.70407D-03 -1.70707D-03 -7.96156D-04 -1.03494D-03   
-1.79810D-03 -1.80464D-03 -1.02283D-03 -1.29293D-03 -2.12079D-03 -2.12530D-03   
-1.74400D-03 -2.04852D-03 -2.83054D-03 -2.84885D-03 -3.20169D-03 -3.55650D-03   
-5.02526D-03 -5.07872D-03 -6.16245D-03 -6.49972D-03 -8.71722D-03 -8.66446D-03   
-1.18107D-02 -1.23280D-02 -1.51218D-02 -1.54984D-02 -1.67366D-02 -1.71936D-02   
-1.85412D-02 -1.86519D-02 -2.40728D-02 -2.47282D-02 -2.45879D-02 -2.47425D-02   
-3.43004D-02 -3.50750D-02 -3.36293D-02 -3.47379D-02 -4.22877D-02 -4.22715D-02   
-4.32896D-02 -4.59566D-02 -5.02447D-02 -5.32822D-02 -4.83208D-02 -5.39320D-02   
-7.02929D-02 -7.37833D-02 -6.65877D-02 -7.57603D-02 -9.74059D-02 -9.78031D-02   
-8.56161D-02 -1.20298D-01 -1.26188D-01 -1.27568D-01 -1.10774D-01 -6.77416D-02   
-1.53726D-01 -1.55035D-01 -1.32127D-01 -2.01266D-01 -1.87005D-01 -1.88090D-01   
-1.51151D-01 -5.73476D-02 -2.18515D-01 -2.21245D-01 -1.71246D-01 -1.72454D-01   
-2.50557D-01 -2.53109D-01 -1.91962D-01 -2.08385D-01 -3.15541D-01 -3.16308D-01   
-2.27610D-01 -2.71404D-01 -4.11003D-01 -4.09647D-01 -2.60918D-01 -4.16018D-01   
-4.98217D-01 -5.00435D-01 -2.86381D-01 -3.16677D-01 -5.51781D-01 -5.57014D-01   
-2.88841D-01 -3.46037D-01 -6.55447D-01 -6.59177D-01 -2.78705D-01 -3.16440D-01   
-7.98977D-01 -7.89539D-01 -3.04181D-01 -5.58195D-01 -8.76520D-01 -8.85763D-01   
-2.26959D-01 -6.44271D-01 -9.36228D-01 -9.35034D-01 -2.15999D-01 -3.88704D-01   
-9.97316D-01 -1.00163D+00  3.78181D-02 -7.78517D-02 -1.01605D+00 -1.01432D+00   
 1.02113D-01 -5.07115D-01 -9.93418D-01 -9.94492D-01  3.34227D-01 -6.35085D-01   
-9.24419D-01 -9.25933D-01  5.83956D-01 -1.48312D-01 -8.43783D-01 -8.45003D-01   
 5.56884D-01  7.70519D-01 -7.41733D-01 -7.48268D-01  1.10660D+00  3.17413D-01   
-7.32383D-01 -7.37166D-01  6.69213D-01  7.65365D-01  0.00000D+00  0.00000D+00   
 7.97608D-10  7.95811D-10  0.00000D+00 -2.35055D-09  8.58044D-10  8.49423D-10   
 0.00000D+00 -3.73804D-08 -4.24080D-10 -4.49099D-10  0.00000D+00 -1.30727D-07   
-3.91379D-08 -3.93435D-08  0.00000D+00 -1.46709D-07 -2.03454D-07 -2.04110D-07   
 0.00000D+00 -5.68550D-08 -6.77086D-07 -6.79440D-07  0.00000D+00 -3.39489D-08   
-7.94416D-07 -7.96139D-07  0.00000D+00  5.16725D-08 -1.29524D-06 -1.29736D-06   
 0.00000D+00  1.23080D-07 -1.82983D-06 -1.83912D-06  0.00000D+00  1.88872D-07   
-2.57555D-06 -2.59267D-06  0.00000D+00  2.03989D-07 -4.74697D-06 -4.75065D-06   
-8.29656D-11 -4.79720D-07 -1.03653D-05 -1.04653D-05 -1.91846D-06 -6.09687D-06   
-3.36747D-05 -3.38804D-05 -7.45195D-06 -1.56697D-05 -5.94342D-05 -5.83295D-05   
-4.19335D-05 -5.73138D-05 -1.46348D-04 -1.42751D-04 -4.63877D-05 -6.33296D-05   
-1.51078D-04 -1.55166D-04 -6.44878D-05 -8.46589D-05 -2.07160D-04 -2.03745D-04   
-1.30349D-04 -1.62985D-04 -3.07360D-04 -3.10773D-04 -2.91543D-04 -3.21211D-04   
-6.60595D-04 -6.68948D-04 -6.97540D-04 -7.32848D-04 -1.25291D-03 -1.25180D-03   
-1.66615D-03 -1.68202D-03 -2.84909D-03 -2.93664D-03 -2.65948D-03 -2.85952D-03   
-3.35125D-03 -3.35331D-03 -4.33292D-03 -4.56986D-03 -5.64503D-03 -6.41084D-03   
-6.97693D-03 -7.55236D-03 -8.69875D-03 -9.15782D-03 -9.25347D-03 -8.95651D-03   
-1.50976D-02 -1.35484D-02 -1.16835D-02 -1.19967D-02 -1.21518D-02 -1.60987D-02   
-1.84333D-02 -1.65485D-02 -1.96100D-02 -9.87705D-03 -2.87908D-02 -2.80672D-02   
-3.33792D-02 -4.36721D-02 -4.11217D-02 -4.29094D-02 -4.84919D-02 -1.16546D-02   
-5.40693D-02 -5.31439D-02 -6.44883D-02 -9.47217D-02 -7.10667D-02 -7.21844D-02   
-7.29520D-02  2.73296D-02 -8.83958D-02 -8.86501D-02 -9.76797D-02 -9.05856D-02   
-1.07152D-01 -1.09268D-01 -1.09672D-01 -1.07191D-01 -1.48648D-01 -1.50090D-01   
-1.34679D-01 -1.57786D-01 -2.19353D-01 -2.18339D-01 -2.00610D-01 -2.47985D-01   
-2.96096D-01 -2.95240D-01 -2.46831D-01 -3.23796D-01 -3.48310D-01 -3.49538D-01   
-2.76264D-01 -2.74490D-01 -4.54241D-01 -4.59285D-01 -3.05959D-01 -3.00658D-01   
-6.28694D-01 -6.25428D-01 -3.77691D-01 -6.02460D-01 -7.68033D-01 -7.67491D-01   
-4.57404D-01 -7.10106D-01 -8.95049D-01 -8.96829D-01 -4.03387D-01 -5.42660D-01   
-1.07726D+00 -1.07738D+00 -3.06076D-01 -3.27552D-01 -1.22529D+00 -1.22564D+00   
-3.77924D-01 -8.13344D-01 -1.36589D+00 -1.36652D+00 -2.23900D-01 -1.03276D+00   
-1.47151D+00 -1.47281D+00 -8.75593D-03 -6.72376D-01 -1.51460D+00 -1.51563D+00   
-1.32962D-01  2.03545D-01 -1.52358D+00 -1.52678D+00  4.36616D-01 -2.11388D-01   
-1.52287D+00 -1.52521D+00 -1.80802D-02  1.60976D-01  0.00000D+00  0.00000D+00   
 4.14797D-12  4.15219D-12  0.00000D+00 -3.98089D-12  7.47208D-12  7.44786D-12   
 0.00000D+00 -2.31790D-10  9.27962D-12  9.14027D-12  0.00000D+00 -1.89439D-09   
-2.54473D-10 -2.56582D-10  0.00000D+00 -3.44096D-09 -2.12372D-09 -2.13980D-09   
 0.00000D+00 -3.23727D-09 -9.72258D-09 -9.80912D-09  0.00000D+00 -2.90248D-09   
-1.19075D-08 -1.19630D-08  0.00000D+00 -1.11540D-09 -2.21680D-08 -2.23017D-08   
 0.00000D+00  1.08040D-09 -3.47900D-08 -3.50300D-08  0.00000D+00  4.15933D-09   
-5.43125D-08 -5.46111D-08  0.00000D+00  1.07437D-08 -1.18224D-07 -1.19430D-07   
-6.60798D-13  5.74057D-09 -3.29182D-07 -3.27987D-07 -4.99205D-08 -1.44591D-07   
-1.40968D-06 -1.47158D-06 -2.59946D-07 -5.79408D-07 -3.00951D-06 -3.15285D-06   
-2.17080D-06 -3.56733D-06 -9.33590D-06 -8.99606D-06 -2.45895D-06 -2.88227D-06   
-9.59655D-06 -1.00034D-05 -3.69415D-06 -3.99428D-06 -1.46027D-05 -1.42099D-05   
-8.82956D-06 -1.17895D-05 -2.82960D-05 -2.85837D-05 -2.39955D-05 -2.56415D-05   
-6.09006D-05 -6.12817D-05 -7.11888D-05 -8.00844D-05 -1.19259D-04 -1.23210D-04   
-2.11578D-04 -2.18787D-04 -2.87249D-04 -3.08007D-04 -3.80126D-04 -4.57885D-04   
-6.34443D-04 -6.61169D-04 -7.00805D-04 -7.69662D-04 -1.68549D-03 -1.75042D-03   
-1.27320D-03 -1.37486D-03 -2.78948D-03 -2.51548D-03 -1.81427D-03 -1.97825D-03   
-3.01586D-03 -2.33239D-03 -2.43127D-03 -1.76808D-03 -3.51327D-03 -4.96855D-03   
-4.31419D-03 -2.41612D-03 -6.02695D-03 -1.73869D-02 -7.57063D-03 -7.16400D-03   
-1.09693D-02 -3.75801D-02 -1.18830D-02 -1.23744D-02 -1.77088D-02  2.61616D-02   
-1.68162D-02 -1.57148D-02 -2.46724D-02 -6.01718D-02 -2.38090D-02 -2.51270D-02   
-3.11088D-02  1.19559D-02 -3.14447D-02 -3.07299D-02 -4.32164D-02 -3.95241D-02   
-4.01901D-02 -4.10699D-02 -5.21717D-02 -5.62167D-02 -6.09882D-02 -6.14522D-02   
-7.27112D-02 -6.30981D-02 -1.00485D-01 -1.00288D-01 -1.19395D-01 -1.92079D-01   
-1.49305D-01 -1.48316D-01 -1.65566D-01 -1.67794D-01 -1.85920D-01 -1.84868D-01   
-1.98235D-01 -1.90652D-01 -2.65145D-01 -2.66979D-01 -2.50417D-01 -2.10137D-01   
-4.01607D-01 -4.06420D-01 -3.50704D-01 -4.54199D-01 -5.35481D-01 -5.28470D-01   
-4.57034D-01 -5.75321D-01 -6.67858D-01 -6.69458D-01 -4.96570D-01 -5.21133D-01   
-8.75962D-01 -8.72957D-01 -5.14240D-01 -4.33831D-01 -1.07259D+00 -1.07419D+00   
-6.50192D-01 -8.22258D-01 -1.29408D+00 -1.29410D+00 -6.42052D-01 -1.01199D+00   
-1.50901D+00 -1.50985D+00 -5.81908D-01 -8.45219D-01 -1.64541D+00 -1.64679D+00   
-7.62252D-01 -2.60084D-01 -1.75397D+00 -1.75375D+00 -3.41591D-01 -6.06150D-01   
-1.76164D+00 -1.76182D+00 -7.62775D-01 -3.30266D-01  0.00000D+00  0.00000D+00   
 1.96640D-14  1.97444D-14  0.00000D+00 -7.04762D-15  4.80981D-14  4.81468D-14   
 0.00000D+00 -1.19622D-12  1.06618D-13  1.06280D-13  0.00000D+00 -2.07592D-11   
-1.45451D-12 -1.49867D-12  0.00000D+00 -5.49842D-11 -2.09673D-11 -2.15829D-11   
 0.00000D+00 -7.87518D-11 -1.35443D-10 -1.35077D-10  0.00000D+00 -7.76799D-11   
-1.67356D-10 -1.74001D-10  0.00000D+00 -5.69101D-11 -3.61691D-10 -3.71999D-10   
 0.00000D+00 -1.65109D-11 -6.47319D-10 -6.40422D-10  0.00000D+00  6.20574D-11   
-1.07447D-09 -1.07921D-09  0.00000D+00  3.22090D-10 -2.76011D-09 -2.70004D-09   
-9.40940D-15  5.30747D-10 -1.08767D-08 -8.48472D-09 -1.24474D-09 -2.27462D-09   
-3.39643D-08 -3.90540D-08 -8.16147D-09 -1.85114D-08 -1.51802D-07 -1.34277D-07   
-9.52551D-08 -1.85710D-07 -7.63389D-07 -3.66281D-07 -1.10171D-07 -1.00687D-07   
-2.48381D-07 -6.74281D-07 -1.77319D-07 -1.43005D-07 -1.01225D-06 -7.44465D-07   
-4.93062D-07 -6.93204D-07 -1.99796D-06 -2.04403D-06 -1.60375D-06 -1.66949D-06   
-3.81666D-06 -3.70784D-06 -5.82282D-06 -6.90507D-06 -1.11103D-05 -1.20106D-05   
-2.13057D-05 -2.24375D-05 -1.75173D-05 -2.05491D-05 -4.28818D-05 -5.57392D-05   
-2.06815D-04 -2.01197D-04 -8.90914D-05 -1.00815D-04 -4.11441D-04 -2.99479D-04   
-1.82029D-04 -1.97102D-04 -4.95764D-04 -4.16235D-04 -2.78225D-04 -3.25440D-04   
-2.72000D-05 -9.22946D-05 -3.95217D-04 -2.14067D-04 -1.24561D-03 -1.18426D-03   
-7.86846D-04 -2.69374D-04 -1.47739D-03 -4.30214D-03 -1.54774D-03 -1.43055D-03   
-2.87550D-03  1.08670D-02 -2.66479D-03 -2.77927D-03 -4.64414D-03  5.83990D-03   
-4.05253D-03 -3.65829D-03 -7.05136D-03 -4.69897D-03 -6.17101D-03 -6.66564D-03   
-8.72430D-03  2.05199D-02 -8.64304D-03 -8.31266D-03 -1.43210D-02 -3.88988D-03   
-1.16370D-02 -1.19265D-02 -1.73565D-02 -1.30358D-02 -1.92974D-02 -1.94368D-02   
-2.59392D-02 -3.42030D-02 -3.54389D-02 -3.54129D-02 -5.00513D-02 -6.50113D-02   
-5.76883D-02 -5.71769D-02 -7.56794D-02 -1.06464D-01 -7.57381D-02 -7.49500D-02   
-9.62838D-02 -8.80278D-02 -1.17723D-01 -1.18370D-01 -1.31314D-01 -6.89385D-02   
-1.96142D-01 -2.00308D-01 -2.09319D-01 -2.63806D-01 -2.83088D-01 -2.77463D-01   
-2.98370D-01 -3.74878D-01 -3.76040D-01 -3.77070D-01 -3.38742D-01 -3.36641D-01   
-5.35164D-01 -5.32343D-01 -4.05131D-01 -2.53987D-01 -7.02286D-01 -7.03740D-01   
-5.57275D-01 -5.99243D-01 -9.11167D-01 -9.10904D-01 -6.19393D-01 -7.85445D-01   
-1.14172D+00 -1.14245D+00 -6.49002D-01 -7.20192D-01 -1.31081D+00 -1.31162D+00   
-8.56944D-01 -3.07399D-01 -1.46833D+00 -1.46700D+00 -5.94270D-01 -6.04105D-01   
-1.48095D+00 -1.48012D+00 -9.14880D-01 -4.02108D-01  0.00000D+00  0.00000D+00   
 8.93589D-17  8.99573D-17  0.00000D+00 -2.50802D-17  2.82312D-16  2.83567D-16   
 0.00000D+00 -5.57828D-15  1.01711D-15  1.01984D-15  0.00000D+00 -2.27663D-13   
 6.14837D-15  5.42939D-15  0.00000D+00 -9.51026D-13 -7.47644D-14 -8.96133D-14   
 0.00000D+00 -2.28257D-12 -1.18175D-12 -1.09394D-12  0.00000D+00 -2.49350D-12   
-1.34290D-12 -1.62328D-12  0.00000D+00 -3.13113D-12 -3.90239D-12 -4.31307D-12   
 0.00000D+00 -3.29646D-12 -8.86555D-12 -8.23710D-12  0.00000D+00 -2.97735D-12   
-1.48269D-11 -1.48198D-11  0.00000D+00  7.89627D-13 -4.79743D-11 -4.20247D-11   
-3.07997D-17  1.01382D-11 -3.13957D-10 -1.36635D-10 -2.33965D-11 -1.87936D-11   
 2.32971D-10 -4.06946D-11 -2.02864D-10 -4.84495D-10 -6.81646D-09 -4.26502D-09   
-3.43985D-09 -7.83711D-09 -5.57280D-08 -5.65439D-09 -4.06933D-09 -2.68417D-09   
 1.33913D-08 -4.07517D-08 -7.05268D-09 -3.71466D-09 -6.23103D-08 -2.75195D-08   
-2.30287D-08 -3.43133D-08 -1.13850D-07 -1.18947D-07 -9.03903D-08 -9.15772D-08   
-1.41038D-07 -1.17145D-07 -4.04343D-07 -5.03431D-07 -9.01462D-07 -1.04006D-06   
-1.83009D-06 -1.95918D-06  5.74191D-07  2.91848D-07 -4.13367D-06 -5.77624D-06   
-4.37619D-05 -4.16743D-05 -9.69073D-06 -1.13052D-05 -7.76663D-05 -4.16690D-05   
-2.22870D-05 -2.43657D-05 -6.87919D-05 -5.14238D-05 -3.65539D-05 -4.57628D-05   
 1.04031D-04  5.68343D-05 -5.50570D-05 -1.84730D-05 -3.28081D-04 -2.43913D-04   
-1.23046D-04 -9.31015D-06 -3.05699D-04 -1.26083D-03 -2.71390D-04 -2.48469D-04   
-6.38866D-04  8.38194D-03 -5.12575D-04 -5.37195D-04 -9.99019D-04  1.42605D-03   
-8.37541D-04 -7.25661D-04 -1.67965D-03  2.99654D-03 -1.37107D-03 -1.51332D-03   
-1.91510D-03  1.31983D-02 -2.03548D-03 -1.92247D-03 -3.96408D-03  2.18422D-03   
-2.88590D-03 -2.97146D-03 -4.71360D-03 -3.32245D-04 -5.22906D-03 -5.26744D-03   
-7.55695D-03 -1.55757D-02 -1.07049D-02 -1.06987D-02 -1.71572D-02 -8.02541D-03   
-1.90614D-02 -1.88376D-02 -2.81507D-02 -6.12921D-02 -2.63309D-02 -2.59479D-02   
-3.82293D-02 -3.17624D-02 -4.45136D-02 -4.47059D-02 -5.59701D-02 -2.64271D-03   
-8.14009D-02 -8.40097D-02 -9.93873D-02 -1.27940D-01 -1.27017D-01 -1.23636D-01   
-1.55823D-01 -2.06038D-01 -1.79466D-01 -1.79987D-01 -1.94922D-01 -1.68741D-01   
-2.76358D-01 -2.74289D-01 -2.47253D-01 -8.18257D-02 -3.87043D-01 -3.88060D-01   
-3.65707D-01 -3.49373D-01 -5.37950D-01 -5.37795D-01 -4.49362D-01 -5.06526D-01   
-7.21158D-01 -7.21878D-01 -5.24374D-01 -4.80646D-01 -8.68103D-01 -8.69535D-01   
-7.17837D-01 -1.84676D-01 -1.01866D+00 -1.01748D+00 -5.68959D-01 -4.47305D-01   
-1.03133D+00 -1.03072D+00 -8.32804D-01 -2.72789D-01  0.00000D+00  0.00000D+00   
 3.18949D-19  3.21835D-19  0.00000D+00 -5.29004D-20  1.28885D-18  1.29813D-18   
 0.00000D+00 -2.15841D-17  6.50226D-18  6.53994D-18  0.00000D+00 -1.79707D-15   
 1.54560D-16  1.46819D-16  0.00000D+00 -1.10711D-14  7.10109D-16  4.71986D-16   
 0.00000D+00 -3.86767D-14 -5.02422D-15 -2.60255D-15  0.00000D+00 -4.47560D-14   
-1.28686D-15 -7.93409D-15  0.00000D+00 -7.02627D-14 -2.14953D-14 -3.19356D-14   
 0.00000D+00 -9.10226D-14 -8.68544D-14 -6.66821D-14  0.00000D+00 -1.15725D-13   
-1.18689D-13 -1.15635D-13  0.00000D+00 -1.20789D-13 -5.60283D-13 -3.27225D-13   
-9.15207D-20  7.07285D-14 -8.07943D-12 -4.98333D-13 -3.67123D-13  1.57716D-13   
 6.84461D-11  5.64723D-11 -4.27851D-12 -1.07291D-11 -2.62226D-10 -8.56743D-11   
-1.06900D-10 -2.84302D-10 -3.55233D-09  5.01545D-10 -1.29413D-10 -4.05271D-11   
 2.21311D-09 -2.23270D-09 -2.41921D-10 -3.27229D-11 -3.27224D-09 -2.94832D-10   
-9.30447D-10 -1.49012D-09 -5.81408D-09 -6.28449D-09 -4.42087D-09 -4.26446D-09   
 5.43282D-09  8.52579D-09 -2.44437D-08 -3.19677D-08 -7.35822D-08 -8.81248D-08   
-1.37304D-07 -1.48814D-07  4.05360D-07  3.93580D-07 -3.48560D-07 -5.36763D-07   
-7.38271D-06 -6.89605D-06 -9.23039D-07 -1.11912D-06 -1.23544D-05 -5.23523D-06   
-2.39068D-06 -2.67090D-06 -7.88876D-06 -5.29478D-06 -4.20816D-06 -5.51766D-06   
 3.45877D-05  2.20053D-05 -6.72122D-06  4.51296D-07 -7.19525D-05 -3.99918D-05   
-1.68653D-05  5.44439D-06 -5.52622D-05  3.16603D-04 -4.17224D-05 -3.26411D-05   
-1.27314D-04  2.20527D-03 -8.64823D-05 -9.17415D-05 -1.80701D-04 -3.80242D-04   
-1.51907D-04 -1.23039D-04 -3.40435D-04  1.60620D-03 -2.67418D-04 -3.02126D-04   
-3.04083D-04  5.91931D-03 -4.20696D-04 -3.84820D-04 -9.52408D-04  1.47476D-03   
-6.27530D-04 -6.49815D-04 -1.05261D-03  7.81985D-04 -1.23968D-03 -1.25106D-03   
-1.64602D-03 -8.98638D-03 -2.83304D-03 -2.83084D-03 -5.00529D-03  1.15247D-03   
-5.54634D-03 -5.44088D-03 -8.64727D-03 -2.52760D-02 -8.06611D-03 -7.87812D-03   
-1.26773D-02 -9.97285D-03 -1.47072D-02 -1.48149D-02 -2.02672D-02  1.22455D-02   
-2.94399D-02 -3.07135D-02 -3.85737D-02 -5.25473D-02 -4.98385D-02 -4.79714D-02   
-7.21062D-02 -9.87033D-02 -7.48239D-02 -7.50177D-02 -8.05167D-02 -7.42009D-02   
-1.24543D-01 -1.23232D-01 -1.23112D-01  3.22503D-03 -1.86262D-01 -1.86660D-01   
-2.02823D-01 -1.73567D-01 -2.76581D-01 -2.76285D-01 -2.68348D-01 -2.84800D-01   
-3.95390D-01 -3.96093D-01 -3.30136D-01 -2.77689D-01 -4.98315D-01 -4.98966D-01   
-4.68807D-01 -6.98993D-02 -6.10177D-01 -6.09733D-01 -4.34850D-01 -2.53135D-01   
-6.20044D-01 -6.19599D-01 -5.47338D-01 -1.33799D-01  0.00000D+00  0.00000D+00   
 9.34296D-22  9.45042D-22  0.00000D+00 -7.63816D-23  4.93134D-21  4.98374D-21   
 0.00000D+00 -7.03079D-20  3.50905D-20  3.54405D-20  0.00000D+00 -1.18046D-17   
 1.87827D-18  1.79692D-18  0.00000D+00 -9.91613D-17  1.94797D-17  1.60877D-17   
 0.00000D+00 -4.64935D-16  4.47786D-17  9.32095D-17  0.00000D+00 -5.61310D-16   
 1.78976D-16  4.95734D-17  0.00000D+00 -1.03947D-15  1.87052D-16 -3.78779D-17   
 0.00000D+00 -1.52926D-15 -5.14571D-16 -7.85739D-18  0.00000D+00 -2.33178D-15   
 6.05639D-16  7.42625D-16  0.00000D+00 -4.00964D-15  1.34530D-16  7.05448D-15   
-2.38010D-22 -2.12423D-15 -1.85488D-13  8.02870D-14 -4.86270D-15  8.22001D-15   
 4.21540D-12  3.76047D-12 -7.61633D-14 -1.77565D-13 -8.06568D-12  1.09983D-12   
-2.81090D-12 -9.05924D-12 -2.01384D-10  5.43492D-11 -3.48307D-12  1.15965D-12   
 1.70251D-10 -1.22232D-10 -7.02621D-12  3.60469D-12 -1.64174D-10  4.52860D-11   
-3.18389D-11 -5.44661D-11 -1.95848D-10 -2.24658D-10 -1.83073D-10 -1.60212D-10   
 1.34359D-09  1.63909D-09 -1.25135D-09 -1.79278D-09 -9.81401D-09 -1.07933D-08   
-8.73556D-09 -9.35537D-09  4.11325D-08  3.90414D-08 -2.49531D-08 -4.64801D-08   
-1.02002D-06 -9.11689D-07 -7.47221D-08 -9.77046D-08 -1.67969D-06 -5.42473D-07   
-2.18056D-07 -2.39211D-07 -6.23936D-07 -5.07141D-07 -4.11942D-07 -6.34926D-07   
 9.79669D-06  4.90597D-06 -6.97675D-07  6.40705D-08 -1.43069D-05 -7.32644D-06   
-1.96546D-06 -2.36324D-06 -1.16786D-05 -7.20983D-05 -5.45324D-06 -5.41248D-06   
-2.30870D-05  1.83996D-04 -1.24044D-05 -1.32045D-05 -2.62172D-05 -6.34811D-04   
-2.34341D-05 -1.71545D-05 -5.28725D-05  2.37549D-04 -4.44216D-05 -5.19765D-05   
-3.51493D-05  1.29008D-03 -7.41602D-05 -6.34970D-05 -1.80819D-04  7.85148D-04   
-1.16459D-04 -1.20744D-04 -1.88838D-04  4.51108D-04 -2.49979D-04 -2.51284D-04   
-3.79319D-04 -3.54604D-03 -6.32678D-04 -6.37888D-04 -1.16617D-03 -1.98176D-04   
-1.37213D-03 -1.33175D-03 -2.16436D-03 -1.29066D-02 -2.12587D-03 -2.02955D-03   
-3.32723D-03 -2.43798D-03 -4.19060D-03 -4.19826D-03 -5.76945D-03  1.07596D-02   
-8.93715D-03 -9.60736D-03 -1.42079D-02 -1.72871D-02 -1.66071D-02 -1.56908D-02   
-2.30650D-02 -3.97970D-02 -2.66521D-02 -2.68425D-02 -3.57207D-02 -2.25295D-02   
-4.79572D-02 -4.70787D-02 -5.45161D-02  3.13809D-02 -7.60937D-02 -7.63571D-02   
-8.74192D-02 -6.38427D-02 -1.20811D-01 -1.20606D-01 -1.29521D-01 -1.30056D-01   
-1.83663D-01 -1.84253D-01 -1.85881D-01 -1.21160D-01 -2.41561D-01 -2.42716D-01   
-2.50164D-01  6.40984D-03 -3.09066D-01 -3.08862D-01 -2.80807D-01 -1.14649D-01   
-3.15069D-01 -3.14952D-01 -3.19611D-01 -2.31184D-02  0.00000D+00  0.00000D+00   
 1.85984D-24  1.88738D-24  0.00000D+00 -6.94878D-26  1.25982D-23  1.27803D-23   
 0.00000D+00 -1.65463D-22  1.19108D-22  1.21073D-22  0.00000D+00 -5.66304D-20   
 1.07683D-20  9.98449D-21  0.00000D+00 -6.33170D-19  1.46333D-19  1.14737D-19   
 0.00000D+00 -3.79294D-18 -1.05031D-20  9.93123D-19  0.00000D+00 -4.71856D-18   
 1.99447D-18  2.71642D-20  0.00000D+00 -9.93954D-18  1.29901D-18 -1.89799D-18   
 0.00000D+00 -1.61192D-17 -9.31790D-18  1.32999D-18  0.00000D+00 -2.84621D-17   
 2.52572D-17  2.66474D-17  0.00000D+00 -6.94674D-17  4.41066D-17  2.69234D-16   
-4.55350D-25 -7.72080D-17 -4.15975D-15  3.56072D-15 -4.71696D-17  4.35964D-16   
 1.66654D-13  1.68059D-13 -9.86097D-16 -2.93459D-15 -3.17811D-13  2.23838D-13   
-5.37384D-14 -3.80776D-13 -8.58009D-12  3.24507D-12 -6.81452D-14  2.36371D-13   
 1.08765D-11 -6.38959D-12 -1.48350D-13  2.91081D-13 -8.35144D-12  2.06163D-12   
-7.92076D-13 -1.46374D-12  5.77979D-12  2.99801D-12 -5.51064D-12 -4.46893D-12   
 5.33465D-11  7.05619D-11 -4.65258D-11 -9.59782D-11 -1.04332D-09 -1.10110D-09   
-4.03889D-10 -5.97077D-10 -3.47033D-09 -3.23834D-09 -1.29977D-09 -3.25859D-09   
-8.67255D-08 -7.46486D-08 -4.40938D-09 -6.19856D-09 -9.86248D-08  4.79255D-08   
-1.45232D-08 -1.18942D-08  3.00069D-07  2.03468D-07 -2.94695D-08 -6.79710D-08   
 1.71141D-06  4.33006D-07 -5.29565D-08  1.24389D-07 -1.61826D-06 -3.77789D-07   
-1.67740D-07  5.14543D-07 -5.09338D-07  2.20571D-05 -5.22997D-07 -4.08442D-07   
-4.25265D-06  6.91240D-04 -1.30742D-06 -1.18656D-06 -2.25659D-06 -1.15916D-04   
-2.65978D-06 -1.47475D-06 -8.27344D-06  5.28920D-04 -5.44196D-06 -7.55438D-06   
 5.68694D-06  8.62736D-04 -9.67872D-06 -7.40311D-06 -3.26596D-05  2.62146D-04   
-1.60819D-05 -1.62518D-05 -2.17755D-05  3.14974D-04 -3.77906D-05 -3.61764D-05   
-1.62669D-05 -7.02959D-04 -1.04915D-04 -1.07842D-04 -2.29330D-04  4.07915D-03   
-2.49937D-04 -2.44927D-04 -4.24560D-04 -3.19472D-03 -4.17967D-04 -3.86188D-04   
-7.22447D-04 -1.27493D-04 -9.53757D-04 -9.05035D-04 -1.29903D-03  3.79365D-03   
-2.01294D-03 -2.41299D-03 -3.20199D-03 -5.42001D-03 -4.18178D-03 -3.76823D-03   
-6.77047D-03 -1.14161D-02 -7.37322D-03 -7.24335D-03 -9.13625D-03 -6.70073D-03   
-1.44209D-02 -1.39471D-02 -1.56829D-02  1.89793D-02 -2.51461D-02 -2.50966D-02   
-2.90400D-02 -2.07623D-02 -4.29473D-02 -4.26549D-02 -4.58898D-02 -5.05814D-02   
-7.00507D-02 -7.03930D-02 -6.75346D-02 -5.18879D-02 -9.68401D-02 -9.73035D-02   
-9.85023D-02  1.19291D-02 -1.30072D-01 -1.30478D-01 -1.14038D-01 -3.23801D-02   
-1.33240D-01 -1.33007D-01 -1.29485D-01 -1.49324D-03                             
