  14.000     0.000            6        47        13                             
  1.82852D+00  1.51531D-01  1.08648D-01  1.07945D-01  1.36139D-02  6.54203D-03  
 1.40000D-02  2.00000D-02  3.00000D-02  4.00000D-02  6.00000D-02  8.00000D-02   
 1.00000D-01  1.10000D-01  1.50000D-01  3.00000D-01  5.00000D-01  7.50000D-01   
 1.00000D+00  1.30000D+00  1.70000D+00  1.83000D+00  2.00000D+00  2.50000D+00   
 3.50000D+00  5.00000D+00  6.50000D+00  8.00000D+00  1.00000D+01  1.25000D+01   
 1.50000D+01  2.00000D+01  2.50000D+01  3.00000D+01  3.50000D+01  4.00000D+01   
 4.50000D+01  5.00000D+01  6.00000D+01  7.50000D+01  9.00000D+01  1.00000D+02   
 1.20000D+02  1.50000D+02  1.75000D+02  2.00000D+02  2.40000D+02  2.80000D+02   
 3.30000D+02  3.90000D+02  4.40000D+02  4.95000D+02  5.00000D+02  0.00000D+00   
 0.00000D+00  0.00000D+00  0.00000D+00  2.77512D-03  8.76515D+00  0.00000D+00   
 0.00000D+00  0.00000D+00  0.00000D+00  1.82845D+00  3.49207D+00  0.00000D+00   
 0.00000D+00  0.00000D+00  0.00000D+00  1.13495D+01  6.88111D+00  0.00000D+00   
 0.00000D+00  0.00000D+00  0.00000D+00  2.66889D+01  2.05086D+01  0.00000D+00   
 0.00000D+00  0.00000D+00  0.00000D+00  6.59335D+01  6.33409D+01  0.00000D+00   
 0.00000D+00  0.00000D+00  0.00000D+00  1.09526D+02  1.09503D+02  0.00000D+00   
 0.00000D+00  0.00000D+00  0.00000D+00  1.56423D+02  1.53758D+02  0.00000D+00   
 0.00000D+00  1.28038D+03  3.00096D+03  1.80928D+02  1.74722D+02  0.00000D+00   
 1.66654D+03  5.15009D+03  1.03171D+04  2.83174D+02  2.49961D+02  0.00000D+00   
 7.05950D+03  1.02543D+04  2.03177D+04  7.24627D+02  4.56961D+02  0.00000D+00   
 1.45926D+04  1.24805D+04  2.46433D+04  1.33562D+03  5.91322D+02  0.00000D+00   
 2.32439D+04  1.32091D+04  2.60149D+04  2.03667D+03  6.47914D+02  0.00000D+00   
 3.08058D+04  1.31515D+04  2.58522D+04  2.64669D+03  6.59824D+02  0.00000D+00   
 3.85850D+04  1.27230D+04  2.49640D+04  3.27118D+03  6.48578D+02  0.00000D+00   
 4.71418D+04  1.19595D+04  2.34192D+04  3.97244D+03  6.20180D+02  8.40846D+05   
 4.95538D+04  1.17007D+04  2.28991D+04  4.17105D+03  6.09499D+02  9.40583D+05   
 5.24730D+04  1.13656D+04  2.22272D+04  4.41403D+03  5.95545D+02  1.04542D+06   
 5.97754D+04  1.04354D+04  2.03681D+04  5.02420D+03  5.52667D+02  1.19310D+06   
 7.03057D+04  8.89724D+03  1.73052D+04  5.91005D+03  4.76938D+02  1.31276D+06   
 8.02018D+04  7.23995D+03  1.40244D+04  6.75229D+03  3.92168D+02  1.37549D+06   
 8.62895D+04  6.08183D+03  1.17431D+04  7.27470D+03  3.31011D+02  1.41000D+06   
 9.02117D+04  5.23096D+03  1.00688D+04  7.61228D+03  2.85817D+02  1.43246D+06   
 9.34141D+04  4.39350D+03  8.42189D+03  7.89140D+03  2.40959D+02  1.44035D+06   
 9.55358D+04  3.64632D+03  6.95150D+03  8.08119D+03  2.00269D+02  1.43670D+06   
 9.64775D+04  3.10794D+03  5.89574D+03  8.16709D+03  1.71212D+02  1.41440D+06   
 9.65256D+04  2.38786D+03  4.49614D+03  8.18027D+03  1.31728D+02  1.38510D+06   
 9.55003D+04  1.93206D+03  3.61055D+03  8.10070D+03  1.06924D+02  1.35465D+06   
 9.40803D+04  1.62013D+03  3.01161D+03  7.98497D+03  8.97651D+01  1.32508D+06   
 9.25304D+04  1.39435D+03  2.57824D+03  7.85649D+03  7.75943D+01  1.29714D+06   
 9.09619D+04  1.22446D+03  2.24968D+03  7.72644D+03  6.80810D+01  1.27100D+06   
 8.94408D+04  1.09283D+03  1.99895D+03  7.59929D+03  6.08938D+01  1.24669D+06   
 8.79852D+04  9.87884D+02  1.79629D+03  7.47724D+03  5.50818D+01  1.20319D+06   
 8.53063D+04  8.30567D+02  1.49741D+03  7.25090D+03  4.62938D+01  1.14887D+06   
 8.18371D+04  6.75874D+02  1.19879D+03  6.95779D+03  3.76055D+01  1.10489D+06   
 7.89510D+04  5.76059D+02  1.00182D+03  6.71378D+03  3.19530D+01  1.08007D+06   
 7.72987D+04  5.27736D+02  9.07647D+02  6.57388D+03  2.91118D+01  1.03891D+06   
 7.45301D+04  4.53710D+02  7.73333D+02  6.34003D+03  2.49732D+01  9.93387D+05   
 7.14432D+04  3.80845D+02  6.34989D+02  6.07860D+03  2.10575D+01  9.66461D+05   
 6.96037D+04  3.38320D+02  5.63525D+02  5.92315D+03  1.88010D+01  9.47074D+05   
 6.82784D+04  3.08536D+02  5.17083D+02  5.81109D+03  1.73120D+01  9.27906D+05   
 6.69850D+04  2.74045D+02  4.59006D+02  5.70087D+03  1.54636D+01  9.19822D+05   
 6.64608D+04  2.53508D+02  4.24661D+02  5.65708D+03  1.44122D+01  9.21365D+05   
 6.66289D+04  2.34112D+02  3.85748D+02  5.67074D+03  1.33062D+01  9.36018D+05   
 6.77361D+04  2.20858D+02  3.65033D+02  5.76443D+03  1.22579D+01  9.56478D+05   
 6.92339D+04  2.11405D+02  3.63431D+02  5.89168D+03  1.20472D+01  9.85772D+05   
 7.13745D+04  2.03717D+02  3.56006D+02  6.07716D+03  1.11439D+01  9.88734D+05   
 7.15909D+04  2.03233D+02  3.55235D+02  6.09143D+03  1.15524D+01  0.00000D+00   
 0.00000D+00  0.00000D+00  0.00000D+00  1.00000D+00  1.00000D+00  0.00000D+00   
 0.00000D+00  0.00000D+00  0.00000D+00  1.00000D+00  1.00000D+00  0.00000D+00   
 0.00000D+00  0.00000D+00  0.00000D+00  1.00000D+00  1.00000D+00  0.00000D+00   
 0.00000D+00  0.00000D+00  0.00000D+00  1.00000D+00  1.00000D+00  0.00000D+00   
 0.00000D+00  0.00000D+00  0.00000D+00  1.00000D+00  1.00000D+00  0.00000D+00   
 0.00000D+00  0.00000D+00  0.00000D+00  1.00000D+00  1.00000D+00  0.00000D+00   
 0.00000D+00  0.00000D+00  0.00000D+00  1.00000D+00  1.00000D+00  0.00000D+00   
 0.00000D+00  1.00000D+00  1.00000D+00  1.00000D+00  1.00000D+00  0.00000D+00   
 1.00000D+00  1.00000D+00  1.00000D+00  1.00000D+00  1.00000D+00  0.00000D+00   
 1.00000D+00  1.00000D+00  1.00000D+00  1.00000D+00  1.00000D+00  0.00000D+00   
 1.00000D+00  1.00000D+00  1.00000D+00  1.00000D+00  1.00000D+00  0.00000D+00   
 1.00000D+00  1.00000D+00  1.00000D+00  1.00000D+00  1.00000D+00  0.00000D+00   
 1.00000D+00  1.00000D+00  1.00000D+00  1.00000D+00  1.00000D+00  0.00000D+00   
 1.00000D+00  1.00000D+00  1.00000D+00  1.00000D+00  1.00000D+00  0.00000D+00   
 1.00000D+00  1.00000D+00  1.00000D+00  1.00000D+00  1.00000D+00  1.00000D+00   
 1.00000D+00  1.00000D+00  1.00000D+00  1.00000D+00  1.00000D+00  1.00000D+00   
 1.00000D+00  1.00000D+00  1.00000D+00  1.00000D+00  1.00000D+00  1.00000D+00   
 1.00000D+00  1.00000D+00  1.00000D+00  1.00000D+00  1.00000D+00  1.00000D+00   
 1.00000D+00  1.00000D+00  1.00000D+00  1.00000D+00  1.00000D+00  1.00000D+00   
 1.00000D+00  1.00000D+00  1.00000D+00  1.00000D+00  1.00000D+00  1.00000D+00   
 1.00000D+00  1.00000D+00  1.00000D+00  1.00000D+00  1.00000D+00  1.00000D+00   
 1.00000D+00  1.00000D+00  1.00000D+00  1.00000D+00  1.00000D+00  1.00000D+00   
 1.00000D+00  1.00000D+00  1.00000D+00  1.00000D+00  1.00000D+00  1.00000D+00   
 1.00000D+00  1.00000D+00  1.00000D+00  1.00000D+00  1.00000D+00  1.00000D+00   
 1.00000D+00  1.00000D+00  1.00000D+00  1.00000D+00  1.00000D+00  1.00000D+00   
 1.00000D+00  1.00000D+00  1.00000D+00  1.00000D+00  1.00000D+00  1.00000D+00   
 1.00000D+00  1.00000D+00  1.00000D+00  1.00000D+00  1.00000D+00  1.00000D+00   
 1.00000D+00  1.00000D+00  1.00000D+00  1.00000D+00  1.00000D+00  1.00000D+00   
 1.00000D+00  1.00000D+00  1.00000D+00  1.00000D+00  1.00000D+00  1.00000D+00   
 1.00000D+00  1.00000D+00  1.00000D+00  1.00000D+00  1.00000D+00  1.00000D+00   
 1.00000D+00  1.00000D+00  1.00000D+00  1.00000D+00  1.00000D+00  1.00000D+00   
 1.00000D+00  1.00000D+00  1.00000D+00  1.00000D+00  1.00000D+00  1.00000D+00   
 1.00000D+00  1.00000D+00  1.00000D+00  1.00000D+00  1.00000D+00  1.00000D+00   
 1.00000D+00  1.00000D+00  1.00000D+00  1.00000D+00  1.00000D+00  1.00000D+00   
 1.00000D+00  1.00000D+00  1.00000D+00  1.00000D+00  1.00000D+00  1.00000D+00   
 1.00000D+00  1.00000D+00  1.00000D+00  1.00000D+00  1.00000D+00  1.00000D+00   
 1.00000D+00  1.00000D+00  1.00000D+00  1.00000D+00  1.00000D+00  1.00000D+00   
 1.00000D+00  1.00000D+00  1.00000D+00  1.00000D+00  1.00000D+00  1.00000D+00   
 1.00000D+00  1.00000D+00  1.00000D+00  1.00000D+00  1.00000D+00  1.00000D+00   
 1.00000D+00  1.00000D+00  1.00000D+00  1.00000D+00  1.00000D+00  1.00000D+00   
 1.00000D+00  1.00000D+00  1.00000D+00  1.00000D+00  1.00000D+00  1.00000D+00   
 1.00000D+00  1.00000D+00  1.00000D+00  1.00000D+00  1.00000D+00  1.00000D+00   
 1.00000D+00  1.00000D+00  1.00000D+00  1.00000D+00  1.00000D+00  1.00000D+00   
 1.00000D+00  1.00000D+00  1.00000D+00  1.00000D+00  1.00000D+00  1.00000D+00   
 1.00000D+00  1.00000D+00  1.00000D+00  1.00000D+00  1.00000D+00  1.00000D+00   
 1.00000D+00  1.00000D+00  1.00000D+00  1.00000D+00  1.00000D+00  1.00000D+00   
 1.00000D+00  1.00000D+00  1.00000D+00  1.00000D+00  1.00000D+00  0.00000D+00   
 0.00000D+00  0.00000D+00  0.00000D+00 -4.43236D-01  5.66308D-03  0.00000D+00   
 0.00000D+00  0.00000D+00  0.00000D+00 -4.82074D-02  1.18137D-02  0.00000D+00   
 0.00000D+00  0.00000D+00  0.00000D+00  6.68006D-03 -5.54041D-03  0.00000D+00   
 0.00000D+00  0.00000D+00  0.00000D+00  2.17892D-02 -9.27406D-03  0.00000D+00   
 0.00000D+00  0.00000D+00  0.00000D+00  2.65272D-02 -4.87241D-03  0.00000D+00   
 0.00000D+00  0.00000D+00  0.00000D+00  2.10704D-02  6.96552D-05  0.00000D+00   
 0.00000D+00  0.00000D+00  0.00000D+00  1.43858D-02  4.81590D-03  0.00000D+00   
 0.00000D+00  3.68095D-03  2.94381D-03  1.13238D-02  7.04788D-03  0.00000D+00   
-1.67875D-02  7.82488D-03  8.00435D-03  2.07587D-03  1.50535D-02  0.00000D+00   
 2.30448D-04  3.84667D-02  3.86812D-02 -6.47475D-03  4.26064D-02  0.00000D+00   
-4.95630D-03  7.20447D-02  7.22676D-02  4.16253D-03  7.26248D-02  0.00000D+00   
 1.52549D-02  1.04956D-01  1.05173D-01  2.56663D-02  1.05348D-01  0.00000D+00   
 3.78266D-02  1.32307D-01  1.32501D-01  4.70284D-02  1.32327D-01  0.00000D+00   
 6.31561D-02  1.60532D-01  1.60679D-01  7.12603D-02  1.59230D-01  0.00000D+00   
 9.35098D-02  1.92941D-01  1.93009D-01  1.00078D-01  1.91564D-01 -2.63346D-04   
 1.02649D-01  2.02488D-01  2.02525D-01  1.08735D-01  2.00494D-01  4.48662D-03   
 1.14117D-01  2.14382D-01  2.14387D-01  1.19484D-01  2.12205D-01  7.35098D-02   
 1.45147D-01  2.46114D-01  2.46019D-01  1.49702D-01  2.44318D-01  1.51738D-01   
 1.97923D-01  2.99799D-01  2.99436D-01  2.01331D-01  2.98363D-01  2.30552D-01   
 2.62139D-01  3.66454D-01  3.65425D-01  2.64641D-01  3.65061D-01  2.91157D-01   
 3.15462D-01  4.22889D-01  4.21400D-01  3.17509D-01  4.22589D-01  3.42022D-01   
 3.62070D-01  4.73137D-01  4.70909D-01  3.63893D-01  4.70570D-01  4.00357D-01   
 4.16996D-01  5.33318D-01  5.30129D-01  4.18359D-01  5.34492D-01  4.63220D-01   
 4.76996D-01  5.98717D-01  5.95751D-01  4.78074D-01  5.96370D-01  5.18425D-01   
 5.30438D-01  6.57352D-01  6.52616D-01  5.31678D-01  6.57836D-01  6.13514D-01   
 6.23865D-01  7.59669D-01  7.48550D-01  6.24534D-01  7.54762D-01  6.94837D-01   
 7.03632D-01  8.47792D-01  8.33896D-01  7.04427D-01  8.44005D-01  7.66756D-01   
 7.74693D-01  9.25359D-01  9.06854D-01  7.75276D-01  9.18872D-01  8.31706D-01   
 8.38745D-01  9.93546D-01  9.75740D-01  8.39235D-01  9.93213D-01  8.91183D-01   
 8.97511D-01  1.05466D+00  1.03951D+00  8.97852D-01  1.05285D+00  9.46198D-01   
 9.51746D-01  1.11025D+00  1.08878D+00  9.52326D-01  1.11467D+00  9.97467D-01   
 1.00253D+00  1.16131D+00  1.14217D+00  1.00307D+00  1.16921D+00  1.09081D+00   
 1.09513D+00  1.25877D+00  1.23617D+00  1.09563D+00  1.26819D+00  1.21303D+00   
 1.21677D+00  1.39561D+00  1.36050D+00  1.21730D+00  1.39514D+00  1.31939D+00   
 1.32302D+00  1.50651D+00  1.45517D+00  1.32323D+00  1.50612D+00  1.38346D+00   
 1.38692D+00  1.57077D+00  1.51690D+00  1.38694D+00  1.56804D+00  1.49837D+00   
 1.50107D+00  1.69540D+00  1.62805D+00  1.50115D+00  1.67887D+00  1.64399D+00   
 1.64584D+00  1.83085D+00  1.74440D+00  1.64591D+00  1.82449D+00  1.74592D+00   
 1.74742D+00  1.91884D+00  1.82489D+00  1.74755D+00  1.91433D+00  1.83401D+00   
 1.83520D+00  1.99298D+00  1.91305D+00  1.83539D+00  1.99682D+00  1.95176D+00   
 1.95266D+00  2.08470D+00  1.99817D+00  1.95278D+00  2.09259D+00  2.04651D+00   
 2.04723D+00  2.15845D+00  2.07495D+00  2.04733D+00  2.17236D+00  2.13953D+00   
 2.14007D+00  2.22595D+00  2.12478D+00  2.14005D+00  2.23504D+00  2.22158D+00   
 2.22210D+00  2.28684D+00  2.18259D+00  2.22176D+00  2.28703D+00  2.27151D+00   
 2.27149D+00  2.30933D+00  2.23846D+00  2.27081D+00  2.31634D+00  2.31098D+00   
 2.31105D+00  2.33613D+00  2.27218D+00  2.31230D+00  2.30982D+00  2.31389D+00   
 2.31396D+00  2.33566D+00  2.27433D+00  2.31291D+00  2.34105D+00  0.00000D+00   
 0.00000D+00  0.00000D+00  0.00000D+00 -3.07288D-02 -9.41691D-01  0.00000D+00   
 0.00000D+00  0.00000D+00  0.00000D+00 -9.98539D-01 -5.49823D-01  0.00000D+00   
 0.00000D+00  0.00000D+00  0.00000D+00 -1.00002D+00  1.84406D-02  0.00000D+00   
 0.00000D+00  0.00000D+00  0.00000D+00 -1.00001D+00 -3.58845D-01  0.00000D+00   
 0.00000D+00  0.00000D+00  0.00000D+00 -9.99669D-01 -6.39564D-01  0.00000D+00   
 0.00000D+00  0.00000D+00  0.00000D+00 -9.99356D-01 -7.31753D-01  0.00000D+00   
 0.00000D+00  0.00000D+00  0.00000D+00 -9.99148D-01 -7.70824D-01  0.00000D+00   
 0.00000D+00 -2.88184D-01 -2.20155D-01 -9.99083D-01 -7.81703D-01  0.00000D+00   
-9.99484D-01 -5.34413D-01 -5.38626D-01 -9.99007D-01 -8.00025D-01  0.00000D+00   
-9.98122D-01 -7.40149D-01 -7.42304D-01 -9.99465D-01 -7.75392D-01  0.00000D+00   
-9.99579D-01 -7.15534D-01 -7.18136D-01 -1.00000D+00 -7.11193D-01  0.00000D+00   
-1.00005D+00 -6.53414D-01 -6.56288D-01 -9.99857D-01 -6.38363D-01  0.00000D+00   
-9.99455D-01 -5.93822D-01 -5.96817D-01 -9.98984D-01 -5.76216D-01  0.00000D+00   
-9.97918D-01 -5.31418D-01 -5.34499D-01 -9.97182D-01 -5.13577D-01  0.00000D+00   
-9.95018D-01 -4.62119D-01 -4.65315D-01 -9.94240D-01 -4.45774D-01 -9.99917D-01   
-9.93929D-01 -4.42405D-01 -4.45647D-01 -9.93077D-01 -4.26887D-01 -9.99678D-01   
-9.92422D-01 -4.18437D-01 -4.21751D-01 -9.91579D-01 -4.04151D-01 -9.96085D-01   
-9.87562D-01 -3.57647D-01 -3.61214D-01 -9.86708D-01 -3.45213D-01 -9.85550D-01   
-9.76679D-01 -2.66889D-01 -2.71155D-01 -9.75790D-01 -2.57728D-01 -9.67697D-01   
-9.58993D-01 -1.73696D-01 -1.79629D-01 -9.58225D-01 -1.67701D-01 -9.48988D-01   
-9.40625D-01 -1.06317D-01 -1.14310D-01 -9.39888D-01 -1.00748D-01 -9.29906D-01   
-9.21879D-01 -5.24102D-02 -6.21352D-02 -9.21087D-01 -4.93577D-02 -9.04198D-01   
-8.96416D-01  8.76936D-03 -3.61818D-03 -8.95681D-01  1.27344D-02 -8.71909D-01   
-8.64377D-01  7.45890D-02  5.88990D-02 -8.63888D-01  7.46663D-02 -8.39629D-01   
-8.32448D-01  1.32487D-01  1.13666D-01 -8.31782D-01  1.35216D-01 -7.75431D-01   
-7.68062D-01  2.36425D-01  2.08397D-01 -7.67476D-01  2.37305D-01 -7.11914D-01   
-7.04706D-01  3.28998D-01  2.92347D-01 -7.04264D-01  3.31552D-01 -6.49124D-01   
-6.42146D-01  4.15403D-01  3.70459D-01 -6.41259D-01  4.10510D-01 -5.87059D-01   
-5.79897D-01  4.96550D-01  4.39924D-01 -5.79636D-01  4.99134D-01 -5.25729D-01   
-5.18987D-01  5.73816D-01  5.08093D-01 -5.18617D-01  5.64899D-01 -4.65139D-01   
-4.58685D-01  6.47581D-01  5.76384D-01 -4.58302D-01  6.42375D-01 -4.05317D-01   
-3.99312D-01  7.17214D-01  6.31646D-01 -3.98516D-01  7.19261D-01 -2.88033D-01   
-2.82470D-01  8.42193D-01  7.53665D-01 -2.81690D-01  8.51612D-01 -1.18117D-01   
-1.13106D-01  1.02703D+00  9.13426D-01 -1.12279D-01  1.04424D+00  4.47830D-02   
 5.00121D-02  1.21441D+00  1.05045D+00  5.06721D-02  1.22283D+00  1.49702D-01   
 1.55242D-01  1.33591D+00  1.14669D+00  1.55410D-01  1.32589D+00  3.51153D-01   
 3.56535D-01  1.54665D+00  1.33870D+00  3.56485D-01  1.52278D+00  6.32546D-01   
 6.36674D-01  1.81634D+00  1.52348D+00  6.36653D-01  1.78785D+00  8.47581D-01   
 8.50641D-01  1.97483D+00  1.67572D+00  8.50838D-01  1.96316D+00  1.04542D+00   
 1.04776D+00  2.12712D+00  1.83363D+00  1.04825D+00  2.13639D+00  1.32826D+00   
 1.33031D+00  2.31353D+00  2.00221D+00  1.33047D+00  2.34026D+00  1.57309D+00   
 1.57485D+00  2.48956D+00  2.15424D+00  1.57522D+00  2.53101D+00  1.83154D+00   
 1.83305D+00  2.64315D+00  2.23780D+00  1.83301D+00  2.68625D+00  2.08081D+00   
 2.08181D+00  2.79436D+00  2.36024D+00  2.08133D+00  2.78212D+00  2.24568D+00   
 2.24633D+00  2.87943D+00  2.50040D+00  2.24527D+00  2.91125D+00  2.38975D+00   
 2.38988D+00  2.94692D+00  2.57709D+00  2.39180D+00  2.92467D+00  2.40118D+00   
 2.40124D+00  2.95378D+00  2.58185D+00  2.39964D+00  2.97153D+00  0.00000D+00   
 0.00000D+00  0.00000D+00  0.00000D+00  4.43471D-01 -7.23884D-03  0.00000D+00   
 0.00000D+00  0.00000D+00  0.00000D+00  4.82117D-02 -3.30647D-02  0.00000D+00   
 0.00000D+00  0.00000D+00  0.00000D+00 -6.68028D-03 -1.86092D-02  0.00000D+00   
 0.00000D+00  0.00000D+00  0.00000D+00 -2.17916D-02 -1.51475D-04  0.00000D+00   
 0.00000D+00  0.00000D+00  0.00000D+00 -2.65307D-02  4.51296D-03  0.00000D+00   
 0.00000D+00  0.00000D+00  0.00000D+00 -2.10712D-02  2.61430D-03  0.00000D+00   
 0.00000D+00  0.00000D+00  0.00000D+00 -1.43817D-02 -4.82933D-04  0.00000D+00   
 0.00000D+00 -6.29967D-04  1.22276D-03 -1.13170D-02 -2.13420D-03  0.00000D+00   
 1.67875D-02  3.10060D-03  2.97049D-03 -2.05913D-03 -8.52069D-03  0.00000D+00   
-1.76224D-04 -2.36546D-02 -2.38417D-02  6.50290D-03 -3.11832D-02  0.00000D+00   
 4.99980D-03 -5.08759D-02 -5.11683D-02 -4.15041D-03 -5.42000D-02  0.00000D+00   
-1.52549D-02 -7.42402D-02 -7.46522D-02 -2.56778D-02 -7.60599D-02  0.00000D+00   
-3.78429D-02 -9.08876D-02 -9.13983D-02 -4.70354D-02 -9.19187D-02  0.00000D+00   
-6.31357D-02 -1.05618D-01 -1.06223D-01 -7.12067D-02 -1.04423D-01  0.00000D+00   
-9.33409D-02 -1.19748D-01 -1.20453D-01 -9.98617D-02 -1.18206D-01  2.63436D-04   
-1.02408D-01 -1.23380D-01 -1.24115D-01 -1.08435D-01 -1.21135D-01 -4.48109D-03   
-1.13764D-01 -1.27585D-01 -1.28363D-01 -1.19045D-01 -1.25503D-01 -7.33382D-02   
-1.44357D-01 -1.37206D-01 -1.38114D-01 -1.48837D-01 -1.34875D-01 -1.50641D-01   
-1.95820D-01 -1.49325D-01 -1.50543D-01 -1.99092D-01 -1.47520D-01 -2.26993D-01   
-2.57176D-01 -1.59802D-01 -1.61486D-01 -2.59618D-01 -1.57787D-01 -2.84164D-01   
-3.06783D-01 -1.65949D-01 -1.68526D-01 -3.08659D-01 -1.64904D-01 -3.30810D-01   
-3.48974D-01 -1.69574D-01 -1.73406D-01 -3.50607D-01 -1.66951D-01 -3.82498D-01   
-3.97029D-01 -1.71499D-01 -1.76853D-01 -3.98203D-01 -1.72626D-01 -4.35655D-01   
-4.47032D-01 -1.69163D-01 -1.76424D-01 -4.47939D-01 -1.66041D-01 -4.79833D-01   
-4.89273D-01 -1.63658D-01 -1.72630D-01 -4.90284D-01 -1.66507D-01 -5.49575D-01   
-5.56981D-01 -1.43283D-01 -1.60230D-01 -5.57136D-01 -1.46812D-01 -6.01914D-01   
-6.07151D-01 -1.16984D-01 -1.39120D-01 -6.07903D-01 -1.15514D-01 -6.41824D-01   
-6.46259D-01 -8.32550D-02 -1.12108D-01 -6.46333D-01 -8.95569D-02 -6.72164D-01   
-6.75204D-01 -4.72356D-02 -8.20154D-02 -6.75198D-01 -3.89379D-02 -6.94761D-01   
-6.96595D-01 -8.88222D-03 -5.32667D-02 -6.97279D-01 -1.34789D-02 -7.10886D-01   
-7.12340D-01  3.61983D-02 -2.18967D-02 -7.12452D-01  3.23663D-02 -7.21490D-01   
-7.22288D-01  8.21842D-02  1.89890D-02 -7.22441D-01  8.21640D-02 -7.28958D-01   
-7.28734D-01  1.73544D-01  8.05819D-02 -7.29095D-01  1.70025D-01 -7.13411D-01   
-7.13037D-01  3.07686D-01  2.18406D-01 -7.12867D-01  3.21882D-01 -6.74231D-01   
-6.73629D-01  4.51985D-01  3.09068D-01 -6.72868D-01  4.86358D-01 -6.38183D-01   
-6.36890D-01  5.71226D-01  3.84686D-01 -6.36445D-01  5.82622D-01 -5.47819D-01   
-5.45036D-01  8.25756D-01  5.71891D-01 -5.44974D-01  7.83049D-01 -3.79199D-01   
-3.75328D-01  1.12118D+00  7.56576D-01 -3.75774D-01  1.08301D+00 -2.19864D-01   
-2.16908D-01  1.31822D+00  8.85046D-01 -2.17128D-01  1.28221D+00 -5.22823D-02   
-5.06403D-02  1.49403D+00  1.11068D+00 -5.00607D-02  1.50646D+00  2.18531D-01   
 2.19908D-01  1.73802D+00  1.28888D+00  2.19976D-01  1.77951D+00  4.80684D-01   
 4.82195D-01  1.97094D+00  1.49395D+00  4.82687D-01  2.05794D+00  7.85072D-01   
 7.86773D-01  2.19988D+00  1.57147D+00  7.86609D-01  2.30644D+00  1.10545D+00   
 1.10737D+00  2.45193D+00  1.72802D+00  1.10648D+00  2.43905D+00  1.33357D+00   
 1.33414D+00  2.58071D+00  1.95102D+00  1.33219D+00  2.71672D+00  1.54483D+00   
 1.54478D+00  2.72072D+00  2.06489D+00  1.54860D+00  2.60591D+00  1.56206D+00   
 1.56201D+00  2.72823D+00  2.07110D+00  1.55883D+00  2.84508D+00  0.00000D+00   
 0.00000D+00  0.00000D+00  0.00000D+00 -6.87007D-01 -3.30508D-05  0.00000D+00   
 0.00000D+00  0.00000D+00  0.00000D+00 -9.29577D-04 -3.61312D-04  0.00000D+00   
 0.00000D+00  0.00000D+00  0.00000D+00  1.46907D-04 -5.50002D-04  0.00000D+00   
 0.00000D+00  0.00000D+00  0.00000D+00  9.01099D-05 -2.82326D-04  0.00000D+00   
 0.00000D+00  0.00000D+00  0.00000D+00 -2.84473D-04 -7.31109D-05  0.00000D+00   
 0.00000D+00  0.00000D+00  0.00000D+00 -6.07910D-04  3.15618D-06  0.00000D+00   
 0.00000D+00  0.00000D+00  0.00000D+00 -8.20039D-04  1.78118D-05  0.00000D+00   
 0.00000D+00  1.17648D-04  1.18301D-04 -8.86618D-04  1.01131D-05  0.00000D+00   
-4.65820D-04  1.47857D-04  1.46440D-04 -9.67287D-04 -6.77430D-05  0.00000D+00   
-1.85138D-03 -3.92860D-04 -4.01558D-04 -5.14330D-04 -7.09298D-04  0.00000D+00   
-3.98955D-04 -1.99257D-03 -2.01355D-03  2.30820D-05 -2.21967D-03  0.00000D+00   
 6.82212D-05 -4.50327D-03 -4.54243D-03 -1.25211D-04 -4.88600D-03  0.00000D+00   
-5.26960D-04 -7.18893D-03 -7.24793D-03 -9.98122D-04 -7.39108D-03  0.00000D+00   
-2.06487D-03 -1.04693D-02 -1.05535D-02 -2.79967D-03 -1.06549D-02  0.00000D+00   
-4.95899D-03 -1.48358D-02 -1.49562D-02 -5.73348D-03 -1.51012D-02 -6.63341D-05   
-6.04405D-03 -1.62370D-02 -1.63664D-02 -6.89443D-03 -1.63283D-02 -3.03267D-04   
-7.54509D-03 -1.80488D-02 -1.81951D-02 -8.38272D-03 -1.76972D-02 -3.88965D-03   
-1.23738D-02 -2.32002D-02 -2.33939D-02 -1.32262D-02 -2.32715D-02 -1.43549D-02   
-2.31331D-02 -3.27409D-02 -3.30512D-02 -2.40173D-02 -3.22676D-02 -3.19354D-02   
-4.04598D-02 -4.58496D-02 -4.63455D-02 -4.11986D-02 -4.59722D-02 -5.01511D-02   
-5.82468D-02 -5.80822D-02 -5.87985D-02 -5.89751D-02 -5.83967D-02 -6.85092D-02   
-7.61860D-02 -6.96404D-02 -7.07975D-02 -7.69375D-02 -6.92120D-02 -9.28892D-02   
-1.00223D-01 -8.43124D-02 -8.62824D-02 -1.00903D-01 -8.47661D-02 -1.22932D-01   
-1.29882D-01 -1.01067D-01 -1.04157D-01 -1.30258D-01 -9.89735D-02 -1.52322D-01   
-1.58774D-01 -1.15875D-01 -1.19684D-01 -1.59382D-01 -1.19556D-01 -2.08841D-01   
-2.15313D-01 -1.40691D-01 -1.47628D-01 -2.15855D-01 -1.38550D-01 -2.62229D-01   
-2.68119D-01 -1.59208D-01 -1.71891D-01 -2.68444D-01 -1.56955D-01 -3.12534D-01   
-3.17990D-01 -1.72950D-01 -1.86935D-01 -3.19000D-01 -1.74877D-01 -3.59845D-01   
-3.65566D-01 -1.80928D-01 -1.99988D-01 -3.65280D-01 -1.71960D-01 -4.04236D-01   
-4.08657D-01 -1.86430D-01 -2.10933D-01 -4.09239D-01 -1.89449D-01 -4.45780D-01   
-4.49904D-01 -1.89740D-01 -2.17901D-01 -4.50696D-01 -1.94511D-01 -4.84530D-01   
-4.88691D-01 -1.82859D-01 -2.24811D-01 -4.88509D-01 -1.76478D-01 -5.53924D-01   
-5.57290D-01 -1.67636D-01 -2.29210D-01 -5.56845D-01 -1.78731D-01 -6.38868D-01   
-6.40758D-01 -1.29387D-01 -2.09812D-01 -6.42119D-01 -1.32147D-01 -7.02967D-01   
-7.05316D-01 -9.48923D-02 -2.18950D-01 -7.05191D-01 -6.63050D-02 -7.35348D-01   
-7.37730D-01 -5.22752D-02 -1.83411D-01 -7.37434D-01 -2.89030D-02 -7.78203D-01   
-7.79759D-01  9.07659D-02 -8.20862D-02 -7.79345D-01  8.47548D-02 -7.95034D-01   
-7.93758D-01  3.36544D-01 -4.12720D-02 -7.94064D-01  2.76105D-01 -7.72192D-01   
-7.69965D-01  4.45435D-01  5.17582D-02 -7.70954D-01  4.07696D-01 -7.22859D-01   
-7.21818D-01  5.97432D-01  2.01267D-01 -7.21478D-01  5.96090D-01 -6.05602D-01   
-6.05453D-01  7.62139D-01  3.51212D-01 -6.05675D-01  8.27490D-01 -4.60343D-01   
-4.60044D-01  1.00632D+00  5.39052D-01 -4.59651D-01  1.14049D+00 -2.59530D-01   
-2.58590D-01  1.23991D+00  5.65874D-01 -2.58835D-01  1.42282D+00 -1.59491D-02   
-1.39195D-02  1.54827D+00  7.20030D-01 -1.48580D-02  1.48993D+00  1.78602D-01   
 1.79041D-01  1.74637D+00  1.00722D+00  1.76734D-01  1.97727D+00  3.74736D-01   
 3.74775D-01  1.94335D+00  1.13335D+00  3.79521D-01  1.82914D+00  3.91466D-01   
 3.91494D-01  1.96432D+00  1.14077D+00  3.87653D-01  2.14587D+00  0.00000D+00   
 0.00000D+00  0.00000D+00  0.00000D+00 -3.07018D-04 -9.07754D-08  0.00000D+00   
 0.00000D+00  0.00000D+00  0.00000D+00 -4.26046D-06 -2.18368D-06  0.00000D+00   
 0.00000D+00  0.00000D+00  0.00000D+00  4.35003D-07 -5.25719D-06  0.00000D+00   
 0.00000D+00  0.00000D+00  0.00000D+00  2.63763D-06 -3.98294D-06  0.00000D+00   
 0.00000D+00  0.00000D+00  0.00000D+00  3.61013D-06 -2.63671D-06  0.00000D+00   
 0.00000D+00  0.00000D+00  0.00000D+00  7.55233D-07 -1.39250D-06  0.00000D+00   
 0.00000D+00  0.00000D+00  0.00000D+00 -4.17236D-06 -2.43385D-07  0.00000D+00   
 0.00000D+00  5.29234D-08  6.52572D-08 -6.90828D-06  1.62279D-07  0.00000D+00   
-7.92805D-08  1.34730D-06  1.36333D-06 -1.69175D-05  3.53378D-07  0.00000D+00   
-5.44830D-05 -4.49944D-06 -4.71817D-06 -2.84108D-05 -1.08997D-05  0.00000D+00   
-4.38523D-05 -6.02171D-05 -6.11494D-05 -1.24399D-05 -7.40223D-05  0.00000D+00   
-4.00523D-07 -2.06919D-04 -2.09414D-04  1.10224D-05 -2.31119D-04  0.00000D+00   
 1.57147D-05 -4.24369D-04 -4.29048D-04  6.46003D-06 -4.28996D-04  0.00000D+00   
-2.11841D-05 -7.61844D-04 -7.69667D-04 -5.44057D-05 -8.30106D-04  0.00000D+00   
-1.69885D-04 -1.32341D-03 -1.33688D-03 -2.16777D-04 -1.33784D-03 -2.24772D-08   
-2.42128D-04 -1.53043D-03 -1.54683D-03 -3.00752D-04 -1.61820D-03 -6.78835D-06   
-3.53786D-04 -1.81715D-03 -1.83497D-03 -4.39534D-04 -1.84802D-03 -1.72918D-04   
-7.90325D-04 -2.75191D-03 -2.78237D-03 -8.64513D-04 -2.87923D-03 -1.09452D-03   
-2.09425D-03 -4.92556D-03 -4.98085D-03 -2.23285D-03 -5.03361D-03 -3.53214D-03   
-4.91861D-03 -8.76088D-03 -8.87575D-03 -4.94744D-03 -8.93423D-03 -6.90776D-03   
-8.55936D-03 -1.31703D-02 -1.33465D-02 -8.72792D-03 -1.34836D-02 -1.10227D-02   
-1.28552D-02 -1.80531D-02 -1.83297D-02 -1.30618D-02 -1.83859D-02 -1.74492D-02   
-1.94794D-02 -2.52141D-02 -2.57402D-02 -1.96452D-02 -2.50334D-02 -2.67203D-02   
-2.90046D-02 -3.50531D-02 -3.60717D-02 -2.91263D-02 -3.56684D-02 -3.71134D-02   
-3.95222D-02 -4.53760D-02 -4.69339D-02 -3.97868D-02 -4.48905D-02 -6.05133D-02   
-6.32198D-02 -6.73643D-02 -6.92000D-02 -6.38996D-02 -6.28697D-02 -8.65392D-02   
-8.97355D-02 -8.91584D-02 -9.48851D-02 -8.97244D-02 -8.84593D-02 -1.14485D-01   
-1.17402D-01 -1.12222D-01 -1.19173D-01 -1.18160D-01 -1.15140D-01 -1.43854D-01   
-1.47364D-01 -1.31823D-01 -1.40369D-01 -1.47924D-01 -1.29083D-01 -1.74263D-01   
-1.78088D-01 -1.54566D-01 -1.65692D-01 -1.77283D-01 -1.55150D-01 -2.05408D-01   
-2.08127D-01 -1.73749D-01 -1.88264D-01 -2.09304D-01 -1.79079D-01 -2.37024D-01   
-2.40644D-01 -1.93546D-01 -2.10306D-01 -2.40359D-01 -1.84464D-01 -3.00817D-01   
-3.04614D-01 -2.24289D-01 -2.55590D-01 -3.03526D-01 -2.29579D-01 -3.95438D-01   
-3.97694D-01 -2.62982D-01 -2.99983D-01 -3.99266D-01 -2.67602D-01 -4.86041D-01   
-4.88616D-01 -2.98401D-01 -3.80666D-01 -4.89169D-01 -2.88250D-01 -5.43260D-01   
-5.46276D-01 -3.13937D-01 -4.18627D-01 -5.46218D-01 -3.08579D-01 -6.48708D-01   
-6.51841D-01 -3.20119D-01 -4.07768D-01 -6.51933D-01 -3.04463D-01 -7.82343D-01   
-7.84577D-01 -2.29165D-01 -5.00271D-01 -7.83968D-01 -2.66512D-01 -8.69490D-01   
-8.69293D-01 -1.74683D-01 -5.52513D-01 -8.70493D-01 -2.45001D-01 -9.34275D-01   
-9.33751D-01 -1.49586D-01 -4.29084D-01 -9.33834D-01 -1.43099D-01 -9.95108D-01   
-9.95354D-01 -8.34581D-02 -4.01977D-01 -9.95806D-01 -2.40279D-02 -1.01479D+00   
-1.01527D+00  4.21037D-02 -2.77609D-01 -1.01525D+00  2.07965D-01 -9.95542D-01   
-9.95656D-01  2.11526D-01 -3.30244D-01 -9.95909D-01  4.80390D-01 -9.30222D-01   
-9.28820D-01  5.06317D-01 -2.29440D-01 -9.29729D-01  4.71978D-01 -8.52831D-01   
-8.52457D-01  6.90691D-01  6.21156D-02 -8.55039D-01  1.09923D+00 -7.54922D-01   
-7.55352D-01  9.19941D-01  1.86217D-01 -7.49919D-01  6.50764D-01 -7.45708D-01   
-7.46152D-01  9.37131D-01  1.91436D-01 -7.50647D-01  1.30479D+00  0.00000D+00   
 0.00000D+00  0.00000D+00  0.00000D+00  6.81709D-07  8.83699D-11  0.00000D+00   
 0.00000D+00  0.00000D+00  0.00000D+00 -4.58701D-08 -9.99859D-09  0.00000D+00   
 0.00000D+00  0.00000D+00  0.00000D+00 -3.49930D-08 -3.85101D-08  0.00000D+00   
 0.00000D+00  0.00000D+00  0.00000D+00 -1.58247D-08 -3.80849D-08  0.00000D+00   
 0.00000D+00  0.00000D+00  0.00000D+00  2.99988D-08 -4.04331D-08  0.00000D+00   
 0.00000D+00  0.00000D+00  0.00000D+00  5.04100D-08 -3.76224D-08  0.00000D+00   
 0.00000D+00  0.00000D+00  0.00000D+00  2.33286D-08 -2.40238D-08  0.00000D+00   
 0.00000D+00 -4.18884D-11 -1.19543D-11 -7.62276D-09 -1.51782D-08  0.00000D+00   
 3.02032D-10  1.29044D-08  1.32641D-08 -2.09073D-07  1.53371D-08  0.00000D+00   
-1.29524D-06 -3.84324D-10 -4.51135D-09 -9.49726D-07 -1.17442D-07  0.00000D+00   
-2.32226D-06 -1.52524D-06 -1.55697D-06 -1.17549D-06 -2.31301D-06  0.00000D+00   
-1.07311D-06 -8.02222D-06 -8.14362D-06  1.98730D-07 -8.12083D-06  0.00000D+00   
 9.79594D-07 -2.10500D-05 -2.13489D-05  1.27340D-06 -2.20490D-05  0.00000D+00   
 2.01850D-06 -4.62734D-05 -4.69169D-05  1.76821D-06 -5.13753D-05  0.00000D+00   
-2.12685D-06 -9.74932D-05 -9.84735D-05 -4.67713D-06 -8.74738D-05  2.30417D-12   
-5.30728D-06 -1.18735D-04 -1.20381D-04 -6.88147D-06 -1.18941D-04 -1.31148D-07   
-1.10425D-05 -1.49956D-04 -1.51539D-04 -1.55384D-05 -1.72947D-04 -6.88308D-06   
-3.97412D-05 -2.65100D-04 -2.67971D-04 -4.13257D-05 -2.53604D-04 -7.30972D-05   
-1.58809D-04 -5.94754D-04 -6.05280D-04 -1.63503D-04 -6.97614D-04 -3.38747D-04   
-5.09573D-04 -1.32533D-03 -1.34638D-03 -5.32891D-04 -1.14093D-03 -8.21912D-04   
-1.07740D-03 -2.33572D-03 -2.37477D-03 -1.08444D-03 -1.89213D-03 -1.52888D-03   
-1.86294D-03 -3.62113D-03 -3.68018D-03 -1.90676D-03 -4.31158D-03 -2.82115D-03   
-3.24914D-03 -5.75170D-03 -5.86808D-03 -3.29839D-03 -5.48282D-03 -4.99273D-03   
-5.54850D-03 -9.10017D-03 -9.34215D-03 -5.64909D-03 -9.96785D-03 -7.76825D-03   
-8.45621D-03 -1.31149D-02 -1.36033D-02 -8.52452D-03 -1.28561D-02 -1.50526D-02   
-1.58901D-02 -2.29542D-02 -2.35127D-02 -1.59942D-02 -2.56252D-02 -2.45075D-02   
-2.57317D-02 -3.44162D-02 -3.60284D-02 -2.58344D-02 -4.35676D-02 -3.59714D-02   
-3.73240D-02 -4.85976D-02 -5.17920D-02 -3.72822D-02 -4.59056D-02 -4.92959D-02   
-5.05867D-02 -6.22653D-02 -6.61748D-02 -5.11830D-02 -5.96027D-02 -6.43415D-02   
-6.64929D-02 -7.71104D-02 -8.01258D-02 -6.60559D-02 -7.43479D-02 -8.09790D-02   
-8.27989D-02 -9.48266D-02 -1.01269D-01 -8.26988D-02 -1.04751D-01 -9.90788D-02   
-1.00731D-01 -1.10905D-01 -1.21410D-01 -1.01428D-01 -1.03152D-01 -1.39177D-01   
-1.41130D-01 -1.47575D-01 -1.69067D-01 -1.41816D-01 -1.55886D-01 -2.07337D-01   
-2.09674D-01 -1.91203D-01 -1.98893D-01 -2.09583D-01 -1.97964D-01 -2.82618D-01   
-2.84730D-01 -2.46223D-01 -3.11501D-01 -2.85377D-01 -2.40542D-01 -3.35559D-01   
-3.37942D-01 -2.77654D-01 -3.48162D-01 -3.38119D-01 -2.82853D-01 -4.45396D-01   
-4.48058D-01 -3.39334D-01 -3.79823D-01 -4.48440D-01 -3.24593D-01 -6.13382D-01   
-6.16911D-01 -3.71167D-01 -5.20341D-01 -6.16344D-01 -3.67066D-01 -7.50407D-01   
-7.52762D-01 -3.43583D-01 -6.31126D-01 -7.52902D-01 -4.14881D-01 -8.79946D-01   
-8.80956D-01 -3.53625D-01 -6.13371D-01 -8.81370D-01 -3.77950D-01 -1.06338D+00   
-1.06401D+00 -4.26102D-01 -6.59088D-01 -1.06422D+00 -3.65059D-01 -1.21377D+00   
-1.21452D+00 -3.98812D-01 -5.88103D-01 -1.21491D+00 -1.91159D-01 -1.35559D+00   
-1.35646D+00 -3.34626D-01 -7.21696D-01 -1.35640D+00 -1.56936D-02 -1.46375D+00   
-1.46392D+00 -1.21586D-01 -7.06676D-01 -1.46414D+00 -2.37948D-01 -1.50981D+00   
-1.50996D+00  2.35038D-02 -4.67177D-01 -1.51090D+00  4.95301D-01 -1.52269D+00   
-1.52309D+00  2.29997D-01 -4.04374D-01 -1.52060D+00  2.83775D-02 -1.52228D+00   
-1.52266D+00  2.51739D-01 -3.97610D-01 -1.52423D+00  6.32902D-01  0.00000D+00   
 0.00000D+00  0.00000D+00  0.00000D+00  9.30930D-10  6.68668D-13  0.00000D+00   
 0.00000D+00  0.00000D+00  0.00000D+00 -2.78335D-10 -3.61297D-11  0.00000D+00   
 0.00000D+00  0.00000D+00  0.00000D+00 -4.05006D-10 -1.91401D-10  0.00000D+00   
 0.00000D+00  0.00000D+00  0.00000D+00 -3.90809D-10 -2.32133D-10  0.00000D+00   
 0.00000D+00  0.00000D+00  0.00000D+00 -2.17751D-11 -3.43878D-10  0.00000D+00   
 0.00000D+00  0.00000D+00  0.00000D+00  5.73509D-10 -4.31533D-10  0.00000D+00   
 0.00000D+00  0.00000D+00  0.00000D+00  9.19358D-10 -3.64322D-10  0.00000D+00   
 0.00000D+00 -1.99549D-13 -1.90419D-13  8.26169D-10 -2.64991D-10  0.00000D+00   
 4.89893D-13  1.16094D-10  1.20537D-10 -1.53372D-09  3.77607D-10  0.00000D+00   
-2.67357D-08  1.63701D-09  1.58224D-09 -2.67999D-08 -2.33838D-10  0.00000D+00   
-9.23128D-08 -2.55906D-08 -2.63667D-08 -6.89281D-08 -4.09337D-08  0.00000D+00   
-9.60768D-08 -2.20556D-07 -2.24200D-07 -8.99444D-09 -1.67810D-07  0.00000D+00   
-8.61608D-10 -7.49355D-07 -7.60602D-07  2.68093D-09 -9.02276D-07  0.00000D+00   
 1.58071D-07 -2.03461D-06 -2.07280D-06  2.68488D-07 -2.02018D-06  0.00000D+00   
 2.14072D-07 -5.24727D-06 -5.31867D-06 -4.94264D-08 -4.59171D-06  3.52363D-14   
 1.42942D-07 -6.74728D-06 -6.78309D-06  1.02602D-07 -5.22845D-06 -2.35882D-09   
-4.69060D-08 -9.09776D-06 -9.30019D-06  1.54533D-07 -1.06523D-05 -2.54183D-07   
-1.48158D-06 -1.89080D-05 -1.87405D-05 -1.83566D-06 -1.25154D-05 -4.46887D-06   
-1.04412D-05 -5.40043D-05 -5.54596D-05 -8.69629D-06 -5.79568D-05 -2.95175D-05   
-4.70556D-05 -1.53256D-04 -1.55338D-04 -7.77421D-05 -1.24519D-04 -8.85456D-05   
-1.21544D-04 -3.20446D-04 -3.26181D-04 -1.25105D-04 -1.80926D-04 -1.91572D-04   
-2.42705D-04 -5.66109D-04 -5.75931D-04 -2.26893D-04 -7.16214D-04 -4.11114D-04   
-4.87820D-04 -1.03139D-03 -1.04911D-03 -5.08829D-04 -1.02182D-03 -8.38907D-04   
-9.50678D-04 -1.86687D-03 -1.90194D-03 -9.98577D-04 -2.01354D-03 -1.45925D-03   
-1.61898D-03 -3.00462D-03 -3.09542D-03 -1.58555D-03 -2.99501D-03 -3.34878D-03   
-3.57882D-03 -6.23316D-03 -6.40648D-03 -3.41854D-03 -6.70756D-03 -6.18808D-03   
-6.53605D-03 -1.06611D-02 -1.07954D-02 -6.58238D-03 -1.30266D-02 -1.00469D-02   
-1.05939D-02 -1.67000D-02 -1.74334D-02 -1.03616D-02 -1.60122D-02 -1.49711D-02   
-1.54299D-02 -2.34094D-02 -2.57325D-02 -1.53705D-02 -2.24157D-02 -2.09889D-02   
-2.16138D-02 -3.12774D-02 -3.17561D-02 -2.20216D-02 -3.07226D-02 -2.81168D-02   
-2.93629D-02 -4.07633D-02 -3.77914D-02 -2.87274D-02 -4.41979D-02 -3.63583D-02   
-3.69387D-02 -5.09590D-02 -5.55102D-02 -3.75501D-02 -4.79902D-02 -5.61553D-02   
-5.68340D-02 -7.49910D-02 -7.95896D-02 -5.78949D-02 -7.78465D-02 -9.38437D-02   
-9.54259D-02 -1.11672D-01 -1.11722D-01 -9.47151D-02 -1.14518D-01 -1.40392D-01   
-1.41772D-01 -1.58199D-01 -1.82012D-01 -1.42137D-01 -1.56555D-01 -1.75839D-01   
-1.77281D-01 -1.89340D-01 -2.22294D-01 -1.77684D-01 -1.94144D-01 -2.55802D-01   
-2.57680D-01 -2.59737D-01 -2.63104D-01 -2.57732D-01 -2.53293D-01 -3.93340D-01   
-3.95996D-01 -3.47540D-01 -4.11758D-01 -3.96086D-01 -3.39920D-01 -5.18879D-01   
-5.22030D-01 -3.81900D-01 -5.18216D-01 -5.21225D-01 -4.24235D-01 -6.49644D-01   
-6.51700D-01 -4.43569D-01 -5.44460D-01 -6.52204D-01 -4.57388D-01 -8.59177D-01   
-8.60394D-01 -5.76979D-01 -6.44394D-01 -8.60163D-01 -5.37867D-01 -1.05702D+00   
-1.05788D+00 -6.51212D-01 -6.70914D-01 -1.05847D+00 -5.03205D-01 -1.27770D+00   
-1.27877D+00 -7.07947D-01 -8.21815D-01 -1.27847D+00 -4.61927D-01 -1.49310D+00   
-1.49477D+00 -6.47925D-01 -8.67724D-01 -1.49449D+00 -7.31733D-01 -1.63150D+00   
-1.63161D+00 -6.11865D-01 -7.41340D-01 -1.63120D+00 -2.00619D-01 -1.74190D+00   
-1.74260D+00 -5.04363D-01 -7.22092D-01 -1.74335D+00 -7.12126D-01 -1.74987D+00   
-1.75067D+00 -4.94750D-01 -7.20229D-01 -1.74957D+00 -1.39487D-01  0.00000D+00   
 0.00000D+00  0.00000D+00  0.00000D+00  1.27961D-13  9.46371D-15  0.00000D+00   
 0.00000D+00  0.00000D+00  0.00000D+00 -1.27460D-12 -6.13656D-14  0.00000D+00   
 0.00000D+00  0.00000D+00  0.00000D+00 -3.14078D-12 -8.40271D-13  0.00000D+00   
 0.00000D+00  0.00000D+00  0.00000D+00 -4.63170D-12 -1.36303D-12  0.00000D+00   
 0.00000D+00  0.00000D+00  0.00000D+00 -5.25608D-12 -2.94598D-12  0.00000D+00   
 0.00000D+00  0.00000D+00  0.00000D+00 -1.53004D-12 -5.25574D-12  0.00000D+00   
 0.00000D+00  0.00000D+00  0.00000D+00  3.83764D-12 -6.47177D-12  0.00000D+00   
 0.00000D+00 -3.76304D-16 -4.20137D-16  4.97626D-12 -6.34899D-12  0.00000D+00   
 4.02864D-16  1.09779D-12  1.15171D-12 -1.94947D-11  4.30868D-12  0.00000D+00   
-4.17730D-10  5.57842D-11  5.54918D-11 -4.49624D-10 -5.42354D-11  0.00000D+00   
-2.32603D-09 -3.50053D-10 -3.70156D-10 -1.51044D-09  1.67217D-10  0.00000D+00   
-3.40281D-09 -5.85076D-09 -5.93959D-09 -2.33171D-09  1.49370D-08  0.00000D+00   
-3.08611D-11 -2.58298D-08 -2.59824D-08  6.62261D-09 -3.85548D-09  0.00000D+00   
 9.44827D-09 -8.57046D-08 -8.61446D-08  1.07111D-09 -7.66198D-08  0.00000D+00   
 2.23231D-08 -2.64403D-07 -2.80350D-07 -8.19991D-09 -4.00046D-07  7.06214D-17   
 2.37966D-08 -3.57602D-07 -3.46442D-07  4.12716D-09 -2.32467D-07 -6.47654D-11   
 2.13527D-08 -5.08820D-07 -5.44638D-07  7.24542D-08 -2.61594D-07 -1.02118D-08   
-3.25633D-08 -1.21608D-06 -1.23396D-06 -1.09582D-07 -7.92081D-07 -2.53727D-07   
-5.82181D-07 -4.29871D-06 -3.54965D-06 -3.05748D-07  7.31921D-07 -2.22822D-06   
-3.65139D-06 -1.49427D-05 -1.20487D-05 -8.76140D-06 -3.90623D-05 -8.02313D-06   
-1.13476D-05 -3.63090D-05 -3.78638D-05 -1.20024D-05  4.38334D-05 -1.98548D-05   
-2.58815D-05 -7.18294D-05 -7.35088D-05 -2.19859D-05 -2.53022D-05 -4.88775D-05   
-5.93725D-05 -1.47271D-04 -1.52742D-04 -6.33278D-05 -2.11525D-04 -1.13779D-04   
-1.31048D-04 -3.00870D-04 -3.01486D-04 -1.40972D-04 -3.50229D-04 -2.19694D-04   
-2.47669D-04 -5.32169D-04 -5.45232D-04 -2.37184D-04 -4.90229D-04 -5.91658D-04   
-6.39275D-04 -1.29636D-03 -1.34144D-03 -5.87385D-04 -1.50726D-03 -1.23362D-03   
-1.31166D-03 -2.46927D-03 -2.49092D-03 -1.32380D-03 -3.38249D-03 -2.20639D-03   
-2.35680D-03 -4.34687D-03 -4.27349D-03 -2.27279D-03 -4.55747D-03 -3.56379D-03   
-3.69038D-03 -6.49503D-03 -7.21506D-03 -3.64021D-03 -5.58029D-03 -5.35333D-03   
-5.51229D-03 -9.38147D-03 -1.05582D-02 -5.70632D-03 -9.60394D-03 -7.61731D-03   
-8.07518D-03 -1.28912D-02 -1.18703D-02 -7.79887D-03 -1.41034D-02 -1.03921D-02   
-1.05688D-02 -1.70703D-02 -1.32456D-02 -1.08121D-02 -1.57733D-02 -1.75956D-02   
-1.78111D-02 -2.78967D-02 -4.00953D-02 -1.83007D-02 -2.91734D-02 -3.28641D-02   
-3.35649D-02 -4.56036D-02 -3.14763D-02 -3.31756D-02 -4.74613D-02 -5.37890D-02   
-5.44388D-02 -7.12644D-02 -8.50643D-02 -5.45993D-02 -7.05644D-02 -7.09310D-02   
-7.16170D-02 -9.04023D-02 -1.11581D-01 -7.18599D-02 -9.31612D-02 -1.12707D-01   
-1.13707D-01 -1.38798D-01 -1.25993D-01 -1.13693D-01 -1.32970D-01 -1.92695D-01   
-1.94237D-01 -2.05637D-01 -2.24570D-01 -1.94401D-01 -2.01353D-01 -2.73222D-01   
-2.75476D-01 -2.44698D-01 -3.21619D-01 -2.74777D-01 -2.72980D-01 -3.64033D-01   
-3.65710D-01 -3.07306D-01 -3.50912D-01 -3.66089D-01 -3.17827D-01 -5.23831D-01   
-5.24954D-01 -4.45118D-01 -4.41622D-01 -5.24666D-01 -4.16941D-01 -6.91040D-01   
-6.91777D-01 -5.47809D-01 -4.85453D-01 -6.92324D-01 -4.37594D-01 -8.98350D-01   
-8.99483D-01 -6.59188D-01 -6.40867D-01 -8.99153D-01 -4.72147D-01 -1.12857D+00   
-1.13029D+00 -6.99361D-01 -7.28968D-01 -1.13004D+00 -7.78437D-01 -1.29801D+00   
-1.29874D+00 -7.31085D-01 -6.74943D-01 -1.29799D+00 -4.04591D-01 -1.45638D+00   
-1.45710D+00 -7.14119D-01 -6.97506D-01 -1.45855D+00 -8.38189D-01 -1.46925D+00   
-1.47000D+00 -7.08721D-01 -7.00122D-01 -1.46791D+00 -4.33133D-01  0.00000D+00   
 0.00000D+00  0.00000D+00  0.00000D+00 -4.08159D-16  8.66344D-17  0.00000D+00   
 0.00000D+00  0.00000D+00  0.00000D+00 -6.73140D-15  3.90167D-16  0.00000D+00   
 0.00000D+00  0.00000D+00  0.00000D+00 -2.12997D-14 -3.12762D-15  0.00000D+00   
 0.00000D+00  0.00000D+00  0.00000D+00 -3.87391D-14 -7.73908D-15  0.00000D+00   
 0.00000D+00  0.00000D+00  0.00000D+00 -6.19466D-14 -2.54624D-14  0.00000D+00   
 0.00000D+00  0.00000D+00  0.00000D+00 -2.70338D-14 -6.31790D-14  0.00000D+00   
 0.00000D+00  0.00000D+00  0.00000D+00  8.67480D-14 -1.18502D-13  0.00000D+00   
 0.00000D+00  4.03779D-19  1.10425D-18  1.52609D-13 -1.34976D-13  0.00000D+00   
 1.26903D-20  1.22675D-14  1.30043D-14  1.22224D-13 -1.05523D-13  0.00000D+00   
-7.88799D-12  1.80290D-12  1.81858D-12 -1.04432D-11 -6.50674D-12  0.00000D+00   
-7.54603D-11  5.58208D-12  5.12994D-12 -7.14277D-11  5.52006D-11  0.00000D+00   
-2.07051D-10 -8.50385D-11 -8.63175D-11 -1.19192D-10  1.87990D-09  0.00000D+00   
-2.47726D-10 -6.14113D-10 -5.96611D-10 -9.63980D-11  3.08055D-09  0.00000D+00   
-3.18991D-11 -2.69440D-09 -2.55554D-09 -2.54379D-10 -2.78046D-09  0.00000D+00   
 6.13654D-10 -1.02672D-08 -1.20980D-08 -3.71553D-10 -3.34389D-08 -2.31311D-20   
 8.24196D-10 -1.47715D-08 -1.31430D-08 -1.13334D-10 -1.05747D-08 -1.02740D-12   
 9.94676D-10 -2.22026D-08 -2.59840D-08  3.70646D-09  2.32669D-08 -2.92838D-10   
-1.89476D-10 -6.18070D-08 -6.77684D-08 -5.17855D-09 -6.04996D-08 -1.13484D-08   
-2.65462D-08 -2.75819D-07 -1.09800D-07 -4.73479D-09  7.03013D-07 -1.37639D-07   
-2.35140D-07 -1.18120D-06 -4.79914D-07 -7.35590D-07 -7.14977D-06 -6.03708D-07   
-8.86367D-07 -3.36210D-06 -3.65296D-06 -9.60132D-07  1.44969D-05 -1.72239D-06   
-2.32033D-06 -7.47099D-06 -7.71888D-06 -1.78086D-06  9.23569D-06 -4.89416D-06   
-6.10008D-06 -1.72528D-05 -1.84791D-05 -6.64895D-06 -3.78131D-05 -1.30563D-05   
-1.53085D-05 -3.98276D-05 -3.87132D-05 -1.68618D-05 -5.33504D-05 -2.80645D-05   
-3.21831D-05 -7.72435D-05 -7.84228D-05 -3.01441D-05 -6.11149D-05 -8.89908D-05   
-9.71990D-05 -2.21587D-04 -2.32154D-04 -8.59007D-05 -2.87352D-04 -2.09729D-04   
-2.24585D-04 -4.67079D-04 -4.68227D-04 -2.27139D-04 -7.61898D-04 -4.13611D-04   
-4.47524D-04 -9.36159D-04 -8.39026D-04 -4.25316D-04 -1.10794D-03 -7.24523D-04   
-7.53526D-04 -1.47821D-03 -1.63942D-03 -7.36485D-04 -1.04735D-03 -1.16641D-03   
-1.20195D-03 -2.32163D-03 -3.00764D-03 -1.26305D-03 -2.50035D-03 -1.76311D-03   
-1.89765D-03 -3.33731D-03 -3.09047D-03 -1.80837D-03 -3.72749D-03 -2.53777D-03   
-2.58312D-03 -4.68925D-03 -1.54228D-03 -2.66053D-03 -4.21242D-03 -4.70971D-03   
-4.76697D-03 -8.53897D-03 -1.71575D-02 -4.94263D-03 -9.05754D-03 -9.82561D-03   
-1.00784D-02 -1.53114D-02 -2.62486D-03 -9.91766D-03 -1.61541D-02 -1.75773D-02   
-1.78225D-02 -2.62917D-02 -3.38388D-02 -1.78873D-02 -2.58591D-02 -2.43850D-02   
-2.46522D-02 -3.50597D-02 -4.69283D-02 -2.47653D-02 -3.64334D-02 -4.22509D-02   
-4.26954D-02 -5.97004D-02 -4.72406D-02 -4.26748D-02 -5.66306D-02 -8.01454D-02   
-8.08959D-02 -9.90879D-02 -9.68022D-02 -8.10103D-02 -9.60431D-02 -1.21951D-01   
-1.23222D-01 -1.22312D-01 -1.67119D-01 -1.22767D-01 -1.41097D-01 -1.72617D-01   
-1.73614D-01 -1.71007D-01 -1.84599D-01 -1.73858D-01 -1.75130D-01 -2.69461D-01   
-2.70210D-01 -2.67568D-01 -2.40883D-01 -2.69939D-01 -2.51816D-01 -3.79926D-01   
-3.80390D-01 -3.61433D-01 -2.68019D-01 -3.80845D-01 -2.92518D-01 -5.29342D-01   
-5.30058D-01 -4.69729D-01 -3.90109D-01 -5.29816D-01 -3.44992D-01 -7.11666D-01   
-7.13371D-01 -5.48118D-01 -4.77481D-01 -7.13288D-01 -5.95335D-01 -8.58933D-01   
-8.59189D-01 -6.21373D-01 -4.55431D-01 -8.58959D-01 -3.73053D-01 -1.00927D+00   
-1.01009D+00 -6.57403D-01 -4.90643D-01 -1.01120D+00 -7.87111D-01 -1.02209D+00   
-1.02306D+00 -6.61119D-01 -4.94252D-01 -1.02168D+00 -4.31636D-01  0.00000D+00   
 0.00000D+00  0.00000D+00  0.00000D+00 -8.39419D-18  4.06246D-19  0.00000D+00   
 0.00000D+00  0.00000D+00  0.00000D+00 -2.02844D-17  4.83979D-18  0.00000D+00   
 0.00000D+00  0.00000D+00  0.00000D+00 -9.92272D-17  2.15884D-18  0.00000D+00   
 0.00000D+00  0.00000D+00  0.00000D+00 -2.53767D-16 -1.69033D-17  0.00000D+00   
 0.00000D+00  0.00000D+00  0.00000D+00 -7.57515D-16 -1.07582D-16  0.00000D+00   
 0.00000D+00  0.00000D+00  0.00000D+00 -1.14485D-15 -4.00241D-16  0.00000D+00   
 0.00000D+00  0.00000D+00  0.00000D+00 -7.26447D-16 -9.90424D-16  0.00000D+00   
 0.00000D+00  8.38001D-22  2.07678D-21 -1.11973D-16 -1.54405D-15  0.00000D+00   
-3.00576D-22  7.47321D-17  8.02667D-17  2.29203D-15 -3.04745D-15  0.00000D+00   
-1.00135D-13  3.16542D-14  3.21512D-14 -1.65508D-13 -1.37749D-13  0.00000D+00   
-1.69785D-12  3.39543D-13  3.31895D-13 -2.08812D-12  2.08612D-12  0.00000D+00   
-7.40501D-12  1.38024D-13  1.56501D-13 -3.03313D-12  8.96012D-11  0.00000D+00   
-1.45239D-11 -8.62380D-12 -7.18804D-12 -1.55736D-11  2.06755D-10  0.00000D+00   
-1.72118D-11 -6.12223D-11 -4.90237D-11 -1.05454D-11 -7.11611D-11  0.00000D+00   
-1.88441D-12 -3.04891D-10 -4.38347D-10 -4.01367D-12 -2.22179D-09 -4.14527D-23   
 7.02879D-12 -4.75400D-10 -3.42893D-10 -1.32825D-11 -4.23915D-10 -1.07961D-14   
 1.89043D-11 -7.54611D-10 -1.03984D-09  1.01363D-10  3.33667D-09 -6.66127D-12   
 1.70900D-11 -2.48012D-09 -3.13723D-09 -1.89369D-10 -4.41505D-09 -4.24394D-10   
-9.98234D-10 -1.43261D-08  5.80089D-09  2.55711D-10  1.00830D-07 -7.25598D-09   
-1.28732D-08 -7.58975D-08  2.51523D-08 -5.03557D-08 -9.49037D-07 -3.90759D-08   
-5.94856D-08 -2.56195D-07 -2.97017D-07 -6.63237D-08  2.47046D-06 -1.29067D-07   
-1.79806D-07 -6.41707D-07 -6.73597D-07 -1.17983D-07  2.57871D-06 -4.24710D-07   
-5.43206D-07 -1.67575D-06 -1.89994D-06 -6.08083D-07 -5.81198D-06 -1.30170D-06   
-1.55224D-06 -4.38592D-06 -4.04030D-06 -1.76621D-06 -7.01035D-06 -3.12009D-06   
-3.64413D-06 -9.29460D-06 -9.14772D-06 -3.30233D-06 -5.40057D-06 -1.16752D-05   
-1.28748D-05 -3.15782D-05 -3.43514D-05 -1.06443D-05 -5.31476D-05 -3.11459D-05   
-3.35615D-05 -7.30685D-05 -7.33686D-05 -3.40531D-05 -1.57059D-04 -6.77913D-05   
-7.44271D-05 -1.69285D-04 -1.22396D-04 -6.91888D-05 -2.26986D-04 -1.28860D-04   
-1.34361D-04 -2.83323D-04 -3.21461D-04 -1.29599D-04 -1.23867D-04 -2.22409D-04   
-2.28895D-04 -4.81414D-04 -7.75596D-04 -2.45198D-04 -5.53274D-04 -3.57195D-04   
-3.91205D-04 -7.32690D-04 -6.34620D-04 -3.66402D-04 -8.22938D-04 -5.42486D-04   
-5.51623D-04 -1.07383D-03  3.41355D-04 -5.73398D-04 -9.30630D-04 -1.10360D-03   
-1.11573D-03 -2.22628D-03 -6.48649D-03 -1.17048D-03 -2.42688D-03 -2.57224D-03   
-2.65201D-03 -4.22152D-03  2.18385D-03 -2.59261D-03 -4.65588D-03 -5.03090D-03   
-5.10822D-03 -8.28653D-03 -1.16010D-02 -5.13131D-03 -7.95805D-03 -7.34290D-03   
-7.42553D-03 -1.17395D-02 -1.73223D-02 -7.47404D-03 -1.20362D-02 -1.38654D-02   
-1.40261D-02 -2.14740D-02 -1.35103D-02 -1.40147D-02 -2.03825D-02 -2.91257D-02   
-2.94566D-02 -4.03717D-02 -3.45288D-02 -2.95172D-02 -3.84826D-02 -4.75156D-02   
-4.81679D-02 -5.29942D-02 -7.42142D-02 -4.78947D-02 -6.11865D-02 -7.14440D-02   
-7.19566D-02 -7.63542D-02 -8.34714D-02 -7.21024D-02 -8.08201D-02 -1.20959D-01   
-1.21354D-01 -1.37418D-01 -1.10946D-01 -1.21123D-01 -1.27790D-01 -1.82167D-01   
-1.82296D-01 -1.95734D-01 -1.20219D-01 -1.82641D-01 -1.55023D-01 -2.71321D-01   
-2.71802D-01 -2.74509D-01 -2.01292D-01 -2.71603D-01 -2.09320D-01 -3.89669D-01   
-3.90497D-01 -3.49912D-01 -2.68560D-01 -3.90718D-01 -3.97597D-01 -4.92110D-01   
-4.92714D-01 -4.18472D-01 -2.59401D-01 -4.92901D-01 -2.92895D-01 -6.03988D-01   
-6.04526D-01 -4.69208D-01 -2.94656D-01 -6.04476D-01 -4.86633D-01 -6.13970D-01   
-6.14530D-01 -4.71737D-01 -2.98204D-01 -6.13856D-01 -3.77592D-01  0.00000D+00   
 0.00000D+00  0.00000D+00  0.00000D+00 -1.49231D-20  1.35489D-21  0.00000D+00   
 0.00000D+00  0.00000D+00  0.00000D+00 -4.81818D-20  2.59960D-20  0.00000D+00   
 0.00000D+00  0.00000D+00  0.00000D+00 -3.56936D-19  7.79740D-20  0.00000D+00   
 0.00000D+00  0.00000D+00  0.00000D+00 -1.16670D-18  5.18737D-20  0.00000D+00   
 0.00000D+00  0.00000D+00  0.00000D+00 -5.26969D-18 -9.18851D-20  0.00000D+00   
 0.00000D+00  0.00000D+00  0.00000D+00 -1.26647D-17 -1.13217D-18  0.00000D+00   
 0.00000D+00  0.00000D+00  0.00000D+00 -1.84140D-17 -2.59088D-18  0.00000D+00   
 0.00000D+00  1.06893D-24  2.76195D-24 -1.77277D-17 -9.58008D-18  0.00000D+00   
-4.23585D-25  3.51492D-19  3.82159D-19  8.92204D-18 -2.64489D-17  0.00000D+00   
-9.87908D-16  4.10674D-16  4.19545D-16 -1.99507D-15 -1.74561D-15  0.00000D+00   
-2.83297D-14  8.77874D-15  8.65268D-15 -4.69553D-14  6.30569D-14  0.00000D+00   
-1.83302D-13  5.23911D-14  5.42846D-14 -3.45748D-14  3.04890D-12  0.00000D+00   
-4.95236D-13  6.70263D-14  1.42859D-13 -7.99256D-13  9.22517D-12  0.00000D+00   
-8.97742D-13 -5.82846D-13  1.62217D-13  5.98223D-13 -3.07112D-12  0.00000D+00   
-9.44672D-13 -5.25363D-12 -1.33724D-11  9.84312D-14 -1.24546D-10 -4.59037D-26   
-7.69801D-13 -9.71303D-12 -1.03810D-12  4.60667D-13 -3.80994D-11 -9.48683D-17   
-4.09946D-13 -1.61971D-11 -3.45035D-11 -2.84830D-12  3.21100D-10 -1.25744D-13   
 5.66770D-13 -6.61991D-11 -1.21611D-10 -7.44310D-13 -4.63752D-10 -1.32711D-11   
-2.95764D-11 -5.35907D-10  1.40875D-09  1.05385D-11  1.19792D-08 -3.21627D-10   
-5.82934D-10 -3.49511D-09  8.17195D-09 -4.36795D-09 -1.08725D-07 -2.13286D-09   
-3.33782D-09 -1.44760D-08 -1.91870D-08 -3.72453D-09  3.10330D-07 -8.16918D-09   
-1.17417D-08 -4.11774D-08 -4.43720D-08 -4.74026D-09  5.26368D-07 -3.11684D-08   
-4.09379D-08 -1.21593D-07 -1.56270D-07 -4.81417D-08 -7.75501D-07 -1.09844D-07   
-1.32566D-07 -3.69294D-07 -3.04921D-07 -1.60059D-07 -6.56764D-07 -2.93762D-07   
-3.49157D-07 -8.34146D-07 -7.68846D-07 -2.97946D-07  4.79162D-08 -1.29838D-06   
-1.44705D-06 -3.49815D-06 -3.85833D-06 -1.13071D-06 -7.91333D-06 -3.92406D-06   
-4.22733D-06 -8.51905D-06 -9.80180D-06 -4.33041D-06 -2.11869D-05 -9.43344D-06   
-1.06077D-05 -2.38047D-05 -7.88285D-06 -9.42185D-06 -4.93021D-05 -1.94690D-05   
-2.02235D-05 -3.99256D-05 -3.90988D-05 -1.89510D-05  3.26764D-06 -3.60402D-05   
-3.66958D-05 -8.19964D-05 -1.89624D-04 -4.10150D-05 -1.16433D-04 -6.15136D-05   
-6.95584D-05 -1.21537D-04 -1.54708D-04 -6.27618D-05 -1.11965D-04 -9.85857D-05   
-9.96909D-05 -1.97157D-04  5.23939D-04 -1.05668D-04 -1.67627D-04 -2.19849D-04   
-2.20385D-04 -4.44113D-04 -2.09417D-03 -2.38208D-04 -4.63926D-04 -5.72435D-04   
-5.96003D-04 -9.35935D-04  2.30561D-03 -5.73941D-04 -1.07061D-03 -1.22445D-03   
-1.24621D-03 -2.00872D-03 -3.32134D-03 -1.25322D-03 -1.98262D-03 -1.88126D-03   
-1.90327D-03 -3.13795D-03 -5.44968D-03 -1.92031D-03 -3.11393D-03 -3.87601D-03   
-3.91860D-03 -6.64726D-03 -2.66025D-03 -3.91477D-03 -5.86667D-03 -9.00838D-03   
-9.11565D-03 -1.15237D-02 -6.63668D-03 -9.15368D-03 -1.26620D-02 -1.57205D-02   
-1.60313D-02 -1.80242D-02 -2.74798D-02 -1.58752D-02 -2.15451D-02 -2.50775D-02   
-2.53369D-02 -3.28302D-02 -2.94029D-02 -2.54127D-02 -3.16000D-02 -4.61130D-02   
-4.63055D-02 -5.75736D-02 -3.95548D-02 -4.61328D-02 -5.46035D-02 -7.41798D-02   
-7.41380D-02 -8.81955D-02 -3.54285D-02 -7.43719D-02 -7.91170D-02 -1.18302D-01   
-1.18353D-01 -1.29859D-01 -7.44089D-02 -1.18246D-01 -1.14083D-01 -1.80616D-01   
-1.81471D-01 -1.82631D-01 -1.11392D-01 -1.81743D-01 -1.89458D-01 -2.38843D-01   
-2.38551D-01 -2.32914D-01 -1.03195D-01 -2.39134D-01 -1.94392D-01 -3.05854D-01   
-3.06477D-01 -2.85324D-01 -1.21246D-01 -3.05986D-01 -3.08640D-01 -3.11936D-01   
-3.12696D-01 -2.90427D-01 -1.23087D-01 -3.12959D-01 -2.51588D-01  0.00000D+00   
 0.00000D+00  0.00000D+00  0.00000D+00 -1.12659D-23  2.70509D-24  0.00000D+00   
 0.00000D+00  0.00000D+00  0.00000D+00 -7.98148D-23  6.96165D-23  0.00000D+00   
 0.00000D+00  0.00000D+00  0.00000D+00 -9.14970D-22  2.91568D-22  0.00000D+00   
 0.00000D+00  0.00000D+00  0.00000D+00 -3.76813D-21  2.69138D-22  0.00000D+00   
 0.00000D+00  0.00000D+00  0.00000D+00 -2.33002D-20  3.92051D-22  0.00000D+00   
 0.00000D+00  0.00000D+00  0.00000D+00 -7.52147D-20 -5.24899D-21  0.00000D+00   
 0.00000D+00  0.00000D+00  0.00000D+00 -1.57004D-19  1.46499D-20  0.00000D+00   
 0.00000D+00  8.43110D-28  2.36726D-27 -1.87328D-19 -7.57060D-20  0.00000D+00   
-2.76672D-28  1.20012D-21  1.32029D-21 -1.41353D-19 -8.60645D-20  0.00000D+00   
-6.88696D-18  3.40384D-18  3.49171D-18 -1.93582D-17 -2.25075D-17  0.00000D+00   
-3.25143D-16  1.13078D-16  1.10953D-16 -8.15004D-16  1.59727D-15  0.00000D+00   
-2.99332D-15  1.01254D-15  1.01290D-15  6.66047D-16  7.36141D-14  0.00000D+00   
-1.05894D-14  2.88988D-15  5.27466D-15 -3.38058D-14  7.08906D-13  0.00000D+00   
-2.55867D-14 -5.06021D-15  3.31594D-14  3.08286D-14 -3.00815D-13  0.00000D+00   
-4.25335D-14 -9.01610D-14 -4.74700D-13 -1.18384D-14 -4.84411D-12 -3.32862D-29   
-4.42457D-14 -2.18417D-13  1.09260D-13 -4.85639D-15 -3.51277D-12 -6.16026D-19   
-4.08079D-14 -3.37732D-13 -1.08162D-12 -4.53594D-13  1.93672D-11 -1.72384D-15   
-8.69402D-15 -1.80784D-12 -7.45139D-12 -3.23280D-13 -3.67106D-11 -3.00689D-13   
-5.70000D-13 -1.98137D-11  1.47076D-10  1.32349D-12  9.67944D-10 -1.03285D-11   
-1.86680D-11 -1.44162D-10  1.03772D-09 -4.04363D-10 -7.88720D-09 -8.44353D-11   
-1.33978D-10 -7.34053D-10 -1.26599D-09 -1.93069D-10  7.89272D-08 -3.75441D-10   
-5.52891D-10 -2.39320D-09 -2.60712D-09 -6.95639D-11  9.15883D-08 -1.66290D-09   
-2.25211D-09 -7.72345D-09 -1.26500D-08 -2.92812D-09 -8.86462D-08 -6.74678D-09   
-8.20988D-09 -2.74884D-08 -1.88883D-08 -1.07419D-08 -7.26191D-08 -2.01525D-08   
-2.41094D-08 -6.65503D-08 -6.10473D-08 -1.62986D-08  1.14820D-07 -1.05427D-07   
-1.20594D-07 -3.38347D-07 -3.45537D-07 -5.78163D-08 -4.86887D-07 -3.61800D-07   
-3.81688D-07 -8.00166D-07 -1.32827D-06 -3.87633D-07  2.63127D-06 -9.62979D-07   
-1.11959D-06 -2.93852D-06 -4.56599D-07 -9.18071D-07 -7.65152D-06 -2.16313D-06   
-2.30041D-06 -4.74657D-06  3.25945D-07 -1.86803D-06  6.07880D-06 -4.30486D-06   
-4.05971D-06 -1.13414D-05 -3.29383D-05 -5.28431D-06 -1.58911D-05 -7.82634D-06   
-9.51496D-06 -1.70939D-05 -6.36354D-05 -7.95566D-06 -1.02445D-05 -1.32644D-05   
-1.33062D-05 -3.01155D-05  1.87069D-04 -1.42597D-05 -2.23899D-05 -3.25545D-05   
-3.20911D-05 -8.22191D-05 -4.43847D-04 -3.59311D-05 -8.16500D-05 -9.51938D-05   
-9.97871D-05 -1.64926D-04  1.03008D-03 -9.40171D-05 -2.09135D-04 -2.23809D-04   
-2.28393D-04 -3.78987D-04 -1.01064D-03 -2.29334D-04 -3.81359D-04 -3.63250D-04   
-3.67073D-04 -6.21602D-04 -1.30957D-03 -3.74311D-04 -6.61434D-04 -8.23585D-04   
-8.36797D-04 -1.58900D-03 -6.09843D-04 -8.27859D-04 -1.32334D-03 -2.14594D-03   
-2.15417D-03 -3.08148D-03 -3.16648D-04 -2.18784D-03 -3.14111D-03 -4.02698D-03   
-4.14176D-03 -4.01745D-03 -6.91365D-03 -4.05395D-03 -5.77159D-03 -6.83372D-03   
-6.96431D-03 -8.55764D-03 -1.18113D-02 -7.00126D-03 -8.77872D-03 -1.37920D-02   
-1.39615D-02 -1.76178D-02 -1.35542D-02 -1.38100D-02 -1.65919D-02 -2.40618D-02   
-2.39933D-02 -2.96468D-02 -8.63041D-03 -2.41468D-02 -2.40436D-02 -4.16079D-02   
-4.15267D-02 -4.57566D-02 -2.54608D-02 -4.14554D-02 -3.85511D-02 -6.89873D-02   
-6.90956D-02 -6.79223D-02 -4.33439D-02 -6.96774D-02 -7.23533D-02 -9.55358D-02   
-9.58585D-02 -9.14868D-02 -3.84227D-02 -9.69306D-02 -7.58018D-02 -1.29152D-01   
-1.29036D-01 -1.14277D-01 -5.13789D-02 -1.27221D-01 -1.18482D-01 -1.32376D-01   
-1.32306D-01 -1.16713D-01 -5.17651D-02 -1.33572D-01 -1.05623D-01                
