  30.000      .000           10        47        13
  9.62285D+00  1.18453D+00  1.05060D+00  1.02600D+00  1.37484D-01  9.37838D-02 
 9.05859D-02  1.68406D-02  1.64396D-02  8.61907D-03  2.00000D-02  2.59300D-02 
 3.36170D-02  4.35850D-02  5.65070D-02  7.32600D-02  9.49810D-02  9.51150D-02 
 9.84730D-02  1.23140D-01  1.44360D-01  1.59650D-01  2.06990D-01  2.68350D-01 
 3.47920D-01  4.51070D-01  5.84800D-01  7.58190D-01  9.82980D-01  1.07730D+00 
 1.10310D+00  1.24380D+00  1.27440D+00  1.65230D+00  2.14210D+00  2.77730D+00 
 3.60070D+00  4.66820D+00  6.05230D+00  7.84670D+00  1.01040D+01  1.01730D+01 
 1.31890D+01  1.71000D+01  2.21700D+01  2.87430D+01  3.72640D+01  4.83130D+01 
 6.26370D+01  8.12080D+01  1.05280D+02  1.36500D+02  1.76970D+02  2.29440D+02 
 2.97460D+02  3.85660D+02  5.00000D+02  0.00000D+00  0.00000D+00  0.00000D+00 
 0.00000D+00  0.00000D+00  0.00000D+00  0.00000D+00  1.15124D+01  1.76863D+01 
 1.87817D-01  0.00000D+00  0.00000D+00  0.00000D+00  0.00000D+00  0.00000D+00 
 0.00000D+00  0.00000D+00  3.00732D+01  4.72638D+01  1.23451D+00  0.00000D+00 
 0.00000D+00  0.00000D+00  0.00000D+00  0.00000D+00  0.00000D+00  0.00000D+00 
 9.00001D+01  1.40715D+02  3.64549D+00  0.00000D+00  0.00000D+00  0.00000D+00 
 0.00000D+00  0.00000D+00  0.00000D+00  0.00000D+00  2.60850D+02  4.02648D+02 
 8.24916D+00  0.00000D+00  0.00000D+00  0.00000D+00  0.00000D+00  0.00000D+00 
 0.00000D+00  0.00000D+00  6.65954D+02  1.01479D+03  1.63727D+01  0.00000D+00 
 0.00000D+00  0.00000D+00  0.00000D+00  0.00000D+00  0.00000D+00  0.00000D+00 
 1.44741D+03  2.18453D+03  2.97975D+01  0.00000D+00  0.00000D+00  0.00000D+00 
 0.00000D+00  0.00000D+00  2.17067D+02  4.22354D+02  2.79299D+03  4.18832D+03 
 5.04403D+01  0.00000D+00  0.00000D+00  0.00000D+00  0.00000D+00  0.00000D+00 
 2.17378D+02  4.22127D+02  2.80229D+03  4.20214D+03  5.05757D+01  0.00000D+00 
 0.00000D+00  0.00000D+00  0.00000D+00  0.00000D+00  2.18966D+02  4.13391D+02 
 3.03855D+03  4.55304D+03  5.39936D+01  0.00000D+00  0.00000D+00  0.00000D+00 
 0.00000D+00  0.00000D+00  2.60196D+02  5.99773D+02  4.89677D+03  7.30461D+03 
 8.04896D+01  0.00000D+00  0.00000D+00  0.00000D+00  0.00000D+00  7.96263D+02 
 5.19698D+02  1.20856D+03  6.50872D+03  9.68253D+03  1.05096D+02  0.00000D+00 
 0.00000D+00  0.00000D+00  0.00000D+00  1.00141D+03  8.10648D+02  1.84280D+03 
 7.61676D+03  1.13142D+04  1.23849D+02  0.00000D+00  0.00000D+00  0.00000D+00 
 0.00000D+00  1.99624D+03  2.11018D+03  4.54047D+03  1.07082D+04  1.58570D+04 
 1.87027D+02  0.00000D+00  0.00000D+00  0.00000D+00  0.00000D+00  3.52420D+03 
 4.31861D+03  8.98846D+03  1.37203D+04  2.02642D+04  2.80025D+02  0.00000D+00 
 0.00000D+00  0.00000D+00  0.00000D+00  5.82846D+03  7.62537D+03  1.55273D+04 
 1.61964D+04  2.38689D+04  4.18788D+02  0.00000D+00  0.00000D+00  0.00000D+00 
 0.00000D+00  9.11522D+03  1.21192D+04  2.43044D+04  1.78364D+04  2.62322D+04 
 6.12723D+02  0.00000D+00  0.00000D+00  0.00000D+00  0.00000D+00  1.37137D+04 
 1.77701D+04  3.52157D+04  1.85640D+04  2.72473D+04  8.75356D+02  0.00000D+00 
 0.00000D+00  0.00000D+00  0.00000D+00  1.99754D+04  2.44145D+04  4.79079D+04 
 1.83763D+04  2.69148D+04  1.23606D+03  0.00000D+00  0.00000D+00  0.00000D+00 
 0.00000D+00  2.82765D+04  3.16928D+04  6.16540D+04  1.74181D+04  2.54538D+04 
 1.71514D+03  0.00000D+00  0.00000D+00  3.69515D+05  7.36296D+05  3.17625D+04 
 3.43259D+04  6.65863D+04  1.69301D+04  2.47201D+04  1.91530D+03  0.00000D+00 
 0.00000D+00  3.81513D+05  7.48873D+05  3.27162D+04  3.50080D+04  6.78601D+04 
 1.67927D+04  2.45142D+04  1.96984D+03  0.00000D+00  1.95731D+05  4.05912D+05 
 7.88479D+05  3.79007D+04  3.84395D+04  7.42421D+04  1.60394D+04  2.33885D+04 
 2.26658D+03  0.00000D+00  2.05217D+05  4.10949D+05  7.96796D+05  3.90199D+04 
 3.91266D+04  7.55149D+04  1.58761D+04  2.31452D+04  2.33126D+03  0.00000D+00 
 3.00437D+05  4.61068D+05  8.86625D+05  5.26053D+04  4.62030D+04  8.85076D+04 
 1.39653D+04  2.03082D+04  3.11797D+03  0.00000D+00  4.21729D+05  4.98064D+05 
 9.49807D+05  6.94012D+04  5.24493D+04  9.97440D+04  1.18933D+04  1.72465D+04 
 4.08659D+03  0.00000D+00  5.70188D+05  5.19811D+05  9.83622D+05  8.97292D+04 
 5.74790D+04  1.08503D+05  9.82787D+03  1.42095D+04  5.25712D+03  0.00000D+00 
 7.45339D+05  5.27235D+05  9.90060D+05  1.13773D+05  6.09948D+04  1.14246D+05 
 7.88289D+03  1.13631D+04  6.64421D+03  0.00000D+00  9.45206D+05  5.21095D+05 
 9.70864D+05  1.41514D+05  6.27587D+04  1.16613D+05  6.13929D+03  8.81328D+03 
 8.24681D+03  0.00000D+00  1.16573D+06  5.02583D+05  9.28653D+05  1.72541D+05 
 6.26650D+04  1.15493D+05  4.63453D+03  6.62696D+03  1.00390D+04  0.00000D+00 
 1.40068D+06  4.73809D+05  8.67769D+05  2.05953D+05  6.08216D+04  1.11092D+05 
 3.40658D+03  4.84373D+03  1.19708D+04  2.20519D+07  1.63582D+06  4.38504D+05 
 7.95671D+05  2.39706D+05  5.75996D+04  1.04234D+05  2.47089D+03  3.49404D+03 
 1.39269D+04  2.21391D+07  1.64216D+06  4.37478D+05  7.93602D+05  2.40620D+05 
 5.74969D+04  1.04022D+05  2.44896D+03  3.46265D+03  1.39799D+04  2.47005D+07 
 1.88131D+06  3.96264D+05  7.11387D+05  2.75282D+05  5.31081D+04  9.50784D+04 
 1.73239D+03  2.43532D+03  1.59891D+04  2.69105D+07  2.10880D+06  3.52593D+05 
 6.25741D+05  3.08555D+05  4.80645D+04  8.50128D+04  1.20794D+03  1.68768D+03 
 1.79271D+04  2.87085D+07  2.31575D+06  3.08737D+05  5.40802D+05  3.39275D+05 
 4.26937D+04  7.45145D+04  8.31798D+02  1.14985D+03  1.97155D+04  3.00728D+07 
 2.49451D+06  2.66663D+05  4.60166D+05  3.66227D+05  3.73057D+04  6.41615D+04 
 5.65991D+02  7.72931D+02  2.12811D+04  3.10135D+07  2.63929D+06  2.27858D+05 
 3.86715D+05  3.88314D+05  3.21701D+04  5.44223D+04  3.81592D+02  5.17156D+02 
 2.25702D+04  3.15578D+07  2.74811D+06  1.93228D+05  3.21904D+05  4.05142D+05 
 2.74928D+04  4.56252D+04  2.56918D+02  3.42300D+02  2.35566D+04  3.17511D+07 
 2.82146D+06  1.63209D+05  2.66141D+05  4.16780D+05  2.33737D+04  3.79581D+04 
 1.72939D+02  2.27846D+02  2.42387D+04  3.16606D+07  2.86280D+06  1.37899D+05 
 2.19646D+05  4.23690D+05  1.98462D+04  3.14686D+04  1.17640D+02  1.55144D+02 
 2.46435D+04  3.13777D+07  2.87909D+06  1.17121D+05  1.81774D+05  4.26801D+05 
 1.69176D+04  2.61397D+04  8.13682D+01  1.03645D+02  2.48290D+04  3.10203D+07 
 2.88129D+06  1.00491D+05  1.51741D+05  4.27699D+05  1.45679D+04  2.19025D+04 
 5.67016D+01  7.04170D+01  2.48850D+04  3.07381D+07  2.88387D+06  8.75411D+04 
 1.28689D+05  4.28565D+05  1.27260D+04  1.86412D+04  3.93996D+01  5.14913D+01 
 2.49370D+04  3.07237D+07  2.90577D+06  7.77301D+04  1.11805D+05  4.32215D+05 
 1.13166D+04  1.62060D+04  2.75415D+01  3.43205D+01  2.51506D+04  3.12262D+07 
 2.97167D+06  7.04327D+04  1.00127D+05  4.42325D+05  1.02720D+04  1.44906D+04 
 1.95366D+01  2.69701D+01  2.57391D+04  3.25653D+07  3.11318D+06  6.49488D+04 
 9.28286D+04  4.63630D+05  9.48796D+03  1.34319D+04  1.40315D+01  2.18753D+01 
 2.69793D+04  3.51379D+07  3.36947D+06  6.05606D+04  8.95951D+04  5.01958D+05 
 8.84962D+03  1.30242D+04  9.86842D+00  1.55595D+01  2.92129D+04  0.00000D+00 
 0.00000D+00  0.00000D+00  0.00000D+00  0.00000D+00  0.00000D+00  0.00000D+00 
 1.00000D+00  1.00000D+00  1.00000D+00  0.00000D+00  0.00000D+00  0.00000D+00 
 0.00000D+00  0.00000D+00  0.00000D+00  0.00000D+00  1.00000D+00  1.00000D+00 
 1.00000D+00  0.00000D+00  0.00000D+00  0.00000D+00  0.00000D+00  0.00000D+00 
 0.00000D+00  0.00000D+00  1.00000D+00  1.00000D+00  1.00000D+00  0.00000D+00 
 0.00000D+00  0.00000D+00  0.00000D+00  0.00000D+00  0.00000D+00  0.00000D+00 
 1.00000D+00  1.00000D+00  1.00000D+00  0.00000D+00  0.00000D+00  0.00000D+00 
 0.00000D+00  0.00000D+00  0.00000D+00  0.00000D+00  1.00000D+00  1.00000D+00 
 1.00000D+00  0.00000D+00  0.00000D+00  0.00000D+00  0.00000D+00  0.00000D+00 
 0.00000D+00  0.00000D+00  1.00000D+00  1.00000D+00  1.00000D+00  0.00000D+00 
 0.00000D+00  0.00000D+00  0.00000D+00  0.00000D+00  1.00000D+00  1.00000D+00 
 1.00000D+00  1.00000D+00  1.00000D+00  0.00000D+00  0.00000D+00  0.00000D+00 
 0.00000D+00  0.00000D+00  1.00000D+00  1.00000D+00  1.00000D+00  1.00000D+00 
 1.00000D+00  0.00000D+00  0.00000D+00  0.00000D+00  0.00000D+00  0.00000D+00 
 1.00000D+00  1.00000D+00  1.00000D+00  1.00000D+00  1.00000D+00  0.00000D+00 
 0.00000D+00  0.00000D+00  0.00000D+00  0.00000D+00  1.00000D+00  1.00000D+00 
 1.00000D+00  1.00000D+00  1.00000D+00  0.00000D+00  0.00000D+00  0.00000D+00 
 0.00000D+00  1.00000D+00  1.00000D+00  1.00000D+00  1.00000D+00  1.00000D+00 
 1.00000D+00  0.00000D+00  0.00000D+00  0.00000D+00  0.00000D+00  1.00000D+00 
 1.00000D+00  1.00000D+00  1.00000D+00  1.00000D+00  1.00000D+00  0.00000D+00 
 0.00000D+00  0.00000D+00  0.00000D+00  1.00000D+00  1.00000D+00  1.00000D+00 
 1.00000D+00  1.00000D+00  1.00000D+00  0.00000D+00  0.00000D+00  0.00000D+00 
 0.00000D+00  1.00000D+00  1.00000D+00  1.00000D+00  1.00000D+00  1.00000D+00 
 1.00000D+00  0.00000D+00  0.00000D+00  0.00000D+00  0.00000D+00  1.00000D+00 
 1.00000D+00  1.00000D+00  1.00000D+00  1.00000D+00  1.00000D+00  0.00000D+00 
 0.00000D+00  0.00000D+00  0.00000D+00  1.00000D+00  1.00000D+00  1.00000D+00 
 1.00000D+00  1.00000D+00  1.00000D+00  0.00000D+00  0.00000D+00  0.00000D+00 
 0.00000D+00  1.00000D+00  1.00000D+00  1.00000D+00  1.00000D+00  1.00000D+00 
 1.00000D+00  0.00000D+00  0.00000D+00  0.00000D+00  0.00000D+00  1.00000D+00 
 1.00000D+00  1.00000D+00  1.00000D+00  1.00000D+00  1.00000D+00  0.00000D+00 
 0.00000D+00  0.00000D+00  0.00000D+00  1.00000D+00  1.00000D+00  1.00000D+00 
 1.00000D+00  1.00000D+00  1.00000D+00  0.00000D+00  0.00000D+00  1.00000D+00 
 1.00000D+00  1.00000D+00  1.00000D+00  1.00000D+00  1.00000D+00  1.00000D+00 
 1.00000D+00  0.00000D+00  0.00000D+00  1.00000D+00  1.00000D+00  1.00000D+00 
 1.00000D+00  1.00000D+00  1.00000D+00  1.00000D+00  1.00000D+00  0.00000D+00 
 1.00000D+00  1.00000D+00  1.00000D+00  1.00000D+00  1.00000D+00  1.00000D+00 
 1.00000D+00  1.00000D+00  1.00000D+00  0.00000D+00  1.00000D+00  1.00000D+00 
 1.00000D+00  1.00000D+00  1.00000D+00  1.00000D+00  1.00000D+00  1.00000D+00 
 1.00000D+00  0.00000D+00  1.00000D+00  1.00000D+00  1.00000D+00  1.00000D+00 
 1.00000D+00  1.00000D+00  1.00000D+00  1.00000D+00  1.00000D+00  0.00000D+00 
 1.00000D+00  1.00000D+00  1.00000D+00  1.00000D+00  1.00000D+00  1.00000D+00 
 1.00000D+00  1.00000D+00  1.00000D+00  0.00000D+00  1.00000D+00  1.00000D+00 
 1.00000D+00  1.00000D+00  1.00000D+00  1.00000D+00  1.00000D+00  1.00000D+00 
 1.00000D+00  0.00000D+00  1.00000D+00  1.00000D+00  1.00000D+00  1.00000D+00 
 1.00000D+00  1.00000D+00  1.00000D+00  1.00000D+00  1.00000D+00  0.00000D+00 
 1.00000D+00  1.00000D+00  1.00000D+00  1.00000D+00  1.00000D+00  1.00000D+00 
 1.00000D+00  1.00000D+00  1.00000D+00  0.00000D+00  1.00000D+00  1.00000D+00 
 1.00000D+00  1.00000D+00  1.00000D+00  1.00000D+00  1.00000D+00  1.00000D+00 
 1.00000D+00  0.00000D+00  1.00000D+00  1.00000D+00  1.00000D+00  1.00000D+00 
 1.00000D+00  1.00000D+00  1.00000D+00  1.00000D+00  1.00000D+00  1.00000D+00 
 1.00000D+00  1.00000D+00  1.00000D+00  1.00000D+00  1.00000D+00  1.00000D+00 
 1.00000D+00  1.00000D+00  1.00000D+00  1.00000D+00  1.00000D+00  1.00000D+00 
 1.00000D+00  1.00000D+00  1.00000D+00  1.00000D+00  1.00000D+00  1.00000D+00 
 1.00000D+00  1.00000D+00  1.00000D+00  1.00000D+00  1.00000D+00  1.00000D+00 
 1.00000D+00  1.00000D+00  1.00000D+00  1.00000D+00  1.00000D+00  1.00000D+00 
 1.00000D+00  1.00000D+00  1.00000D+00  1.00000D+00  1.00000D+00  1.00000D+00 
 1.00000D+00  1.00000D+00  1.00000D+00  1.00000D+00  1.00000D+00  1.00000D+00 
 1.00000D+00  1.00000D+00  1.00000D+00  1.00000D+00  1.00000D+00  1.00000D+00 
 1.00000D+00  1.00000D+00  1.00000D+00  1.00000D+00  1.00000D+00  1.00000D+00 
 1.00000D+00  1.00000D+00  1.00000D+00  1.00000D+00  1.00000D+00  1.00000D+00 
 1.00000D+00  1.00000D+00  1.00000D+00  1.00000D+00  1.00000D+00  1.00000D+00 
 1.00000D+00  1.00000D+00  1.00000D+00  1.00000D+00  1.00000D+00  1.00000D+00 
 1.00000D+00  1.00000D+00  1.00000D+00  1.00000D+00  1.00000D+00  1.00000D+00 
 1.00000D+00  1.00000D+00  1.00000D+00  1.00000D+00  1.00000D+00  1.00000D+00 
 1.00000D+00  1.00000D+00  1.00000D+00  1.00000D+00  1.00000D+00  1.00000D+00 
 1.00000D+00  1.00000D+00  1.00000D+00  1.00000D+00  1.00000D+00  1.00000D+00 
 1.00000D+00  1.00000D+00  1.00000D+00  1.00000D+00  1.00000D+00  1.00000D+00 
 1.00000D+00  1.00000D+00  1.00000D+00  1.00000D+00  1.00000D+00  1.00000D+00 
 1.00000D+00  1.00000D+00  1.00000D+00  1.00000D+00  1.00000D+00  1.00000D+00 
 1.00000D+00  1.00000D+00  1.00000D+00  1.00000D+00  1.00000D+00  1.00000D+00 
 1.00000D+00  1.00000D+00  1.00000D+00  1.00000D+00  1.00000D+00  1.00000D+00 
 1.00000D+00  1.00000D+00  1.00000D+00  1.00000D+00  1.00000D+00  1.00000D+00 
 1.00000D+00  1.00000D+00  1.00000D+00  1.00000D+00  1.00000D+00  1.00000D+00 
 1.00000D+00  1.00000D+00  1.00000D+00  1.00000D+00  1.00000D+00  1.00000D+00 
 1.00000D+00  1.00000D+00  1.00000D+00  1.00000D+00  1.00000D+00  1.00000D+00 
 1.00000D+00  1.00000D+00  1.00000D+00  1.00000D+00  1.00000D+00  1.00000D+00 
 1.00000D+00  1.00000D+00  1.00000D+00  1.00000D+00  1.00000D+00  1.00000D+00 
 1.00000D+00  1.00000D+00  1.00000D+00  1.00000D+00  1.00000D+00  1.00000D+00 
 1.00000D+00  0.00000D+00  0.00000D+00  0.00000D+00  0.00000D+00  0.00000D+00 
 0.00000D+00  0.00000D+00  1.85769D-03  2.27520D-03 -1.01536D-01  0.00000D+00 
 0.00000D+00  0.00000D+00  0.00000D+00  0.00000D+00  0.00000D+00  0.00000D+00 
 4.78791D-03  5.07521D-03 -4.07660D-02  0.00000D+00  0.00000D+00  0.00000D+00 
 0.00000D+00  0.00000D+00  0.00000D+00  0.00000D+00  7.06859D-03  7.25054D-03 
-1.71940D-02  0.00000D+00  0.00000D+00  0.00000D+00  0.00000D+00  0.00000D+00 
 0.00000D+00  0.00000D+00  8.91934D-03  9.05470D-03 -8.76013D-04  0.00000D+00 
 0.00000D+00  0.00000D+00  0.00000D+00  0.00000D+00  0.00000D+00  0.00000D+00 
 1.08979D-02  1.10238D-02  1.23393D-02  0.00000D+00  0.00000D+00  0.00000D+00 
 0.00000D+00  0.00000D+00  0.00000D+00  0.00000D+00  1.35153D-02  1.36449D-02 
 2.36592D-02  0.00000D+00  0.00000D+00  0.00000D+00  0.00000D+00  0.00000D+00 
 2.72817D-02  2.59547D-02  1.67455D-02  1.68737D-02  3.32007D-02  0.00000D+00 
 0.00000D+00  0.00000D+00  0.00000D+00  0.00000D+00  2.72042D-02  2.58842D-02 
 1.67639D-02  1.68921D-02  3.32459D-02  0.00000D+00  0.00000D+00  0.00000D+00 
 0.00000D+00  0.00000D+00  2.51220D-02  2.46158D-02  1.72187D-02  1.73466D-02 
 3.43291D-02  0.00000D+00  0.00000D+00  0.00000D+00  0.00000D+00  0.00000D+00 
 4.04815D-02  4.54768D-02  2.03216D-02  2.04535D-02  3.97468D-02  0.00000D+00 
 0.00000D+00  0.00000D+00  0.00000D+00  1.71782D-03  6.41339D-02  6.37399D-02 
 2.29829D-02  2.31254D-02  4.16885D-02  0.00000D+00  0.00000D+00  0.00000D+00 
 0.00000D+00  2.26655D-02  6.88706D-02  6.63469D-02  2.50075D-02  2.51588D-02 
 4.20757D-02  0.00000D+00  0.00000D+00  0.00000D+00  0.00000D+00  5.50524D-02 
 5.73026D-02  5.34090D-02  3.15330D-02  3.17079D-02  4.03098D-02  0.00000D+00 
 0.00000D+00  0.00000D+00  0.00000D+00  6.04290D-02  3.10366D-02  2.82272D-02 
 4.03100D-02  4.05214D-02  3.51257D-02  0.00000D+00  0.00000D+00  0.00000D+00 
 0.00000D+00  5.16758D-02  8.48978D-03  7.15291D-03  5.25820D-02  5.28427D-02 
 2.74111D-02  0.00000D+00  0.00000D+00  0.00000D+00  0.00000D+00  3.63122D-02 
-3.16308D-03 -3.30256D-03  6.88907D-02  6.92149D-02  1.71051D-02  0.00000D+00 
 0.00000D+00  0.00000D+00  0.00000D+00  1.89119D-02 -3.04085D-03 -2.34184D-03 
 9.00362D-02  9.04414D-02  5.68510D-03  0.00000D+00  0.00000D+00  0.00000D+00 
 0.00000D+00  2.91829D-03  7.36749D-03  8.64293D-03  1.16428D-01  1.16939D-01 
-4.43279D-03  0.00000D+00  0.00000D+00  0.00000D+00  0.00000D+00 -8.67534D-03 
 2.64819D-02  2.81698D-02  1.47804D-01  1.48444D-01 -1.12732D-02  0.00000D+00 
 0.00000D+00 -4.69969D-03 -9.92202D-03 -1.12334D-02  3.50887D-02  3.68941D-02 
 1.60062D-01  1.60754D-01 -1.24065D-02  0.00000D+00  0.00000D+00 -1.03379D-02 
-1.44043D-02 -1.17443D-02  3.74594D-02  3.92926D-02  1.63341D-01  1.64048D-01 
-1.25718D-02  0.00000D+00  1.73678D-01 -1.49032D-02 -1.20372D-02 -1.33093D-02 
 5.03831D-02  5.23463D-02  1.80594D-01  1.81374D-01 -1.26193D-02  0.00000D+00 
 1.54023D-01 -1.15656D-02 -8.16044D-03 -1.34070D-02  5.31831D-02  5.51704D-02 
 1.84201D-01  1.84995D-01 -1.24771D-02  0.00000D+00  2.19790D-02  4.16238D-02 
 4.55811D-02 -9.50211D-03  8.66848D-02  8.88702D-02  2.25460D-01  2.26465D-01 
-6.57539D-03  0.00000D+00 -1.22018D-02  9.75855D-02  1.01192D-01  4.02678D-03 
 1.26237D-01  1.28531D-01  2.72267D-01  2.73506D-01  7.75795D-03  0.00000D+00 
-4.81505D-03  1.54534D-01  1.57888D-01  2.74901D-02  1.71264D-01  1.73614D-01 
 3.25626D-01  3.27013D-01  3.16991D-02  0.00000D+00  2.56790D-02  2.13533D-01 
 2.16623D-01  6.07204D-02  2.21564D-01  2.23864D-01  3.86391D-01  3.88214D-01 
 6.48892D-02  0.00000D+00  7.13011D-02  2.75339D-01  2.78075D-01  1.03359D-01 
 2.77546D-01  2.79459D-01  4.56001D-01  4.58291D-01  1.07120D-01  0.00000D+00 
 1.28150D-01  3.40936D-01  3.43139D-01  1.55228D-01  3.39580D-01  3.40898D-01 
 5.35031D-01  5.37573D-01  1.58544D-01  0.00000D+00  1.94127D-01  4.11340D-01 
 4.12708D-01  2.16336D-01  4.08094D-01  4.08675D-01  6.20418D-01  6.25148D-01 
 2.19082D-01 -2.57644D-02  2.66203D-01  4.85430D-01  4.85555D-01  2.84234D-01 
 4.81371D-01  4.80511D-01  7.13111D-01  7.17554D-01  2.86414D-01 -1.53178D-02 
 2.68247D-01  4.87510D-01  4.87594D-01  2.86174D-01  4.83424D-01  4.82525D-01 
 7.15593D-01  7.20142D-01  2.88354D-01  1.97446D-01  3.50381D-01  5.70617D-01 
 5.68806D-01  3.64919D-01  5.65473D-01  5.63070D-01  8.17844D-01  8.23789D-01 
 3.66711D-01  3.36494D-01  4.40916D-01  6.61960D-01  6.57532D-01  4.52560D-01 
 6.56433D-01  6.51476D-01  9.32415D-01  9.39326D-01  4.53705D-01  4.64080D-01 
 5.40319D-01  7.62536D-01  7.54764D-01  5.49314D-01  7.57510D-01  7.48657D-01 
 1.05945D+00  1.07098D+00  5.50466D-01  5.91847D-01  6.49538D-01  8.73259D-01 
 8.61110D-01  6.56396D-01  8.68844D-01  8.54940D-01  1.19692D+00  1.21231D+00 
 6.57537D-01  7.24599D-01  7.69228D-01  9.95087D-01  9.76265D-01  7.74952D-01 
 9.90498D-01  9.70804D-01  1.34197D+00  1.34994D+00  7.75391D-01  8.65017D-01 
 8.99505D-01  1.12844D+00  1.10097D+00  9.03981D-01  1.12461D+00  1.09684D+00 
 1.48840D+00  1.51092D+00  9.04515D-01  1.01461D+00  1.04145D+00  1.27315D+00 
 1.23585D+00  1.04480D+00  1.27063D+00  1.23131D+00  1.63309D+00  1.65536D+00 
 1.04530D+00  1.17400D+00  1.19495D+00  1.42794D+00  1.37705D+00  1.19753D+00 
 1.42501D+00  1.37515D+00  1.77455D+00  1.81247D+00  1.19787D+00  1.34277D+00 
 1.35887D+00  1.59057D+00  1.52572D+00  1.36087D+00  1.58765D+00  1.52324D+00 
 1.90813D+00  1.93466D+00  1.36110D+00  1.51927D+00  1.53127D+00  1.75668D+00 
 1.67559D+00  1.53273D+00  1.75483D+00  1.67181D+00  2.01019D+00  2.03600D+00 
 1.53295D+00  1.69981D+00  1.70823D+00  1.91902D+00  1.81892D+00  1.70934D+00 
 1.91693D+00  1.81742D+00  2.07550D+00  2.14037D+00  1.70947D+00  1.87807D+00 
 1.88347D+00  2.06819D+00  1.95273D+00  1.88428D+00  2.06646D+00  1.95153D+00 
 2.10402D+00  2.15574D+00  1.88437D+00  2.04431D+00  2.04733D+00  2.19360D+00 
 2.07170D+00  2.04781D+00  2.19282D+00  2.06607D+00  2.11240D+00  2.23657D+00 
 2.04789D+00  2.18571D+00  2.18694D+00  2.28597D+00  2.16556D+00  2.18712D+00 
 2.28538D+00  2.16078D+00  2.10723D+00  2.30206D+00  2.18721D+00  2.28841D+00 
 2.28842D+00  2.34045D+00  2.24398D+00  2.28844D+00  2.33993D+00  2.24202D+00 
 2.09740D+00  2.29171D+00  2.28934D+00  0.00000D+00  0.00000D+00  0.00000D+00 
 0.00000D+00  0.00000D+00  0.00000D+00  0.00000D+00 -2.16615D-01 -1.64629D-01 
-9.24340D-01  0.00000D+00  0.00000D+00  0.00000D+00  0.00000D+00  0.00000D+00 
 0.00000D+00  0.00000D+00  8.53147D-02  1.05064D-01 -9.85655D-01  0.00000D+00 
 0.00000D+00  0.00000D+00  0.00000D+00  0.00000D+00  0.00000D+00  0.00000D+00 
 1.12242D-01  1.12283D-01 -9.93791D-01  0.00000D+00  0.00000D+00  0.00000D+00 
 0.00000D+00  0.00000D+00  0.00000D+00  0.00000D+00  3.33966D-02  2.71823D-02 
-9.96278D-01  0.00000D+00  0.00000D+00  0.00000D+00  0.00000D+00  0.00000D+00 
 0.00000D+00  0.00000D+00 -6.69516D-02 -7.50738D-02 -9.97231D-01  0.00000D+00 
 0.00000D+00  0.00000D+00  0.00000D+00  0.00000D+00  0.00000D+00  0.00000D+00 
-1.65850D-01 -1.74490D-01 -9.97616D-01  0.00000D+00  0.00000D+00  0.00000D+00 
 0.00000D+00  0.00000D+00 -2.50389D-01 -4.40884D-01 -2.60245D-01 -2.68671D-01 
-9.97810D-01  0.00000D+00  0.00000D+00  0.00000D+00  0.00000D+00  0.00000D+00 
-2.70791D-01 -4.43235D-01 -2.60746D-01 -2.69170D-01 -9.97811D-01  0.00000D+00 
 0.00000D+00  0.00000D+00  0.00000D+00  0.00000D+00 -4.94879D-01 -4.18291D-01 
-2.73042D-01 -2.81390D-01 -9.97836D-01  0.00000D+00  0.00000D+00  0.00000D+00 
 0.00000D+00  0.00000D+00  2.71761D-01  2.94289D-01 -3.49865D-01 -3.57492D-01 
-9.98041D-01  0.00000D+00  0.00000D+00  0.00000D+00  0.00000D+00 -9.96405D-01 
 7.46466D-02  2.09449D-02 -4.00686D-01 -4.07596D-01 -9.98239D-01  0.00000D+00 
 0.00000D+00  0.00000D+00  0.00000D+00 -9.96603D-01 -1.26893D-01 -1.67025D-01 
-4.30548D-01 -4.36931D-01 -9.98368D-01  0.00000D+00  0.00000D+00  0.00000D+00 
 0.00000D+00 -9.96267D-01 -4.77377D-01 -4.88693D-01 -4.97964D-01 -5.02752D-01 
-9.98579D-01  0.00000D+00  0.00000D+00  0.00000D+00  0.00000D+00 -9.97490D-01 
-6.45552D-01 -6.48332D-01 -5.50725D-01 -5.53610D-01 -9.98426D-01  0.00000D+00 
 0.00000D+00  0.00000D+00  0.00000D+00 -9.98228D-01 -7.33026D-01 -7.34793D-01 
-5.86733D-01 -5.87568D-01 -9.97894D-01  0.00000D+00  0.00000D+00  0.00000D+00 
 0.00000D+00 -9.97565D-01 -7.79644D-01 -7.82521D-01 -6.05038D-01 -6.03861D-01 
-9.96974D-01  0.00000D+00  0.00000D+00  0.00000D+00  0.00000D+00 -9.96144D-01 
-8.01882D-01 -8.06553D-01 -6.05684D-01 -6.02701D-01 -9.95879D-01  0.00000D+00 
 0.00000D+00  0.00000D+00  0.00000D+00 -9.94887D-01 -8.07215D-01 -8.13777D-01 
-5.89255D-01 -5.84844D-01 -9.95286D-01  0.00000D+00  0.00000D+00  0.00000D+00 
 0.00000D+00 -9.94413D-01 -7.99403D-01 -8.07733D-01 -5.57497D-01 -5.52158D-01 
-9.95114D-01  0.00000D+00  0.00000D+00 -3.22822D-01 -3.97414D-01 -9.94486D-01 
-7.93878D-01 -8.02781D-01 -5.43102D-01 -5.37577D-01 -9.95222D-01  0.00000D+00 
 0.00000D+00 -4.03567D-01 -4.56887D-01 -9.94526D-01 -7.92230D-01 -8.01276D-01 
-5.39146D-01 -5.33587D-01 -9.95268D-01  0.00000D+00 -9.92516D-01 -5.98687D-01 
-6.20348D-01 -9.94856D-01 -7.82534D-01 -7.92270D-01 -5.17589D-01 -5.11950D-01 
-9.95651D-01  0.00000D+00 -9.92784D-01 -6.18900D-01 -6.38500D-01 -9.94946D-01 
-7.80299D-01 -7.90165D-01 -5.12938D-01 -5.07302D-01 -9.95760D-01  0.00000D+00 
-9.86708D-01 -7.11364D-01 -7.24085D-01 -9.96314D-01 -7.50826D-01 -7.61937D-01 
-4.58607D-01 -4.53441D-01 -9.96916D-01  0.00000D+00 -9.90034D-01 -7.16155D-01 
-7.28824D-01 -9.97961D-01 -7.11525D-01 -7.23556D-01 -3.98002D-01 -3.94117D-01 
-9.98381D-01  0.00000D+00 -9.95223D-01 -6.87479D-01 -7.00699D-01 -9.99011D-01 
-6.62754D-01 -6.75378D-01 -3.33871D-01 -3.32081D-01 -9.99082D-01  0.00000D+00 
-9.98428D-01 -6.38283D-01 -6.51928D-01 -9.98375D-01 -6.04834D-01 -6.17732D-01 
-2.67178D-01 -2.68292D-01 -9.98152D-01  0.00000D+00 -9.97730D-01 -5.73437D-01 
-5.87295D-01 -9.94845D-01 -5.37941D-01 -5.50889D-01 -1.97248D-01 -2.01483D-01 
-9.94388D-01  0.00000D+00 -9.91742D-01 -4.95585D-01 -5.09535D-01 -9.87093D-01 
-4.61995D-01 -4.74989D-01 -1.20493D-01 -1.29425D-01 -9.86519D-01  0.00000D+00 
-9.79118D-01 -4.06665D-01 -4.20804D-01 -9.73510D-01 -3.77127D-01 -3.90161D-01 
-3.88188D-02 -5.11852D-02 -9.72708D-01 -9.97701D-01 -9.59004D-01 -3.10772D-01 
-3.25509D-01 -9.52916D-01 -2.85653D-01 -2.99438D-01  5.14501D-02  3.01779D-02 
-9.52179D-01 -9.97768D-01 -9.58340D-01 -3.08070D-01 -3.22833D-01 -9.52246D-01 
-2.83072D-01 -2.96892D-01  5.39233D-02  3.24434D-02 -9.51511D-01 -9.73715D-01 
-9.27549D-01 -2.00283D-01 -2.16559D-01 -9.21346D-01 -1.80516D-01 -1.95767D-01 
 1.49997D-01  1.23084D-01 -9.20417D-01 -9.29447D-01 -8.84322D-01 -8.25210D-02 
-1.01742D-01 -8.78003D-01 -6.79424D-02 -8.60185D-02  2.63413D-01  2.27761D-01 
-8.77425D-01 -8.68601D-01 -8.25658D-01  4.70253D-02  2.28079D-02 -8.19736D-01 
 5.67791D-02  3.37310D-02  4.01575D-01  3.56077D-01 -8.19021D-01 -7.88227D-01 
-7.47845D-01  1.91104D-01  1.59016D-01 -7.42462D-01  1.98532D-01  1.66274D-01 
 5.59910D-01  5.10237D-01 -7.41559D-01 -6.83974D-01 -6.45942D-01  3.53870D-01 
 3.09670D-01 -6.40967D-01  3.57905D-01  3.14357D-01  7.43664D-01  6.81640D-01 
-6.40253D-01 -5.50495D-01 -5.15311D-01  5.40683D-01  4.78240D-01 -5.10255D-01 
 5.41900D-01  4.81085D-01  9.58236D-01  8.75477D-01 -5.10016D-01 -3.81782D-01 
-3.49846D-01  7.56210D-01  6.69561D-01 -3.45767D-01  7.57088D-01  6.71341D-01 
 1.17409D+00  1.07603D+00 -3.44916D-01 -1.71525D-01 -1.42623D-01  1.00415D+00 
 8.84776D-01 -1.38939D-01  1.00401D+00  8.85425D-01  1.40790D+00  1.35917D+00 
-1.38436D-01  8.59695D-02  1.11493D-01  1.28483D+00  1.12293D+00  1.14884D-01 
 1.28247D+00  1.12204D+00  1.65802D+00  1.56599D+00  1.15124D-01  3.94622D-01 
 4.16369D-01  1.59331D+00  1.37808D+00  4.19089D-01  1.59192D+00  1.37610D+00 
 1.87839D+00  1.75094D+00  4.19434D-01  7.53681D-01  7.71140D-01  1.91726D+00 
 1.63682D+00  7.73270D-01  1.91688D+00  1.63681D+00  2.03387D+00  2.05183D+00 
 7.73631D-01  1.15446D+00  1.16715D+00  2.23692D+00  1.88928D+00  1.16896D+00 
 2.23520D+00  1.88682D+00  2.13074D+00  2.06899D+00  1.16916D+00  1.57567D+00 
 1.58369D+00  2.52619D+00  2.12250D+00  1.58500D+00  2.52484D+00  2.11104D+00 
 2.20772D+00  2.36507D+00  1.58517D+00  1.98166D+00  1.98574D+00  2.76065D+00 
 2.32308D+00  1.98646D+00  2.76018D+00  2.30850D+00  2.27917D+00  2.63874D+00 
 1.98669D+00  2.32792D+00  2.32907D+00  2.92624D+00  2.50082D+00  2.32927D+00 
 2.92510D+00  2.49446D+00  2.32337D+00  2.61803D+00  2.33058D+00  0.00000D+00 
 0.00000D+00  0.00000D+00  0.00000D+00  0.00000D+00  0.00000D+00  0.00000D+00 
-1.93750D-04 -5.32576D-05  1.01623D-01  0.00000D+00  0.00000D+00  0.00000D+00 
 0.00000D+00  0.00000D+00  0.00000D+00  0.00000D+00  1.32981D-03  1.45352D-03 
 4.07989D-02  0.00000D+00  0.00000D+00  0.00000D+00  0.00000D+00  0.00000D+00 
 0.00000D+00  0.00000D+00  1.81143D-03  1.82386D-03  1.72153D-02  0.00000D+00 
 0.00000D+00  0.00000D+00  0.00000D+00  0.00000D+00  0.00000D+00  0.00000D+00 
 1.41853D-03  1.38296D-03  8.91339D-04  0.00000D+00  0.00000D+00  0.00000D+00 
 0.00000D+00  0.00000D+00  0.00000D+00  0.00000D+00  7.37790D-04  6.79285D-04 
-1.23266D-02  0.00000D+00  0.00000D+00  0.00000D+00  0.00000D+00  0.00000D+00 
 0.00000D+00  0.00000D+00 -1.05886D-04 -1.90511D-04 -2.36452D-02  0.00000D+00 
 0.00000D+00  0.00000D+00  0.00000D+00  0.00000D+00 -3.62119D-03 -1.79025D-03 
-1.25673D-03 -1.37258D-03 -3.31810D-02  0.00000D+00  0.00000D+00  0.00000D+00 
 0.00000D+00  0.00000D+00 -3.72673D-03 -1.62948D-03 -1.26393D-03 -1.37994D-03 
-3.32262D-02  0.00000D+00  0.00000D+00  0.00000D+00  0.00000D+00  0.00000D+00 
-2.16467D-03  3.88830D-03 -1.44411D-03 -1.56432D-03 -3.43084D-02  0.00000D+00 
 0.00000D+00  0.00000D+00  0.00000D+00  0.00000D+00  3.51785D-02  3.01059D-02 
-2.76028D-03 -2.90885D-03 -3.97203D-02  0.00000D+00  0.00000D+00  0.00000D+00 
 0.00000D+00 -1.70130D-03  1.55296D-03 -3.61945D-03 -3.95025D-03 -4.12382D-03 
-4.16605D-02  0.00000D+00  0.00000D+00  0.00000D+00  0.00000D+00 -2.26266D-02 
-1.87178D-02 -2.05815D-02 -4.89038D-03 -5.08223D-03 -4.20493D-02  0.00000D+00 
 0.00000D+00  0.00000D+00  0.00000D+00 -5.49715D-02 -3.73838D-02 -3.52070D-02 
-8.22158D-03 -8.46298D-03 -4.02983D-02  0.00000D+00  0.00000D+00  0.00000D+00 
 0.00000D+00 -6.03510D-02 -2.59738D-02 -2.36464D-02 -1.32897D-02 -1.35812D-02 
-3.51359D-02  0.00000D+00  0.00000D+00  0.00000D+00  0.00000D+00 -5.16561D-02 
-8.47855D-03 -7.06519D-03 -2.09631D-02 -2.12932D-02 -2.74340D-02  0.00000D+00 
 0.00000D+00  0.00000D+00  0.00000D+00 -3.63516D-02  2.72428D-03  3.28949D-03 
-3.16705D-02 -3.20081D-02 -1.71440D-02  0.00000D+00  0.00000D+00  0.00000D+00 
 0.00000D+00 -1.89607D-02  4.01232D-03  3.97773D-03 -4.56847D-02 -4.59823D-02 
-5.69127D-03  0.00000D+00  0.00000D+00  0.00000D+00  0.00000D+00 -2.90331D-03 
-4.23297D-03 -4.71368D-03 -6.26204D-02 -6.28247D-02  4.50307D-03  0.00000D+00 
 0.00000D+00  0.00000D+00  0.00000D+00  8.81555D-03 -2.05120D-02 -2.14070D-02 
-8.13728D-02 -8.14346D-02  1.14413D-02  0.00000D+00  0.00000D+00  1.99503D-02 
 2.20950D-02  1.14246D-02 -2.78730D-02 -2.89231D-02 -8.82262D-02 -8.82301D-02 
 1.26210D-02  0.00000D+00  0.00000D+00  2.22586D-02  2.40950D-02  1.19487D-02 
-2.98953D-02 -3.09864D-02 -9.00067D-02 -8.99965D-02  1.27962D-02  0.00000D+00 
-1.73787D-01  2.35459D-02  2.22864D-02  1.35776D-02 -4.08500D-02 -4.21583D-02 
-9.89822D-02 -9.88966D-02  1.28931D-02  0.00000D+00 -1.54184D-01  2.12968D-02 
 1.96182D-02  1.36872D-02 -4.32029D-02 -4.45574D-02 -1.00776D-01 -1.00676D-01 
 1.27625D-02  0.00000D+00 -2.16527D-02 -2.04363D-02 -2.32557D-02  9.87042D-03 
-7.06648D-02 -7.25542D-02 -1.19338D-01 -1.19143D-01  6.87158D-03  0.00000D+00 
 1.30005D-02 -6.69820D-02 -7.02488D-02 -3.68215D-03 -1.01126D-01 -1.03633D-01 
-1.36258D-01 -1.36170D-01 -7.50012D-03  0.00000D+00  5.58825D-03 -1.11870D-01 
-1.15791D-01 -2.72934D-02 -1.32871D-01 -1.36096D-01 -1.51154D-01 -1.51409D-01 
-3.15594D-02  0.00000D+00 -2.52743D-02 -1.53700D-01 -1.58410D-01 -6.07201D-02 
-1.64439D-01 -1.68443D-01 -1.63622D-01 -1.64669D-01 -6.49185D-02  0.00000D+00 
-7.12906D-02 -1.91312D-01 -1.96882D-01 -1.03404D-01 -1.94771D-01 -1.99478D-01 
-1.72698D-01 -1.75350D-01 -1.07149D-01  0.00000D+00 -1.28098D-01 -2.23640D-01 
-2.30098D-01 -1.54812D-01 -2.22499D-01 -2.27960D-01 -1.76823D-01 -1.81463D-01 
-1.58086D-01  0.00000D+00 -1.92939D-01 -2.49483D-01 -2.56849D-01 -2.14373D-01 
-2.45707D-01 -2.51983D-01 -1.71756D-01 -1.79999D-01 -2.16992D-01  2.57014D-02 
-2.61961D-01 -2.67183D-01 -2.75533D-01 -2.78818D-01 -2.62138D-01 -2.69014D-01 
-1.57228D-01 -1.69796D-01 -2.80886D-01  1.52676D-02 -2.63886D-01 -2.67547D-01 
-2.75927D-01 -2.80629D-01 -2.62470D-01 -2.69375D-01 -1.56553D-01 -1.69409D-01 
-2.82690D-01 -1.94770D-01 -3.39459D-01 -2.76505D-01 -2.86250D-01 -3.52456D-01 
-2.70305D-01 -2.78887D-01 -1.32591D-01 -1.50357D-01 -3.54033D-01 -3.24999D-01 
-4.18082D-01 -2.74389D-01 -2.86300D-01 -4.27773D-01 -2.68065D-01 -2.78458D-01 
-9.22379D-02 -1.21849D-01 -4.28660D-01 -4.35166D-01 -4.97364D-01 -2.57913D-01 
-2.73362D-01 -5.04108D-01 -2.52731D-01 -2.66289D-01 -3.09787D-02 -7.65701D-02 
-5.05031D-01 -5.32987D-01 -5.74250D-01 -2.22590D-01 -2.43636D-01 -5.78539D-01 
-2.18336D-01 -2.37850D-01  5.07786D-02 -7.09168D-03 -5.79458D-01 -6.17573D-01 
-6.43554D-01 -1.62679D-01 -1.93100D-01 -6.46749D-01 -1.58904D-01 -1.88555D-01 
 1.57724D-01  8.02567D-02 -6.46585D-01 -6.83642D-01 -6.97276D-01 -6.98068D-02 
-1.16498D-01 -6.98609D-01 -6.85592D-02 -1.12042D-01  3.06686D-01  1.90262D-01 
-6.99176D-01 -7.22013D-01 -7.26929D-01  6.63727D-02 -5.57695D-03 -7.27093D-01 
 6.88610D-02 -2.02948D-03  4.77957D-01  3.08404D-01 -7.27094D-01 -7.19568D-01 
-7.17409D-01  2.56323D-01  1.48669D-01 -7.17223D-01  2.57041D-01  1.51659D-01 
 6.57910D-01  5.44531D-01 -7.16933D-01 -6.59426D-01 -6.52204D-01  5.09335D-01 
 3.47147D-01 -6.50911D-01  5.06475D-01  3.49287D-01  8.97960D-01  6.84032D-01 
-6.50982D-01 -5.22120D-01 -5.11471D-01  8.26703D-01  5.90591D-01 -5.10132D-01 
 8.25417D-01  5.90167D-01  1.13697D+00  8.13707D-01 -5.09955D-01 -2.89123D-01 
-2.76945D-01  1.19830D+00  8.58482D-01 -2.75665D-01  1.19755D+00  8.65021D-01 
 1.31966D+00  1.19790D+00 -2.75320D-01  5.03112D-02  6.16907D-02  1.60203D+00 
 1.14560D+00  6.31578D-02  1.60033D+00  1.14619D+00  1.44685D+00  1.12879D+00 
 6.33842D-02  4.87483D-01  4.96153D-01  2.00200D+00  1.43047D+00  4.97521D-01 
 2.00117D+00  1.41325D+00  1.58381D+00  1.62504D+00  4.97670D-01  9.82625D-01 
 9.87837D-01  2.35697D+00  1.68899D+00  9.88780D-01  2.35657D+00  1.66316D+00 
 1.74852D+00  2.11668D+00  9.89251D-01  1.46491D+00  1.46674D+00  2.63724D+00 
 1.93576D+00  1.46715D+00  2.63510D+00  1.92460D+00  1.87046D+00  2.02514D+00 
 1.46967D+00  0.00000D+00  0.00000D+00  0.00000D+00  0.00000D+00  0.00000D+00 
 0.00000D+00  0.00000D+00  2.62570D-07  5.48187D-07 -2.96452D-03  0.00000D+00 
 0.00000D+00  0.00000D+00  0.00000D+00  0.00000D+00  0.00000D+00  0.00000D+00 
 7.85520D-06  8.81525D-06 -5.17650D-05  0.00000D+00  0.00000D+00  0.00000D+00 
 0.00000D+00  0.00000D+00  0.00000D+00  0.00000D+00  1.59764D-05  1.64612D-05 
 2.05887D-04  0.00000D+00  0.00000D+00  0.00000D+00  0.00000D+00  0.00000D+00 
 0.00000D+00  0.00000D+00  1.93176D-05  1.93798D-05  1.16929D-04  0.00000D+00 
 0.00000D+00  0.00000D+00  0.00000D+00  0.00000D+00  0.00000D+00  0.00000D+00 
 1.92319D-05  1.90079D-05 -1.20993D-04  0.00000D+00  0.00000D+00  0.00000D+00 
 0.00000D+00  0.00000D+00  0.00000D+00  0.00000D+00  1.60320D-05  1.54576D-05 
-4.04039D-04  0.00000D+00  0.00000D+00  0.00000D+00  0.00000D+00  0.00000D+00 
-6.07253D-05 -3.06055D-05  7.01097D-06  5.85629D-06 -6.29287D-04  0.00000D+00 
 0.00000D+00  0.00000D+00  0.00000D+00  0.00000D+00 -6.03784D-05 -2.85365D-05 
 6.93918D-06  5.78055D-06 -6.30128D-04  0.00000D+00  0.00000D+00  0.00000D+00 
 0.00000D+00  0.00000D+00 -2.78512D-05  4.47980D-05  5.08202D-06  3.82287D-06 
-6.49010D-04  0.00000D+00  0.00000D+00  0.00000D+00  0.00000D+00  0.00000D+00 
 9.15551D-04  8.91166D-04 -1.16861D-05 -1.37550D-05 -6.75991D-04  0.00000D+00 
 0.00000D+00  0.00000D+00  0.00000D+00 -7.75146D-05  6.84726D-04  5.48475D-04 
-3.02822D-05 -3.31747D-05 -6.05041D-04  0.00000D+00  0.00000D+00  0.00000D+00 
 0.00000D+00 -7.54374D-04  2.28080D-04  1.26586D-04 -4.62607D-05 -4.98011D-05 
-5.45965D-04  0.00000D+00  0.00000D+00  0.00000D+00  0.00000D+00 -2.06731D-03 
-9.28346D-04 -9.17625D-04 -1.11231D-04 -1.17097D-04 -4.90463D-04  0.00000D+00 
 0.00000D+00  0.00000D+00  0.00000D+00 -1.33144D-03 -1.61711D-03 -1.54416D-03 
-2.40720D-04 -2.50244D-04 -7.56651D-04  0.00000D+00  0.00000D+00  0.00000D+00 
 0.00000D+00 -8.55248D-04 -1.74710D-03 -1.65883D-03 -5.01871D-04 -5.16785D-04 
-1.36951D-03  0.00000D+00  0.00000D+00  0.00000D+00  0.00000D+00 -1.68266D-03 
-1.42016D-03 -1.34361D-03 -9.97853D-04 -1.02009D-03 -2.38251D-03  0.00000D+00 
 0.00000D+00  0.00000D+00  0.00000D+00 -3.21215D-03 -8.23439D-04 -7.74839D-04 
-1.88247D-03 -1.91328D-03 -3.53658D-03  0.00000D+00  0.00000D+00  0.00000D+00 
 0.00000D+00 -4.54201D-03 -2.41276D-04 -2.32859D-04 -3.40043D-03 -3.44122D-03 
-4.17179D-03  0.00000D+00  0.00000D+00  0.00000D+00  0.00000D+00 -5.06286D-03 
-5.95515D-05 -1.05651D-04 -5.78994D-03 -5.84026D-03 -4.37957D-03  0.00000D+00 
 0.00000D+00  9.25553D-04  8.14692D-04 -5.00119D-03 -1.75451D-04 -2.44765D-04 
-6.88385D-03 -6.93770D-03 -4.27514D-03  0.00000D+00  0.00000D+00  8.49190D-04 
 7.80415D-04 -4.96371D-03 -2.25353D-04 -3.01304D-04 -7.19105D-03 -7.24606D-03 
-4.23022D-03  0.00000D+00 -6.81630D-03  1.07771D-03  1.10674D-03 -4.64444D-03 
-6.24560D-04 -7.37882D-04 -8.91415D-03 -8.97475D-03 -3.85769D-03  0.00000D+00 
-6.55893D-03  1.17012D-03  1.19049D-03 -4.55550D-03 -7.37983D-04 -8.59304D-04 
-9.29787D-03 -9.35866D-03 -3.75090D-03  0.00000D+00 -1.27234D-02  9.63864D-04 
 7.96725D-04 -3.19775D-03 -2.77464D-03 -3.00358D-03 -1.40905D-02 -1.41627D-02 
-2.59966D-03  0.00000D+00 -9.41989D-03 -2.15260D-03 -2.52876D-03 -1.55194D-03 
-6.64458D-03 -7.02465D-03 -2.03183D-02 -2.04286D-02 -1.11765D-03  0.00000D+00 
-4.23297D-03 -8.31212D-03 -8.94397D-03 -5.06642D-04 -1.27667D-02 -1.33607D-02 
-2.81047D-02 -2.83023D-02 -4.13698D-04  0.00000D+00 -1.04659D-03 -1.76422D-02 
-1.86110D-02 -1.15861D-03 -2.14961D-02 -2.23954D-02 -3.77960D-02 -3.81370D-02 
-1.39445D-03  0.00000D+00 -1.79075D-03 -3.03098D-02 -3.17247D-02 -4.71160D-03 
-3.32178D-02 -3.45117D-02 -4.95829D-02 -5.04360D-02 -5.16930D-03  0.00000D+00 
-7.82660D-03 -4.64448D-02 -4.84414D-02 -1.24602D-02 -4.83882D-02 -5.01462D-02 
-6.39848D-02 -6.54055D-02 -1.30805D-02  0.00000D+00 -2.04028D-02 -6.60671D-02 
-6.88074D-02 -2.59226D-02 -6.72096D-02 -6.97036D-02 -7.91796D-02 -8.22534D-02 
-2.67339D-02 -1.85355D-03 -4.01810D-02 -8.84054D-02 -9.20654D-02 -4.60853D-02 
-8.90951D-02 -9.22844D-02 -9.52451D-02 -9.90772D-02 -4.68153D-02 -1.78671D-03 
-4.08282D-02 -8.90488D-02 -9.27371D-02 -4.67363D-02 -8.97300D-02 -9.29359D-02 
-9.56367D-02 -9.95236D-02 -4.74756D-02 -2.55827D-02 -7.05517D-02 -1.15170D-01 
-1.20109D-01 -7.64337D-02 -1.15232D-01 -1.19681D-01 -1.09301D-01 -1.16804D-01 
-7.73221D-02 -6.84025D-02 -1.11249D-01 -1.44026D-01 -1.50758D-01 -1.17104D-01 
-1.43488D-01 -1.49556D-01 -1.20154D-01 -1.35919D-01 -1.17562D-01 -1.25280D-01 
-1.64591D-01 -1.74401D-01 -1.83952D-01 -1.69818D-01 -1.73179D-01 -1.82055D-01 
-1.29434D-01 -1.57008D-01 -1.70522D-01 -1.96919D-01 -2.32020D-01 -2.03660D-01 
-2.17614D-01 -2.36464D-01 -2.02828D-01 -2.15419D-01 -1.38362D-01 -1.70104D-01 
-2.37259D-01 -2.83902D-01 -3.14786D-01 -2.27664D-01 -2.48195D-01 -3.18747D-01 
-2.26601D-01 -2.46718D-01 -1.29013D-01 -1.76224D-01 -3.19063D-01 -3.85430D-01 
-4.11044D-01 -2.39977D-01 -2.72150D-01 -4.14793D-01 -2.39609D-01 -2.70871D-01 
-9.68523D-02 -1.78582D-01 -4.14904D-01 -4.97836D-01 -5.17952D-01 -2.30000D-01 
-2.82977D-01 -5.19969D-01 -2.30568D-01 -2.79670D-01 -4.06007D-02 -1.94360D-01 
-5.20713D-01 -6.12809D-01 -6.27458D-01 -1.84134D-01 -2.67992D-01 -6.29696D-01 
-1.82593D-01 -2.64441D-01  3.60528D-02 -8.80916D-02 -6.29351D-01 -7.15281D-01 
-7.24337D-01 -8.44529D-02 -2.16005D-01 -7.25060D-01 -8.67435D-02 -2.14153D-01 
 1.61995D-01 -5.45233D-02 -7.25513D-01 -7.81952D-01 -7.85668D-01  8.46171D-02 
-1.17874D-01 -7.85742D-01  8.29202D-02 -1.17602D-01  3.49691D-01 -4.68370D-02 
-7.85971D-01 -7.81577D-01 -7.80274D-01  3.30884D-01  2.06761D-02 -7.80628D-01 
 3.33368D-01  2.95635D-02  5.35356D-01  3.65785D-01 -7.80227D-01 -6.80157D-01 
-6.75555D-01  6.51888D-01  2.09367D-01 -6.75169D-01  6.51433D-01  2.16452D-01 
 7.07019D-01  1.58871D-01 -6.74961D-01 -4.53664D-01 -4.48132D-01  1.02848D+00 
 4.47171D-01 -4.47445D-01  1.02860D+00  4.27406D-01  9.30188D-01  7.68389D-01 
-4.47460D-01 -1.07773D-01 -1.03366D-01  1.42503D+00  7.01588D-01 -1.02572D-01 
 1.42612D+00  6.68495D-01  1.22885D+00  1.40010D+00 -1.01977D-01  3.07983D-01 
 3.10434D-01  1.80206D+00  9.81816D-01  3.10951D-01  1.79926D+00  9.66803D-01 
 1.45998D+00  1.18170D+00  3.13878D-01  0.00000D+00  0.00000D+00  0.00000D+00 
 0.00000D+00  0.00000D+00  0.00000D+00  0.00000D+00 -1.67284D-08 -1.72540D-08 
-5.22758D-05  0.00000D+00  0.00000D+00  0.00000D+00  0.00000D+00  0.00000D+00 
 0.00000D+00  0.00000D+00  4.14245D-09  1.03009D-08 -7.10742D-06  0.00000D+00 
 0.00000D+00  0.00000D+00  0.00000D+00  0.00000D+00  0.00000D+00  0.00000D+00 
 6.74664D-08  7.34918D-08  3.61419D-07  0.00000D+00  0.00000D+00  0.00000D+00 
 0.00000D+00  0.00000D+00  0.00000D+00  0.00000D+00  1.27644D-07  1.31155D-07 
 2.74116D-06  0.00000D+00  0.00000D+00  0.00000D+00  0.00000D+00  0.00000D+00 
 0.00000D+00  0.00000D+00  1.78080D-07  1.79400D-07  1.90387D-06  0.00000D+00 
 0.00000D+00  0.00000D+00  0.00000D+00  0.00000D+00  0.00000D+00  0.00000D+00 
 2.22264D-07  2.20663D-07 -2.55653D-06  0.00000D+00  0.00000D+00  0.00000D+00 
 0.00000D+00  0.00000D+00 -5.59070D-08  1.39229D-07  2.30412D-07  2.22707D-07 
-1.06013D-05  0.00000D+00  0.00000D+00  0.00000D+00  0.00000D+00  0.00000D+00 
-5.63977D-08  1.55680D-07  2.30228D-07  2.22480D-07 -1.06516D-05  0.00000D+00 
 0.00000D+00  0.00000D+00  0.00000D+00  0.00000D+00  1.49754D-07  8.32085D-07 
 2.24606D-07  2.15795D-07 -1.18994D-05  0.00000D+00  0.00000D+00  0.00000D+00 
 0.00000D+00  0.00000D+00  1.56373D-05  1.62601D-05  1.21537D-07  1.01440D-07 
-1.93253D-05  0.00000D+00  0.00000D+00  0.00000D+00  0.00000D+00 -2.22101D-07 
 2.18892D-05  1.95355D-05 -6.88731D-08 -1.02087D-07 -2.19956D-05  0.00000D+00 
 0.00000D+00  0.00000D+00  0.00000D+00 -9.56206D-06  1.94096D-05  1.66373D-05 
-2.74538D-07 -3.20438D-07 -2.16466D-05  0.00000D+00  0.00000D+00  0.00000D+00 
 0.00000D+00 -6.26880D-05  1.79645D-06 -9.66482D-08 -1.33504D-06 -1.43153D-06 
-1.20284D-05  0.00000D+00  0.00000D+00  0.00000D+00  0.00000D+00 -7.06327D-05 
-2.28016D-05 -2.30764D-05 -3.99972D-06 -4.20017D-06  5.73194D-06  0.00000D+00 
 0.00000D+00  0.00000D+00  0.00000D+00 -1.96329D-05 -4.74388D-05 -4.60656D-05 
-1.08422D-05 -1.12514D-05  2.13043D-05  0.00000D+00  0.00000D+00  0.00000D+00 
 0.00000D+00  3.40355D-05 -6.57554D-05 -6.29402D-05 -2.74985D-05 -2.83122D-05 
 2.90295D-05  0.00000D+00  0.00000D+00  0.00000D+00  0.00000D+00  3.91639D-05 
-7.02594D-05 -6.64648D-05 -6.50075D-05 -6.64948D-05 -4.94418D-06  0.00000D+00 
 0.00000D+00  0.00000D+00  0.00000D+00 -2.80942D-05 -5.54728D-05 -5.15679D-05 
-1.46826D-04 -1.49555D-04 -8.32837D-05  0.00000D+00  0.00000D+00  0.00000D+00 
 0.00000D+00 -1.55933D-04 -2.51453D-05 -2.27728D-05 -3.14853D-04 -3.19633D-04 
-1.79671D-04  0.00000D+00  0.00000D+00 -5.25069D-06 -1.21463D-05 -2.07648D-04 
-1.44309D-05 -1.33154D-05 -4.04435D-04 -4.10387D-04 -2.20292D-04  0.00000D+00 
 0.00000D+00 -1.26955D-05 -1.80421D-05 -2.20972D-04 -1.20446D-05 -1.12605D-05 
-4.31554D-04 -4.37249D-04 -2.31506D-04  0.00000D+00  1.17287D-04 -1.71735D-05 
-1.24678D-05 -2.85501D-04 -4.31805D-06 -5.94241D-06 -5.92888D-04 -6.00511D-04 
-2.98114D-04  0.00000D+00  1.64150D-04 -1.17162D-05 -6.34645D-06 -2.97576D-04 
-4.02021D-06 -6.32078D-06 -6.31043D-04 -6.39712D-04 -3.12089D-04  0.00000D+00 
-3.45046D-04  5.89891D-05  5.85391D-05 -3.86258D-04 -5.23027D-05 -6.42957D-05 
-1.19778D-03 -1.21183D-03 -3.07376D-04  0.00000D+00 -8.20862D-04 -6.18738D-06 
-2.66368D-05 -3.63004D-04 -2.77751D-04 -3.09429D-04 -2.13895D-03 -2.16075D-03 
-2.65383D-04  0.00000D+00 -7.94300D-04 -4.22648D-04 -4.80428D-04 -2.16814D-04 
-8.46494D-04 -9.11946D-04 -3.59849D-03 -3.64148D-03 -1.49962D-04  0.00000D+00 
-4.25348D-04 -1.45573D-03 -1.57780D-03 -2.40392D-05 -1.99147D-03 -2.11658D-03 
-5.84415D-03 -5.92242D-03  1.80918D-05  0.00000D+00 -3.60615D-05 -3.45566D-03 
-3.68462D-03  1.58139D-05 -4.03356D-03 -4.26041D-03 -9.24705D-03 -9.41232D-03 
-2.14141D-05  0.00000D+00 -9.06853D-05 -6.88663D-03 -7.28831D-03 -4.54641D-04 
-7.44006D-03 -7.81722D-03 -1.43089D-02 -1.46953D-02 -4.61197D-04  0.00000D+00 
-1.24379D-03 -1.23434D-02 -1.30168D-02 -2.01311D-03 -1.28527D-02 -1.34761D-02 
-2.16820D-02 -2.23496D-02 -2.12762D-03 -1.94682D-05 -4.29367D-03 -2.03059D-02 
-2.13840D-02 -5.44674D-03 -2.07892D-02 -2.18211D-02 -3.09362D-02 -3.22043D-02 
-5.56101D-03 -3.27783D-05 -4.41220D-03 -2.05640D-02 -2.16554D-02 -5.57543D-03 
-2.10485D-02 -2.20907D-02 -3.12553D-02 -3.25036D-02 -5.69970D-03 -2.74372D-03 
-1.08676D-02 -3.24756D-02 -3.42072D-02 -1.23574D-02 -3.29903D-02 -3.45156D-02 
-4.21299D-02 -4.53583D-02 -1.25771D-02 -1.13806D-02 -2.23806D-02 -4.92919D-02 
-5.20239D-02 -2.42535D-02 -4.96609D-02 -5.23066D-02 -5.63338D-02 -6.19261D-02 
-2.44959D-02 -2.80731D-02 -4.13894D-02 -7.24522D-02 -7.68387D-02 -4.34610D-02 
-7.24351D-02 -7.66023D-02 -7.63339D-02 -8.58509D-02 -4.37235D-02 -5.59289D-02 
-7.10195D-02 -1.03269D-01 -1.10489D-01 -7.33535D-02 -1.03407D-01 -1.10024D-01 
-1.00062D-01 -1.14844D-01 -7.34832D-02 -9.89794D-02 -1.15412D-01 -1.42537D-01 
-1.54269D-01 -1.17589D-01 -1.42796D-01 -1.53754D-01 -1.24137D-01 -1.41753D-01 
-1.18063D-01 -1.61965D-01 -1.79344D-01 -1.90211D-01 -2.09089D-01 -1.82095D-01 
-1.89822D-01 -2.08923D-01 -1.41262D-01 -1.87246D-01 -1.81847D-01 -2.49628D-01 
-2.66308D-01 -2.43670D-01 -2.76776D-01 -2.68462D-01 -2.44185D-01 -2.76199D-01 
-1.46256D-01 -2.46617D-01 -2.69013D-01 -3.65288D-01 -3.81349D-01 -2.95961D-01 
-3.51978D-01 -3.83353D-01 -2.94762D-01 -3.49739D-01 -1.33249D-01 -2.06934D-01 
-3.83363D-01 -5.08234D-01 -5.22061D-01 -3.33891D-01 -4.25227D-01 -5.23742D-01 
-3.35944D-01 -4.23626D-01 -1.07618D-01 -2.44946D-01 -5.24230D-01 -6.70236D-01 
-6.81253D-01 -3.36483D-01 -4.82575D-01 -6.82013D-01 -3.37575D-01 -4.81672D-01 
 5.25612D-03 -3.73036D-01 -6.82520D-01 -8.31411D-01 -8.38302D-01 -2.81148D-01 
-5.15280D-01 -8.39624D-01 -2.80691D-01 -5.04084D-01  1.25453D-01 -3.15253D-02 
-8.39278D-01 -9.58736D-01 -9.61370D-01 -1.45651D-01 -4.90253D-01 -9.61955D-01 
-1.46775D-01 -4.81241D-01  2.58001D-01 -3.64925D-01 -9.61800D-01 -1.01064D+00 
-1.01002D+00  8.13614D-02 -3.86601D-01 -1.01012D+00  8.18009D-02 -4.01642D-01 
 4.62111D-01  1.90511D-01 -1.01028D+00 -9.52807D-01 -9.50835D-01  3.90702D-01 
-2.12059D-01 -9.50558D-01  3.93074D-01 -2.50044D-01  7.79593D-01  7.84744D-01 
-9.50083D-01 -7.81288D-01 -7.79451D-01  7.52393D-01  2.62767D-02 -7.79112D-01 
 7.48629D-01  8.82270D-03  1.03196D+00  4.12630D-01 -7.75912D-01  0.00000D+00 
 0.00000D+00  0.00000D+00  0.00000D+00  0.00000D+00  0.00000D+00  0.00000D+00 
-8.56507D-11 -9.12052D-11 -4.92655D-07  0.00000D+00  0.00000D+00  0.00000D+00 
 0.00000D+00  0.00000D+00  0.00000D+00  0.00000D+00 -6.11447D-11 -3.41169D-11 
-1.04590D-07  0.00000D+00  0.00000D+00  0.00000D+00  0.00000D+00  0.00000D+00 
 0.00000D+00  0.00000D+00  2.65281D-10  3.04215D-10 -2.36913D-08  0.00000D+00 
 0.00000D+00  0.00000D+00  0.00000D+00  0.00000D+00  0.00000D+00  0.00000D+00 
 7.87280D-10  8.23324D-10  2.08784D-08  0.00000D+00  0.00000D+00  0.00000D+00 
 0.00000D+00  0.00000D+00  0.00000D+00  0.00000D+00  1.50358D-09  1.53580D-09 
 4.27524D-08  0.00000D+00  0.00000D+00  0.00000D+00  0.00000D+00  0.00000D+00 
 0.00000D+00  0.00000D+00  2.55129D-09  2.57029D-09  1.99797D-08  0.00000D+00 
 0.00000D+00  0.00000D+00  0.00000D+00  0.00000D+00  4.13331D-10  2.26941D-09 
 3.92271D-09  3.90600D-09 -9.64903D-08  0.00000D+00  0.00000D+00  0.00000D+00 
 0.00000D+00  0.00000D+00  4.45886D-10  2.41123D-09  3.93018D-09  3.91316D-09 
-9.74915D-08  0.00000D+00  0.00000D+00  0.00000D+00  0.00000D+00  0.00000D+00 
 2.62005D-09  8.38054D-09  4.10813D-09  4.08589D-09 -1.23593D-07  0.00000D+00 
 0.00000D+00  0.00000D+00  0.00000D+00  0.00000D+00  2.08723D-07  2.23416D-07 
 4.92277D-09  4.81634D-09 -3.61995D-07  0.00000D+00  0.00000D+00  0.00000D+00 
 0.00000D+00 -8.56305D-09  4.00533D-07  3.69301D-07  4.36476D-09  4.23895D-09 
-5.92467D-07  0.00000D+00  0.00000D+00  0.00000D+00  0.00000D+00 -1.40167D-07 
 4.50097D-07  4.03039D-07  3.12250D-09  2.75606D-09 -7.47657D-07  0.00000D+00 
 0.00000D+00  0.00000D+00  0.00000D+00 -1.41762D-06  3.54888D-07  2.95324D-07 
-8.19522D-09 -9.07795D-09 -1.06661D-06  0.00000D+00  0.00000D+00  0.00000D+00 
 0.00000D+00 -2.91610D-06 -5.91364D-08 -1.08778D-07 -4.62109D-08 -4.80306D-08 
-1.03592D-06  0.00000D+00  0.00000D+00  0.00000D+00  0.00000D+00 -3.14352D-06 
-8.08274D-07 -8.30275D-07 -1.56510D-07 -1.61562D-07 -6.27131D-07  0.00000D+00 
 0.00000D+00  0.00000D+00  0.00000D+00 -1.85205D-06 -1.86190D-06 -1.83423D-06 
-5.01094D-07 -5.10160D-07 -1.48190D-07  0.00000D+00  0.00000D+00  0.00000D+00 
 0.00000D+00  7.64000D-08 -2.99727D-06 -2.89502D-06 -1.47371D-06 -1.49995D-06 
 7.01943D-07  0.00000D+00  0.00000D+00  0.00000D+00  0.00000D+00  5.46038D-07 
-3.66503D-06 -3.46952D-06 -3.99731D-06 -4.07516D-06 -1.32353D-06  0.00000D+00 
 0.00000D+00  0.00000D+00  0.00000D+00 -3.20793D-06 -3.09758D-06 -2.82576D-06 
-1.05471D-05 -1.08575D-05 -5.37728D-06  0.00000D+00  0.00000D+00 -9.17353D-09 
-2.03223D-08 -5.96054D-06 -2.49643D-06 -2.22471D-06 -1.46520D-05 -1.50761D-05 
-8.06515D-06  0.00000D+00  0.00000D+00 -2.12430D-08 -2.45892D-08 -6.80223D-06 
-2.30115D-06 -2.03474D-06 -1.59249D-05 -1.63261D-05 -8.72974D-06  0.00000D+00 
 1.91248D-07  2.02974D-07  3.13805D-07 -1.18621D-05 -1.18102D-06 -9.37988D-07 
-2.42478D-05 -2.45919D-05 -1.16202D-05  0.00000D+00  1.70483D-07  3.32889D-07 
 4.66337D-07 -1.30315D-05 -9.33477D-07 -7.10615D-07 -2.61787D-05 -2.67591D-05 
-1.28058D-05  0.00000D+00 -1.59547D-05  3.67169D-06  3.89713D-06 -2.75157D-05 
 9.25367D-07  6.50462D-07 -6.22332D-05 -6.38160D-05 -2.42056D-05  0.00000D+00 
-5.59532D-05  5.82666D-06  5.16021D-06 -4.05104D-05 -5.57056D-06 -7.13493D-06 
-1.38106D-04 -1.40289D-04 -5.75974D-05  0.00000D+00 -8.76278D-05 -1.28746D-05 
-1.66728D-05 -4.20841D-05 -4.06178D-05 -4.53352D-05 -2.85478D-04 -2.91888D-04 
-6.52164D-05  0.00000D+00 -8.26296D-05 -9.53025D-05 -1.06761D-04 -2.37542D-05 
-1.45241D-04 -1.57243D-04 -5.70438D-04 -5.84608D-04 -1.18316D-05  0.00000D+00 
-3.49356D-05 -3.21954D-04 -3.49929D-04  1.03407D-05 -3.96561D-04 -4.25973D-04 
-1.10062D-03 -1.12913D-03  1.58265D-05  0.00000D+00  2.47163D-05 -8.35120D-04 
-8.96402D-04  2.64078D-05 -9.28903D-04 -9.90733D-04 -2.04677D-03 -2.12206D-03 
 6.01909D-05  0.00000D+00  7.33745D-07 -1.87393D-03 -1.99938D-03 -6.69277D-05 
-1.98517D-03 -2.10151D-03 -3.81171D-03 -3.92783D-03 -6.38336D-05 -7.11969D-07 
-3.01198D-04 -3.75458D-03 -3.99497D-03 -4.61534D-04 -3.88392D-03 -4.12372D-03 
-6.47680D-03 -6.85225D-03 -4.44620D-04 -1.12071D-06 -3.16054D-04 -3.82175D-03 
-4.06619D-03 -4.79388D-04 -3.95170D-03 -4.19625D-03 -6.56908D-03 -6.94648D-03 
-4.54003D-04 -2.60009D-04 -1.32512D-03 -7.27548D-03 -7.73433D-03 -1.61336D-03 
-7.46562D-03 -7.87458D-03 -1.09107D-02 -1.15151D-02 -1.65405D-03 -1.64624D-03 
-3.73886D-03 -1.31554D-02 -1.40031D-02 -4.16780D-03 -1.33425D-02 -1.42031D-02 
-1.80582D-02 -1.84902D-02 -4.30330D-03 -5.43267D-03 -8.78907D-03 -2.28776D-02 
-2.44348D-02 -9.42676D-03 -2.30510D-02 -2.44804D-02 -3.01442D-02 -2.98284D-02 
-9.43509D-03 -1.36663D-02 -1.85058D-02 -3.84389D-02 -4.13417D-02 -1.93688D-02 
-3.86634D-02 -4.14845D-02 -4.64253D-02 -4.78006D-02 -1.94424D-02 -2.96043D-02 
-3.60405D-02 -6.23482D-02 -6.77555D-02 -3.69365D-02 -6.27990D-02 -6.75250D-02 
-6.49940D-02 -7.17806D-02 -3.72928D-02 -5.82154D-02 -6.66191D-02 -9.76293D-02 
-1.07172D-01 -6.78370D-02 -9.75268D-02 -1.07660D-01 -9.22815D-02 -9.49351D-02 
-6.78012D-02 -1.06618D-01 -1.16457D-01 -1.47255D-01 -1.64615D-01 -1.18091D-01 
-1.48071D-01 -1.64597D-01 -1.21674D-01 -1.64280D-01 -1.18194D-01 -1.84192D-01 
-1.95553D-01 -2.12150D-01 -2.45827D-01 -1.96641D-01 -2.11868D-01 -2.44128D-01 
-1.49142D-01 -1.80412D-01 -1.97195D-01 -3.01663D-01 -3.13711D-01 -2.89544D-01 
-3.47360D-01 -3.15563D-01 -2.91327D-01 -3.46861D-01 -1.88408D-01 -2.27043D-01 
-3.15599D-01 -4.68472D-01 -4.80486D-01 -3.66705D-01 -4.62180D-01 -4.81812D-01 
-3.69248D-01 -4.63413D-01 -1.85359D-01 -3.97756D-01 -4.82150D-01 -6.86994D-01 
-6.97624D-01 -4.23877D-01 -5.88064D-01 -6.98976D-01 -4.19860D-01 -5.78355D-01 
-1.47943D-01 -1.58164D-01 -6.99071D-01 -9.44554D-01 -9.52369D-01 -4.31983D-01 
-6.84683D-01 -9.53463D-01 -4.31511D-01 -6.74395D-01 -1.32473D-01 -5.36125D-01 
-9.53537D-01 -1.20536D+00 -1.20959D+00 -3.60794D-01 -7.12035D-01 -1.21030D+00 
-3.60320D-01 -7.22697D-01 -1.59902D-02 -1.39048D-01 -1.21049D+00 -1.41105D+00 
-1.41230D+00 -1.92709D-01 -6.61122D-01 -1.41260D+00 -1.88809D-01 -6.93862D-01 
 2.30103D-01  3.21053D-01 -1.41253D+00 -1.49907D+00 -1.49895D+00  6.79522D-02 
-5.30365D-01 -1.49891D+00  6.52337D-02 -5.43253D-01  4.27994D-01 -1.00987D-01 
-1.49805D+00  0.00000D+00  0.00000D+00  0.00000D+00  0.00000D+00  0.00000D+00 
 0.00000D+00  0.00000D+00 -3.44554D-13 -3.96180D-13 -3.61004D-09  0.00000D+00 
 0.00000D+00  0.00000D+00  0.00000D+00  0.00000D+00  0.00000D+00  0.00000D+00 
-9.34984D-13 -8.49039D-13 -1.04973D-09  0.00000D+00  0.00000D+00  0.00000D+00 
 0.00000D+00  0.00000D+00  0.00000D+00  0.00000D+00  8.74129D-14  3.25070D-13 
-4.32995D-10  0.00000D+00  0.00000D+00  0.00000D+00  0.00000D+00  0.00000D+00 
 0.00000D+00  0.00000D+00  3.48025D-12  3.84111D-12  4.87844D-11  0.00000D+00 
 0.00000D+00  0.00000D+00  0.00000D+00  0.00000D+00  0.00000D+00  0.00000D+00 
 1.05867D-11  1.10092D-11  5.53153D-10  0.00000D+00  0.00000D+00  0.00000D+00 
 0.00000D+00  0.00000D+00  0.00000D+00  0.00000D+00  2.51753D-11  2.56433D-11 
 9.48195D-10  0.00000D+00  0.00000D+00  0.00000D+00  0.00000D+00  0.00000D+00 
 1.09693D-12  9.69306D-12  5.36357D-11  5.43746D-11  6.15009D-10  0.00000D+00 
 0.00000D+00  0.00000D+00  0.00000D+00  0.00000D+00  1.24598D-12  1.03838D-11 
 5.38511D-11  5.45839D-11  6.08765D-10  0.00000D+00  0.00000D+00  0.00000D+00 
 0.00000D+00  0.00000D+00  1.14689D-11  4.21784D-11  5.93479D-11  5.98922D-11 
 4.39533D-10  0.00000D+00  0.00000D+00  0.00000D+00  0.00000D+00  0.00000D+00 
 1.70707D-09  1.91422D-09  1.02335D-10  1.03722D-10 -1.95233D-09  0.00000D+00 
 0.00000D+00  0.00000D+00  0.00000D+00 -4.31484D-11  4.35336D-09  4.17937D-09 
 1.42918D-10  1.43228D-10 -5.62979D-09  0.00000D+00  0.00000D+00  0.00000D+00 
 0.00000D+00 -1.03858D-09  5.85995D-09  5.46070D-09  1.68760D-10  1.69826D-10 
-8.95250D-09  0.00000D+00  0.00000D+00  0.00000D+00  0.00000D+00 -1.80684D-08 
 8.16438D-09  7.31901D-09  1.91541D-10  1.78546D-10 -2.08567D-08  0.00000D+00 
 0.00000D+00  0.00000D+00  0.00000D+00 -5.60362D-08  6.37835D-09  5.26700D-09 
-7.86364D-11 -1.03250D-10 -3.32774D-08  0.00000D+00  0.00000D+00  0.00000D+00 
 0.00000D+00 -9.13680D-08 -2.75734D-09 -3.81281D-09 -1.56028D-09 -1.56379D-09 
-3.29688D-08  0.00000D+00  0.00000D+00  0.00000D+00  0.00000D+00 -9.30411D-08 
-2.37085D-08 -2.39566D-08 -7.49480D-09 -7.98349D-09 -1.88809D-08  0.00000D+00 
 0.00000D+00  0.00000D+00  0.00000D+00 -3.87338D-08 -5.81966D-08 -5.61892D-08 
-3.14975D-08 -3.28894D-08  8.88825D-09  0.00000D+00  0.00000D+00  0.00000D+00 
 0.00000D+00  4.39757D-08 -9.61983D-08 -8.94307D-08 -1.08759D-07 -1.14656D-07 
 4.30695D-08  0.00000D+00  0.00000D+00  0.00000D+00  0.00000D+00  1.85901D-08 
-1.02777D-07 -8.77160D-08 -3.70150D-07 -3.55386D-07 -5.38336D-08  0.00000D+00 
 0.00000D+00 -2.68951D-11 -4.04054D-11 -6.31266D-08 -8.58900D-08 -7.15774D-08 
-5.58295D-07 -5.43177D-07 -2.61238D-07  0.00000D+00  0.00000D+00 -3.77396D-11 
 8.07879D-11 -9.31374D-08 -7.96236D-08 -6.51719D-08 -6.00849D-07 -6.34539D-07 
-2.28277D-07  0.00000D+00  2.25084D-10  5.27880D-09  7.96932D-09 -3.18956D-07 
-3.06306D-08 -8.00665D-09 -9.47900D-07 -9.63259D-07 -4.63746D-07  0.00000D+00 
-1.67217D-09  8.50244D-09  1.20769D-08 -3.81451D-07 -1.66459D-08  4.04975D-09 
-1.08008D-06 -1.10433D-06 -4.02551D-07  0.00000D+00 -5.84506D-07  1.45416D-07 
 1.59694D-07 -1.44075D-06  1.85551D-07  1.89412D-07 -3.04808D-06 -3.04617D-06 
-3.37506D-06  0.00000D+00 -3.21034D-06  4.38871D-07  4.27632D-07 -3.20474D-06 
 2.23426D-07  1.94769D-07 -7.69626D-06 -7.85514D-06 -6.58500D-06  0.00000D+00 
-7.44483D-06  1.29008D-08 -1.73262D-07 -4.95530D-06 -1.17773D-06 -1.46744D-06 
-1.91821D-05 -1.95525D-05 -9.28131D-06  0.00000D+00 -1.05670D-05 -4.47045D-06 
-5.24306D-06 -5.08208D-06 -7.75119D-06 -8.64281D-06 -4.51304D-05 -4.61125D-05 
-1.58572D-05  0.00000D+00 -8.74752D-06 -2.20912D-05 -2.44543D-05 -1.57075D-06 
-2.91794D-05 -3.12602D-05 -1.00554D-04 -1.03000D-04  1.90229D-05  0.00000D+00 
 3.34121D-07 -7.44744D-05 -8.07577D-05  5.56984D-06 -8.63849D-05 -9.32516D-05 
-2.16195D-04 -2.21110D-04 -2.16201D-05  0.00000D+00  1.12030D-05 -2.09099D-04 
-2.24512D-04  8.88632D-06 -2.27981D-04 -2.42089D-04 -4.43948D-04 -4.58150D-04 
 1.65352D-05 -2.16745D-08 -2.48967D-06 -5.11792D-04 -5.46711D-04 -1.89547D-05 
-5.40184D-04 -5.74746D-04 -9.50521D-04 -9.94210D-04 -3.16768D-05 -3.58437D-08 
-3.70733D-06 -5.23664D-04 -5.59323D-04 -2.06992D-05 -5.52421D-04 -5.87685D-04 
-9.67810D-04 -1.01618D-03 -2.52016D-05 -2.27477D-05 -1.23530D-04 -1.20932D-03 
-1.28850D-03 -1.70054D-04 -1.26139D-03 -1.33673D-03 -1.93675D-03 -2.00774D-03 
-1.56660D-04 -2.17272D-04 -5.35563D-04 -2.62750D-03 -2.79866D-03 -6.14773D-04 
-2.70200D-03 -2.86572D-03 -3.65697D-03 -3.79394D-03 -6.14382D-04 -9.52544D-04 
-1.64486D-03 -5.45248D-03 -5.81390D-03 -1.81422D-03 -5.55601D-03 -5.90943D-03 
-7.40861D-03 -6.86248D-03 -1.77419D-03 -3.00801D-03 -4.28547D-03 -1.08804D-02 
-1.16453D-02 -4.50932D-03 -1.10301D-02 -1.17877D-02 -1.41060D-02 -1.36233D-02 
-4.60115D-03 -7.92711D-03 -1.00164D-02 -2.08739D-02 -2.24985D-02 -1.03350D-02 
-2.11385D-02 -2.22826D-02 -2.27065D-02 -2.56481D-02 -1.04733D-02 -1.85970D-02 
-2.18287D-02 -3.84946D-02 -4.17391D-02 -2.21880D-02 -3.86134D-02 -4.19237D-02 
-3.88438D-02 -3.55384D-02 -2.23830D-02 -4.01003D-02 -4.48252D-02 -6.82423D-02 
-7.41244D-02 -4.57625D-02 -6.87524D-02 -7.49293D-02 -6.18578D-02 -9.34890D-02 
-4.57352D-02 -8.08020D-02 -8.69459D-02 -1.15639D-01 -1.28981D-01 -8.75825D-02 
-1.15819D-01 -1.28344D-01 -9.00775D-02 -9.13424D-02 -8.81359D-02 -1.53271D-01 
-1.61156D-01 -1.86438D-01 -2.09775D-01 -1.62514D-01 -1.87644D-01 -2.10068D-01 
-1.40143D-01 -1.25854D-01 -1.62220D-01 -2.74181D-01 -2.83264D-01 -2.81813D-01 
-3.21663D-01 -2.84842D-01 -2.83590D-01 -3.22996D-01 -1.92547D-01 -2.96249D-01 
-2.84758D-01 -4.61040D-01 -4.70910D-01 -3.96393D-01 -4.67949D-01 -4.71700D-01 
-3.94543D-01 -4.60965D-01 -2.31111D-01 -1.45529D-01 -4.72251D-01 -7.24059D-01 
-7.33154D-01 -5.12518D-01 -6.19545D-01 -7.34273D-01 -5.12679D-01 -6.12230D-01 
-2.75609D-01 -4.90189D-01 -7.34528D-01 -1.05198D+00 -1.05877D+00 -6.00582D-01 
-7.39615D-01 -1.05976D+00 -6.00565D-01 -7.47706D-01 -2.80388D-01 -2.49501D-01 
-1.05983D+00 -1.39841D+00 -1.40228D+00 -6.27754D-01 -8.02304D-01 -1.40296D+00 
-6.24859D-01 -8.24480D-01 -1.67681D-01  4.33461D-02 -1.40337D+00 -1.68334D+00 
-1.68518D+00 -5.70248D-01 -7.82910D-01 -1.68547D+00 -5.72611D-01 -7.91871D-01 
-6.26968D-02 -3.54701D-01 -1.68692D+00  0.00000D+00  0.00000D+00  0.00000D+00 
 0.00000D+00  0.00000D+00  0.00000D+00  0.00000D+00 -1.25926D-15 -1.56703D-15 
-2.28016D-11  0.00000D+00  0.00000D+00  0.00000D+00  0.00000D+00  0.00000D+00 
 0.00000D+00  0.00000D+00 -7.86424D-15 -7.87570D-15 -8.93666D-12  0.00000D+00 
 0.00000D+00  0.00000D+00  0.00000D+00  0.00000D+00  0.00000D+00  0.00000D+00 
-1.26491D-14 -1.14954D-14 -5.88270D-12  0.00000D+00  0.00000D+00  0.00000D+00 
 0.00000D+00  0.00000D+00  0.00000D+00  0.00000D+00 -6.28040D-15 -3.79524D-15 
-3.05308D-12  0.00000D+00  0.00000D+00  0.00000D+00  0.00000D+00  0.00000D+00 
 0.00000D+00  0.00000D+00  2.84484D-14  3.19168D-14  1.32258D-12  0.00000D+00 
 0.00000D+00  0.00000D+00  0.00000D+00  0.00000D+00  0.00000D+00  0.00000D+00 
 1.42900D-13  1.50219D-13  7.77480D-12  0.00000D+00  0.00000D+00  0.00000D+00 
 0.00000D+00  0.00000D+00  1.77324D-15  3.44909D-14  4.87885D-13  5.04966D-13 
 1.31201D-11  0.00000D+00  0.00000D+00  0.00000D+00  0.00000D+00  0.00000D+00 
 2.19124D-15  3.74159D-14  4.90939D-13  5.08184D-13  1.31230D-11  0.00000D+00 
 0.00000D+00  0.00000D+00  0.00000D+00  0.00000D+00  4.18143D-14  1.88093D-13 
 5.73591D-13  5.93691D-13  1.31286D-11  0.00000D+00  0.00000D+00  0.00000D+00 
 0.00000D+00  0.00000D+00  1.28387D-11  1.51103D-11  1.45215D-12  1.49267D-12 
 3.48034D-13  0.00000D+00  0.00000D+00  0.00000D+00  0.00000D+00 -1.80954D-13 
 4.26260D-11  4.23586D-11  2.80956D-12  2.76216D-12 -3.79032D-11  0.00000D+00 
 0.00000D+00  0.00000D+00  0.00000D+00 -6.68978D-12  6.63123D-11  6.36733D-11 
 3.99679D-12  4.15583D-12 -8.30346D-11  0.00000D+00  0.00000D+00  0.00000D+00 
 0.00000D+00 -1.96133D-10  1.31134D-10  1.20299D-10  1.00247D-11  1.02422D-11 
-3.12184D-10  0.00000D+00  0.00000D+00  0.00000D+00  0.00000D+00 -8.88757D-10 
 1.56941D-10  1.34751D-10  2.46429D-11  2.41906D-11 -7.56939D-10  0.00000D+00 
 0.00000D+00  0.00000D+00  0.00000D+00 -2.07169D-09  2.72481D-11 -7.05750D-12 
 5.27033D-11  4.84957D-11 -1.14406D-09  0.00000D+00  0.00000D+00  0.00000D+00 
 0.00000D+00 -3.27641D-09 -4.81364D-10 -5.23765D-10  1.35925D-10  8.67917D-11 
-1.22612D-09  0.00000D+00  0.00000D+00  0.00000D+00  0.00000D+00 -3.49177D-09 
-1.67082D-09 -1.70324D-09  6.09942D-11 -1.07313D-10 -1.14380D-09  0.00000D+00 
 0.00000D+00  0.00000D+00  0.00000D+00 -2.13993D-09 -3.59943D-09 -3.56958D-09 
-5.49288D-10 -1.35357D-10 -1.64732D-09  0.00000D+00  0.00000D+00  0.00000D+00 
 0.00000D+00 -2.19372D-09 -5.15159D-09 -4.79190D-09 -4.70013D-09 -2.61207D-09 
-3.49815D-09  0.00000D+00  0.00000D+00 -5.65960D-14  2.80481D-13 -4.36064D-09 
-4.70262D-09 -3.92104D-09 -7.20651D-09 -3.70751D-09 -5.38561D-09  0.00000D+00 
 0.00000D+00  3.91433D-13  3.05231D-12 -5.27253D-09 -4.43539D-09 -4.00945D-09 
-1.42514D-08 -9.80235D-09 -7.21020D-09  0.00000D+00 -6.09469D-12  1.27924D-10 
 2.00312D-10 -1.29283D-08 -2.86972D-09 -1.23421D-09 -2.80662D-08 -2.65405D-08 
-1.56912D-08  0.00000D+00 -4.82515D-11  2.17482D-10  3.21046D-10 -1.52311D-08 
-2.05233D-09  1.37633D-10 -1.82374D-08 -1.11811D-08 -2.02116D-08  0.00000D+00 
-1.84568D-08  6.00743D-09  6.84792D-09 -6.37229D-08  1.45535D-08  1.22265D-08 
-5.99643D-08 -1.20959D-07 -4.84724D-08  0.00000D+00 -1.37277D-07  2.87153D-08 
 2.97290D-08 -1.68249D-07  3.95805D-08  5.06411D-08 -3.88498D-07 -3.35364D-07 
-2.08169D-07  0.00000D+00 -4.01998D-07  4.17730D-08  3.50402D-08 -3.05628D-07 
 1.88155D-08 -2.08960D-08 -1.10404D-06 -1.07508D-06 -3.51178D-07  0.00000D+00 
-6.82918D-07 -1.73343D-07 -2.19989D-07 -3.38343D-07 -3.34065D-07 -5.32989D-07 
-3.20554D-06 -3.17338D-06 -6.44064D-08  0.00000D+00 -5.87525D-07 -1.46404D-06 
-1.65223D-06  3.28052D-08 -2.06554D-06 -1.93679D-06 -8.40984D-06 -8.44762D-06 
-1.02926D-06  0.00000D+00  4.81799D-07 -6.44479D-06 -7.06706D-06  1.15352D-06 
-7.67539D-06 -8.43709D-06 -2.28525D-05 -2.27088D-05  1.60646D-06  0.00000D+00 
 2.74453D-06 -2.22805D-05 -2.41273D-05  2.75404D-06 -2.48799D-05 -2.64183D-05 
-4.99753D-05 -5.06274D-05  1.64026D-05 -7.92788D-10  3.91799D-06 -6.52188D-05 
-7.01315D-05  2.35042D-06 -6.97638D-05 -7.44794D-05 -1.23501D-04 -1.21415D-04 
-1.31874D-05 -1.49699D-09  3.87204D-06 -6.70433D-05 -7.20699D-05  2.24744D-06 
-7.16453D-05 -7.64170D-05 -1.27864D-04 -1.23639D-04 -1.02283D-05 -2.27392D-06 
-7.17448D-06 -1.83066D-04 -1.96077D-04 -1.35407D-05 -1.93376D-04 -2.06826D-04 
-2.89316D-04 -3.19024D-04 -4.64502D-06 -2.80280D-05 -6.51194D-05 -4.65387D-04 
-4.98261D-04 -7.71304D-05 -4.84098D-04 -5.11707D-04 -6.50106D-04 -7.13284D-04 
-6.79949D-05 -1.51092D-04 -2.62977D-04 -1.12254D-03 -1.20051D-03 -2.97980D-04 
-1.15383D-03 -1.24994D-03 -1.74995D-03 -1.26125D-03 -2.82684D-04 -5.72420D-04 
-8.34554D-04 -2.59223D-03 -2.77646D-03 -8.79406D-04 -2.65379D-03 -2.79481D-03 
-3.73513D-03 -3.33202D-03 -9.13181D-04 -1.78185D-03 -2.30455D-03 -5.74069D-03 
-6.17502D-03 -2.39161D-03 -5.85933D-03 -6.20263D-03 -6.56148D-03 -7.31158D-03 
-2.42846D-03 -4.88497D-03 -5.83576D-03 -1.21840D-02 -1.31650D-02 -5.92336D-03 
-1.22288D-02 -1.35410D-02 -1.29219D-02 -1.16577D-02 -6.02278D-03 -1.22118D-02 
-1.38986D-02 -2.47942D-02 -2.66489D-02 -1.42633D-02 -2.51110D-02 -2.66331D-02 
-2.35069D-02 -1.97594D-02 -1.42390D-02 -2.83527D-02 -3.08492D-02 -4.81948D-02 
-5.22859D-02 -3.11272D-02 -4.82873D-02 -5.27504D-02 -3.91681D-02 -4.69990D-02 
-3.13999D-02 -6.16529D-02 -6.54344D-02 -8.92552D-02 -9.88308D-02 -6.61115D-02 
-9.00864D-02 -9.83209D-02 -6.89331D-02 -2.96704D-02 -6.59091D-02 -1.25873D-01 
-1.30888D-01 -1.55149D-01 -1.67931D-01 -1.31886D-01 -1.56387D-01 -1.70190D-01 
-1.12130D-01 -1.86997D-01 -1.31766D-01 -2.40562D-01 -2.46966D-01 -2.51718D-01 
-2.77978D-01 -2.47390D-01 -2.50372D-01 -2.73957D-01 -1.53642D-01 -4.96006D-02 
-2.47849D-01 -4.27669D-01 -4.34649D-01 -3.77549D-01 -4.14546D-01 -4.35492D-01 
-3.77706D-01 -4.08447D-01 -2.32121D-01 -3.55962D-01 -4.35722D-01 -7.00524D-01 
-7.06870D-01 -5.19160D-01 -5.51888D-01 -7.07775D-01 -5.19413D-01 -5.56678D-01 
-2.88322D-01 -2.06846D-01 -7.07803D-01 -1.04540D+00 -1.05007D+00 -6.50856D-01 
-6.68133D-01 -1.05087D+00 -6.48474D-01 -6.83921D-01 -2.76949D-01 -3.80014D-02 
-1.05140D+00 -1.40570D+00 -1.40893D+00 -7.40990D-01 -7.33253D-01 -1.40943D+00 
-7.42670D-01 -7.40334D-01 -2.82790D-01 -3.93270D-01 -1.41138D+00  0.00000D+00 
 0.00000D+00  0.00000D+00  0.00000D+00  0.00000D+00  0.00000D+00  0.00000D+00 
-3.51520D-18 -4.52225D-18 -1.17429D-13  0.00000D+00  0.00000D+00  0.00000D+00 
 0.00000D+00  0.00000D+00  0.00000D+00  0.00000D+00 -3.16665D-17 -3.27765D-17 
-5.72182D-14  0.00000D+00  0.00000D+00  0.00000D+00  0.00000D+00  0.00000D+00 
 0.00000D+00  0.00000D+00 -7.65649D-17 -7.31583D-17 -4.93159D-14  0.00000D+00 
 0.00000D+00  0.00000D+00  0.00000D+00  0.00000D+00  0.00000D+00  0.00000D+00 
-1.01727D-16 -9.04034D-17 -4.20321D-14  0.00000D+00  0.00000D+00  0.00000D+00 
 0.00000D+00  0.00000D+00  0.00000D+00  0.00000D+00 -1.85783D-17  7.40872D-19 
-2.15875D-14  0.00000D+00  0.00000D+00  0.00000D+00  0.00000D+00  0.00000D+00 
 0.00000D+00  0.00000D+00  4.92419D-16  5.51582D-16  2.57032D-14  0.00000D+00 
 0.00000D+00  0.00000D+00  0.00000D+00  0.00000D+00  2.21717D-18  9.71348D-17 
 2.77088D-15  2.96275D-15  1.01012D-13  0.00000D+00  0.00000D+00  0.00000D+00 
 0.00000D+00  0.00000D+00  2.98172D-18  1.06959D-16  2.79380D-15  2.98853D-15 
 1.01371D-13  0.00000D+00  0.00000D+00  0.00000D+00  0.00000D+00  0.00000D+00 
 1.20903D-16  6.99469D-16  3.44342D-15  3.69623D-15  1.10588D-13  0.00000D+00 
 0.00000D+00  0.00000D+00  0.00000D+00  0.00000D+00  8.59985D-14  1.05882D-13 
 1.17163D-14  1.22984D-14  9.06902D-14  0.00000D+00  0.00000D+00  0.00000D+00 
 0.00000D+00 -6.40338D-16  3.69576D-13  3.78309D-13  2.84746D-14  2.71608D-14 
-2.10256D-13  0.00000D+00  0.00000D+00  0.00000D+00  0.00000D+00 -3.92578D-14 
 6.58678D-13  6.49480D-13  4.37134D-14  4.74065D-14 -6.84970D-13  0.00000D+00 
 0.00000D+00  0.00000D+00  0.00000D+00 -1.88670D-12  1.79028D-12  1.68104D-12 
 1.45452D-13  1.59047D-13 -4.02455D-12  0.00000D+00  0.00000D+00  0.00000D+00 
 0.00000D+00 -1.15279D-11  3.05655D-12  2.73240D-12  5.13724D-13  5.03477D-13 
-1.07790D-11  0.00000D+00  0.00000D+00  0.00000D+00  0.00000D+00 -3.36391D-11 
 2.17931D-12  1.50739D-12  1.65428D-12  1.21331D-12 -1.57063D-11  0.00000D+00 
 0.00000D+00  0.00000D+00  0.00000D+00 -6.15957D-11 -7.83896D-12 -8.89430D-12 
 6.82393D-12  3.87681D-12 -2.24183D-11  0.00000D+00  0.00000D+00  0.00000D+00 
 0.00000D+00 -5.98108D-11 -4.37881D-11 -4.45987D-11  1.23943D-11 -1.03633D-13 
-2.43844D-12  0.00000D+00  0.00000D+00  0.00000D+00  0.00000D+00  3.36473D-11 
-1.30229D-10 -1.27183D-10  4.86137D-11  1.36095D-10  7.27873D-11  0.00000D+00 
 0.00000D+00  0.00000D+00  0.00000D+00  1.94154D-10 -2.66751D-10 -2.52780D-10 
 2.72934D-10  3.16362D-10  1.36404D-10  0.00000D+00  0.00000D+00  1.23314D-15 
 1.89563D-14  2.02870D-10 -3.14798D-10 -2.98215D-10  6.67762D-10  8.72311D-10 
-1.34545D-11  0.00000D+00  0.00000D+00  2.00304D-14  1.02552D-13  1.93152D-10 
-3.24125D-10 -2.92366D-10 -3.39857D-10  5.68870D-10  4.01933D-11  0.00000D+00 
-2.62644D-13  4.14746D-12  6.72668D-12  6.47886D-12 -3.09674D-10 -3.11000D-10 
-1.46912D-09 -1.14739D-09 -2.71634D-11  0.00000D+00 -1.42765D-12  7.37576D-12 
 1.12124D-11 -6.93303D-11 -3.06087D-10 -3.14087D-10  1.07380D-09  2.35779D-09 
 1.45327D-11  0.00000D+00 -7.32309D-10  3.02886D-10  3.52293D-10 -2.42102D-09 
 2.92206D-10  8.44996D-10  5.82127D-09 -6.48642D-09 -5.38412D-09  0.00000D+00 
-7.44821D-09  2.19785D-09  2.35046D-09 -1.03331D-08  2.66002D-09  6.83275D-10 
-2.32305D-08 -1.07574D-08 -2.32353D-08  0.00000D+00 -2.93261D-08  7.37122D-09 
 7.39583D-09 -2.74213D-08  9.23307D-09 -6.66657D-09 -4.99764D-08 -4.08167D-08 
-5.30231D-08  0.00000D+00 -6.99799D-08  9.45618D-09  7.61765D-09 -5.09759D-08 
 4.80719D-09 -6.49876D-08 -1.73971D-07 -1.55933D-07 -6.57983D-08  0.00000D+00 
-1.09705D-07 -4.23654D-08 -5.35611D-08 -5.90533D-08 -1.04874D-07 -1.75575D-08 
-5.17196D-07 -4.91628D-07 -6.61752D-08  0.00000D+00 -8.34591D-08 -3.68953D-07 
-4.16750D-07  8.36609D-10 -4.88880D-07 -5.54875D-07 -2.10478D-06 -1.97965D-06 
 2.20454D-07  0.00000D+00  1.11024D-07 -1.75100D-06 -1.92485D-06  1.77791D-07 
-2.08920D-06 -2.18639D-06 -4.45873D-06 -4.41154D-06  1.42693D-06 -5.56382D-11 
 4.21424D-07 -6.42554D-06 -6.96510D-06  3.62727D-07 -7.07217D-06 -7.56062D-06 
-1.09843D-05 -8.06591D-06 -1.66039D-06 -9.65566D-11  4.26786D-07 -6.64346D-06 
-7.19432D-06  3.63138D-07 -7.29359D-06 -7.77866D-06 -1.19202D-05 -7.75933D-06 
-1.32036D-06 -1.70725D-07 -1.73153D-07 -2.19700D-05 -2.36152D-05 -7.94861D-07 
-2.36870D-05 -2.55246D-05 -2.75435D-05 -3.66706D-05  6.82507D-07 -2.84749D-06 
-6.45008D-06 -6.62354D-05 -7.11924D-05 -7.90550D-06 -6.99877D-05 -7.32701D-05 
-8.40641D-05 -1.04971D-04 -5.92315D-06 -1.94183D-05 -3.46979D-05 -1.87228D-04 
-2.00207D-04 -4.04440D-05 -1.94630D-04 -2.16363D-04 -3.59928D-04 -1.37457D-04 
-3.71895D-05 -8.97567D-05 -1.35128D-04 -5.02673D-04 -5.36278D-04 -1.42809D-04 
-5.22321D-04 -5.32047D-04 -8.32739D-04 -5.94595D-04 -1.50790D-04 -3.33505D-04 
-4.43423D-04 -1.28969D-03 -1.37769D-03 -4.62938D-04 -1.33099D-03 -1.42448D-03 
-1.38224D-03 -1.44819D-03 -4.71293D-04 -1.07563D-03 -1.31121D-03 -3.15646D-03 
-3.38579D-03 -1.32962D-03 -3.16408D-03 -3.62104D-03 -3.13836D-03 -3.73102D-03 
-1.36195D-03 -3.13049D-03 -3.63097D-03 -7.37306D-03 -7.80186D-03 -3.74639D-03 
-7.51101D-03 -7.61666D-03 -6.24216D-03  8.62163D-03 -3.73633D-03 -8.39439D-03 
-9.23947D-03 -1.64066D-02 -1.70920D-02 -9.33683D-03 -1.64351D-02 -1.76006D-02 
-1.25322D-02 -3.24455D-02 -9.44305D-03 -2.09437D-02 -2.24377D-02 -3.48026D-02 
-3.80012D-02 -2.27156D-02 -3.52770D-02 -3.73127D-02 -2.40132D-02  1.16842D-02 
-2.26161D-02 -4.87796D-02 -5.10471D-02 -6.92117D-02 -7.00502D-02 -5.15358D-02 
-6.98802D-02 -7.22116D-02 -5.18673D-02 -9.70758D-02 -5.14596D-02 -1.05772D-01 
-1.09121D-01 -1.28495D-01 -1.32336D-01 -1.09308D-01 -1.27985D-01 -1.30457D-01 
-8.16036D-02  3.24887D-02 -1.09585D-01 -2.12243D-01 -2.16445D-01 -2.20550D-01 
-2.21639D-01 -2.16933D-01 -2.20824D-01 -2.16672D-01 -1.27631D-01 -2.08669D-01 
-2.17100D-01 -3.90375D-01 -3.94772D-01 -3.47663D-01 -3.23861D-01 -3.95441D-01 
-3.48032D-01 -3.26001D-01 -1.88740D-01 -9.25596D-02 -3.95452D-01 -6.50617D-01 
-6.54460D-01 -5.02042D-01 -4.29556D-01 -6.55176D-01 -5.00702D-01 -4.40419D-01 
-2.23466D-01  9.07068D-03 -6.55579D-01 -9.71399D-01 -9.74518D-01 -6.63172D-01 
-5.16744D-01 -9.75030D-01 -6.64361D-01 -5.22324D-01 -2.60277D-01 -2.64266D-01 
-9.76353D-01  0.00000D+00  0.00000D+00  0.00000D+00  0.00000D+00  0.00000D+00 
 0.00000D+00  0.00000D+00 -7.43916D-21 -9.97299D-21 -4.92832D-16  0.00000D+00 
 0.00000D+00  0.00000D+00  0.00000D+00  0.00000D+00  0.00000D+00  0.00000D+00 
-1.02096D-19 -1.09090D-19 -2.99806D-16  0.00000D+00  0.00000D+00  0.00000D+00 
 0.00000D+00  0.00000D+00  0.00000D+00  0.00000D+00 -3.61144D-19 -3.56789D-19 
-3.35584D-16  0.00000D+00  0.00000D+00  0.00000D+00  0.00000D+00  0.00000D+00 
 0.00000D+00  0.00000D+00 -8.02360D-19 -7.67384D-19 -4.18039D-16  0.00000D+00 
 0.00000D+00  0.00000D+00  0.00000D+00  0.00000D+00  0.00000D+00  0.00000D+00 
-1.45334D-18 -1.39626D-18 -4.88554D-16  0.00000D+00  0.00000D+00  0.00000D+00 
 0.00000D+00  0.00000D+00  0.00000D+00  0.00000D+00 -2.32941D-18 -2.00180D-18 
-4.10441D-16  0.00000D+00  0.00000D+00  0.00000D+00  0.00000D+00  0.00000D+00 
 4.59185D-21  2.10029D-19 -3.41142D-19  1.19662D-18  1.41221D-16  0.00000D+00 
 0.00000D+00  0.00000D+00  0.00000D+00  0.00000D+00  5.98710D-21  2.33103D-19 
-3.04311D-19  1.26524D-18  1.46029D-16  0.00000D+00  0.00000D+00  0.00000D+00 
 0.00000D+00  0.00000D+00  2.64621D-19  1.81629D-18  1.12903D-18  3.35440D-18 
 2.74393D-16  0.00000D+00  0.00000D+00  0.00000D+00  0.00000D+00  0.00000D+00 
 3.94817D-16  5.18434D-16  2.86991D-17  3.45820D-17  1.26383D-15  0.00000D+00 
 0.00000D+00  0.00000D+00  0.00000D+00 -1.54747D-18  2.43372D-15  2.62764D-15 
 1.31567D-16  1.08901D-16  4.10609D-16  0.00000D+00  0.00000D+00  0.00000D+00 
 0.00000D+00 -1.49869D-16  5.36246D-15  5.54579D-15  2.07406D-16  2.60601D-16 
-2.95956D-15  0.00000D+00  0.00000D+00  0.00000D+00  0.00000D+00 -1.49547D-14 
 2.44104D-14  2.39263D-14  9.76264D-16  1.24188D-15 -5.01124D-14  0.00000D+00 
 0.00000D+00  0.00000D+00  0.00000D+00 -1.57358D-13  7.31126D-14  6.94889D-14 
 5.18779D-15  4.94082D-15 -2.50750D-13  0.00000D+00  0.00000D+00  0.00000D+00 
 0.00000D+00 -7.22467D-13  1.51096D-13  1.38967D-13  2.10552D-14  8.41731D-15 
-5.22678D-13  0.00000D+00  0.00000D+00  0.00000D+00  0.00000D+00 -2.04799D-12 
 1.56957D-13  1.23695D-13  1.28906D-13  3.45254D-14 -9.13194D-13  0.00000D+00 
 0.00000D+00  0.00000D+00  0.00000D+00 -3.72546D-12 -3.85579D-13 -4.63542D-13 
 1.88643D-13 -2.96032D-13 -2.02410D-12  0.00000D+00  0.00000D+00  0.00000D+00 
 0.00000D+00 -3.18703D-12 -2.86051D-12 -2.95218D-12  1.63552D-12  6.17828D-12 
 6.76275D-13  0.00000D+00  0.00000D+00  0.00000D+00  0.00000D+00  3.43032D-12 
-9.64760D-12 -9.22399D-12  1.76428D-11  1.74395D-11  4.38149D-12  0.00000D+00 
 0.00000D+00  3.70460D-18  8.57162D-17  6.69085D-12 -1.32227D-11 -1.32469D-11 
 4.89077D-11  5.78825D-11  1.44465D-12  0.00000D+00  0.00000D+00  9.09956D-17 
 6.28904D-16  7.42286D-12 -1.43300D-11 -1.43829D-11 -1.80652D-11  4.52176D-11 
 4.65721D-12  0.00000D+00 -1.30411D-15  5.45081D-14  9.85260D-14  8.15572D-12 
-1.96437D-11 -1.87616D-11 -9.73667D-11 -7.51294D-11  8.53786D-12  0.00000D+00 
-9.74925D-15  1.09872D-13  1.83151D-13  7.24397D-12 -2.06320D-11 -2.05868D-11 
 9.66601D-11  1.89118D-10  1.97606D-11  0.00000D+00 -1.85547D-11  9.46070D-12 
 1.13799D-11 -6.46706D-11 -1.96743D-11  6.21352D-12  6.39553D-10 -4.53193D-10 
-3.27987D-10  0.00000D+00 -2.97481D-10  1.05635D-10  1.16165D-10 -4.72278D-10 
 8.08341D-11 -7.50928D-11 -1.78427D-09 -5.04442D-10 -1.79489D-09  0.00000D+00 
-1.62647D-09  5.47811D-10  5.74553D-10 -1.77135D-09  7.00492D-10 -6.57684D-10 
-2.64979D-09 -1.56782D-09 -5.36327D-09  0.00000D+00 -5.28150D-09  1.68060D-09 
 1.68469D-09 -4.66162D-09  1.68492D-09 -5.82432D-09 -9.35868D-09 -6.75032D-09 
-1.09697D-08  0.00000D+00 -1.19248D-08  2.23366D-09  1.87870D-09 -8.93694D-09 
-3.23880D-09  8.87390D-09 -2.96533D-08 -2.40513D-08  1.03973D-08  0.00000D+00 
-1.85245D-08 -9.69571D-09 -1.21290D-08 -1.10598D-08 -1.96332D-08 -2.38170D-08 
-2.15231D-07 -1.98262D-07 -5.76641D-08  0.00000D+00 -1.37512D-08 -9.41273D-08 
-1.05816D-07 -2.56402D-09 -1.31241D-07 -1.31117D-07 -4.99965D-07 -4.62610D-07 
 5.17596D-08 -1.10465D-12  1.56395D-08 -4.77011D-07 -5.19910D-07  2.13312D-08 
-5.56272D-07 -5.86417D-07 -8.29577D-07  2.74326D-08 -9.33294D-08 -2.08230D-12 
 1.66696D-08 -4.97004D-07 -5.40393D-07  2.20633D-08 -5.76086D-07 -6.04034D-07 
-1.05452D-06  1.75205D-07 -9.51688D-08 -9.78809D-09  1.38185D-08 -2.07280D-06 
-2.22157D-06 -2.92396D-08 -2.30566D-06 -2.50906D-06 -1.61459D-07 -4.06698D-06 
 1.42881D-07 -2.37082D-07 -5.18949D-07 -7.57892D-06 -8.14353D-06 -6.61058D-07 
-8.18098D-06 -8.31487D-06 -4.05263D-06 -1.47937D-05 -3.51644D-07 -2.09977D-06 
-3.84735D-06 -2.54569D-05 -2.70703D-05 -4.63620D-06 -2.68682D-05 -3.11013D-05 
-5.57736D-05 -9.95564D-06 -4.07947D-06 -1.20019D-05 -1.86657D-05 -8.00630D-05 
-8.44114D-05 -1.97673D-05 -8.51508D-05 -8.11074D-05 -1.34758D-04 -1.21394D-04 
-2.13071D-05 -5.36531D-05 -7.32966D-05 -2.39691D-04 -2.50952D-04 -7.70217D-05 
-2.51177D-04 -2.73292D-04 -3.21604D-04 -1.10789D-04 -7.86961D-05 -2.04593D-04 
-2.54392D-04 -6.81042D-04 -7.21305D-04 -2.57085D-04 -6.81812D-04 -8.21741D-04 
-7.85465D-04 -2.13360D-03 -2.66073D-04 -6.95494D-04 -8.22704D-04 -1.83341D-03 
-1.89994D-03 -8.54892D-04 -1.88787D-03 -1.75288D-03 -1.69967D-03  1.06867D-02 
-8.50788D-04 -2.15862D-03 -2.40296D-03 -4.68642D-03 -4.56069D-03 -2.43112D-03 
-4.69593D-03 -4.87941D-03 -3.98172D-03 -1.42986D-02 -2.46783D-03 -6.18802D-03 
-6.69275D-03 -1.14046D-02 -1.23660D-02 -6.79107D-03 -1.16180D-02 -1.18127D-02 
-8.69906D-03  1.51536D-02 -6.74866D-03 -1.64539D-02 -1.73263D-02 -2.59653D-02 
-2.40241D-02 -1.75354D-02 -2.63385D-02 -2.54465D-02 -1.73556D-02 -4.88693D-02 
-1.74932D-02 -4.04814D-02 -4.19756D-02 -5.51161D-02 -5.24596D-02 -4.20299D-02 
-5.45770D-02 -5.21062D-02 -3.49670D-02  3.33539D-02 -4.21817D-02 -9.16086D-02 
-9.37731D-02 -1.07830D-01 -1.00157D-01 -9.40074D-02 -1.07803D-01 -9.69297D-02 
-6.55184D-02 -1.15819D-01 -9.41075D-02 -1.88886D-01 -1.91471D-01 -1.92957D-01 
-1.61451D-01 -1.91859D-01 -1.93206D-01 -1.61388D-01 -1.08132D-01 -4.53066D-02 
-1.91851D-01 -3.50701D-01 -3.53237D-01 -3.15265D-01 -2.34234D-01 -3.53805D-01 
-3.14612D-01 -2.41189D-01 -1.57129D-01  6.27973D-03 -3.54102D-01 -5.78951D-01 
-5.81553D-01 -4.69782D-01 -3.11047D-01 -5.82011D-01 -4.70303D-01 -3.15282D-01 
-2.11595D-01 -1.68485D-01 -5.82418D-01  0.00000D+00  0.00000D+00  0.00000D+00 
 0.00000D+00  0.00000D+00  0.00000D+00  0.00000D+00 -1.11990D-23 -1.58435D-23 
-1.62985D-18  0.00000D+00  0.00000D+00  0.00000D+00  0.00000D+00  0.00000D+00 
 0.00000D+00  0.00000D+00 -2.54662D-22 -2.81808D-22 -1.21128D-18  0.00000D+00 
 0.00000D+00  0.00000D+00  0.00000D+00  0.00000D+00  0.00000D+00  0.00000D+00 
-1.34259D-21 -1.36112D-21 -1.64136D-18  0.00000D+00  0.00000D+00  0.00000D+00 
 0.00000D+00  0.00000D+00  0.00000D+00  0.00000D+00 -4.36001D-21 -4.34524D-21 
-2.50691D-18  0.00000D+00  0.00000D+00  0.00000D+00  0.00000D+00  0.00000D+00 
 0.00000D+00  0.00000D+00 -1.27358D-20 -1.28074D-20 -3.82370D-18  0.00000D+00 
 0.00000D+00  0.00000D+00  0.00000D+00  0.00000D+00  0.00000D+00  0.00000D+00 
-4.16571D-20 -4.01491D-20 -5.36757D-18  0.00000D+00  0.00000D+00  0.00000D+00 
 0.00000D+00  0.00000D+00  5.69222D-24  3.63937D-22 -1.39442D-19 -1.31748D-19 
-5.20857D-18  0.00000D+00  0.00000D+00  0.00000D+00  0.00000D+00  0.00000D+00 
 7.50630D-24  4.08522D-22 -1.40523D-19 -1.32477D-19 -5.19377D-18  0.00000D+00 
 0.00000D+00  0.00000D+00  0.00000D+00  0.00000D+00  4.67597D-22  3.99511D-21 
-1.66579D-19 -1.49982D-19 -4.82446D-18  0.00000D+00  0.00000D+00  0.00000D+00 
 0.00000D+00  0.00000D+00  1.58808D-18  2.19585D-18 -4.31443D-19 -4.11998D-19 
 1.53940D-18  0.00000D+00  0.00000D+00  0.00000D+00  0.00000D+00 -3.18650D-21 
 1.28129D-17  1.43537D-17 -5.27618D-19 -8.42727D-19  5.80618D-18  0.00000D+00 
 0.00000D+00  0.00000D+00  0.00000D+00 -5.13951D-19  3.29326D-17  3.52727D-17 
-1.26544D-18 -7.74299D-19 -4.26185D-18  0.00000D+00  0.00000D+00  0.00000D+00 
 0.00000D+00 -9.02383D-17  2.19368D-16  2.20951D-16 -4.87420D-18  5.64780D-20 
-3.70090D-16  0.00000D+00  0.00000D+00  0.00000D+00  0.00000D+00 -1.42935D-15 
 9.42682D-16  9.23675D-16  2.99096D-18  3.27699D-19 -3.36150D-15  0.00000D+00 
 0.00000D+00  0.00000D+00  0.00000D+00 -9.27331D-15  3.01477D-15  2.91091D-15 
 1.50650D-16 -1.84654D-16 -9.26727D-15  0.00000D+00  0.00000D+00  0.00000D+00 
 0.00000D+00 -3.72920D-14  7.28281D-15  6.80093D-15  1.00025D-15 -9.68814D-16 
-1.75921D-14  0.00000D+00  0.00000D+00  0.00000D+00  0.00000D+00 -1.02807D-13 
 1.03744D-14  8.25336D-15 -7.28768D-15 -1.91669D-14 -7.90472D-14  0.00000D+00 
 0.00000D+00  0.00000D+00  0.00000D+00 -1.84276D-13 -1.58362D-14 -2.22573D-14 
 1.63760D-14  2.09401D-13 -5.64883D-14  0.00000D+00  0.00000D+00  0.00000D+00 
 0.00000D+00 -1.41877D-13 -1.65441D-13 -1.49327D-13  8.68136D-13  4.71415D-13 
-5.14600D-14  0.00000D+00  0.00000D+00  1.13472D-20  3.61818D-19 -6.03355D-14 
-2.44616D-13 -2.56473D-13  2.62906D-12  2.42827D-12  6.63166D-14  0.00000D+00 
 0.00000D+00  3.81540D-19  3.31657D-18 -3.39279D-14 -2.79011D-13 -3.44831D-13 
-8.49399D-13  2.44512D-12  6.75226D-14  0.00000D+00 -5.87788D-18  4.98746D-16 
 9.81310D-16  1.02815D-13 -5.68722D-13 -4.00708D-13 -6.11121D-12 -4.55494D-12 
-9.43456D-14  0.00000D+00 -5.57646D-17  1.10844D-15  1.98925D-15  1.20714D-13 
-5.93047D-13 -4.43338D-13  5.49393D-12  1.04001D-11  1.86583D-13  0.00000D+00 
-3.03814D-13  1.90455D-13  2.36989D-13 -1.09619D-12 -1.21643D-12 -1.29784D-12 
 4.45467D-11 -3.10539D-11 -9.97640D-12  0.00000D+00 -8.03427D-12  3.33344D-12 
 3.75329D-12 -1.46525D-11  8.21602D-13 -4.04686D-12 -1.32429D-10 -2.68694D-11 
-1.05071D-10  0.00000D+00 -6.24669D-11  2.53303D-11  2.72475D-11 -7.72469D-11 
 3.02040D-11 -3.81783D-11 -5.51674D-11  3.13626D-11 -2.94342D-10  0.00000D+00 
-2.72685D-10  1.19346D-10  1.25065D-10 -2.72992D-10  1.26855D-10 -4.05099D-10 
 1.95263D-11  2.33239D-10 -7.26201D-10  0.00000D+00 -8.22224D-10  3.81118D-10 
 3.89189D-10 -7.13532D-10 -1.01575D-11  1.10531D-09  5.89110D-10  1.29783D-09 
 1.96058D-09  0.00000D+00 -1.80677D-09  6.59448D-10  6.22905D-10 -1.36323D-09 
-1.46049D-12 -1.48412D-10 -1.16480D-08 -1.16922D-08  8.18472D-09  0.00000D+00 
-2.66710D-09 -1.53342D-09 -1.91935D-09 -1.58750D-09 -4.94265D-09 -3.93982D-09 
-7.38924D-08 -6.14833D-08 -1.90028D-08 -1.47802D-14 -1.51895D-09 -2.06506D-08 
-2.22937D-08 -3.47940D-10 -2.88053D-08 -2.87248D-08  1.00752D-07  1.81902D-07 
 3.03222D-08 -3.04819D-14 -1.44066D-09 -2.18519D-08 -2.34105D-08 -2.81127D-10 
-2.99452D-08 -2.92562D-08  7.21114D-08  2.31537D-07  2.92744D-08 -4.47681D-10 
 1.38566D-09 -1.30134D-07 -1.35821D-07 -1.67504D-10 -1.57772D-07 -1.71339D-07 
 5.38706D-07 -9.01668D-08  2.53651D-08 -1.62260D-08 -3.19956D-08 -6.12667D-07 
-6.46683D-07 -4.26060D-08 -6.97899D-07 -6.45244D-07 -1.68057D-06 -1.05605D-06 
-8.07837D-09 -1.88963D-07 -3.47273D-07 -2.53348D-06 -2.61909D-06 -4.38290D-07 
-2.70244D-06 -3.46802D-06 -1.77064D-05  1.81332D-06 -3.53838D-07 -1.34461D-06 
-2.14449D-06 -9.49436D-06 -9.65754D-06 -2.25246D-06 -1.05206D-05 -8.04621D-06 
-2.90587D-05 -1.57114D-05 -2.54092D-06 -7.26201D-06 -1.01749D-05 -3.36486D-05 
-3.31855D-05 -1.07783D-05 -3.61990D-05 -4.14971D-05 -4.15129D-05  4.51261D-05 
-1.10562D-05 -3.28314D-05 -4.14148D-05 -1.12750D-04 -1.12345D-04 -4.14704D-05 
-1.11791D-04 -1.46199D-04 -1.07817D-04 -2.77609D-04 -4.37254D-05 -1.30605D-04 
-1.57972D-04 -3.53682D-04 -3.55550D-04 -1.65698D-04 -3.69258D-04 -2.87645D-04 
-1.84840D-04  6.05250D-03 -1.64241D-04 -4.69813D-04 -5.28159D-04 -1.05038D-03 
-8.30686D-04 -5.34501D-04 -1.04336D-03 -1.01345D-03 -5.62625D-04 -1.04059D-02 
-5.46456D-04 -1.54900D-03 -1.69185D-03 -2.96176D-03 -3.16207D-03 -1.72239D-03 
-3.03809D-03 -2.80930D-03 -1.45604D-03  6.28832D-03 -1.70495D-03 -4.70589D-03 
-4.98499D-03 -7.80919D-03 -5.88789D-03 -5.06318D-03 -7.88125D-03 -6.54409D-03 
-3.62380D-03 -1.41635D-02 -5.04383D-03 -1.31437D-02 -1.36993D-02 -1.91677D-02 
-1.51746D-02 -1.37049D-02 -1.92275D-02 -1.52436D-02 -6.77718D-03  3.13715D-02 
-1.37790D-02 -3.35448D-02 -3.44778D-02 -4.32035D-02 -3.33173D-02 -3.45636D-02 
-4.33926D-02 -3.20192D-02 -1.74469D-02 -4.67830D-02 -3.46304D-02 -7.74704D-02 
-7.87612D-02 -8.86798D-02 -5.88028D-02 -7.89525D-02 -8.88768D-02 -5.79431D-02 
-3.11682D-02 -6.99573D-03 -7.89396D-02 -1.60041D-01 -1.61440D-01 -1.65165D-01 
-9.16075D-02 -1.61761D-01 -1.65266D-01 -9.53608D-02 -5.06631D-02  2.26712D-02 
-1.61921D-01 -2.91622D-01 -2.93165D-01 -2.78952D-01 -1.33272D-01 -2.93563D-01 
-2.79751D-01 -1.35782D-01 -7.72360D-02 -6.22123D-02 -2.93297D-01  0.00000D+00 
 0.00000D+00  0.00000D+00  0.00000D+00  0.00000D+00  0.00000D+00  0.00000D+00 
-5.65915D-27 -8.58558D-27 -3.76824D-21  0.00000D+00  0.00000D+00  0.00000D+00 
 0.00000D+00  0.00000D+00  0.00000D+00  0.00000D+00 -2.18813D-25 -2.48135D-25 
-3.43364D-21  0.00000D+00  0.00000D+00  0.00000D+00  0.00000D+00  0.00000D+00 
 0.00000D+00  0.00000D+00 -1.63467D-24 -1.69599D-24 -5.59709D-21  0.00000D+00 
 0.00000D+00  0.00000D+00  0.00000D+00  0.00000D+00  0.00000D+00  0.00000D+00 
-7.13810D-24 -7.28689D-24 -1.02010D-20  0.00000D+00  0.00000D+00  0.00000D+00 
 0.00000D+00  0.00000D+00  0.00000D+00  0.00000D+00 -2.76777D-23 -2.79080D-23 
-1.87110D-20  0.00000D+00  0.00000D+00  0.00000D+00  0.00000D+00  0.00000D+00 
 0.00000D+00  0.00000D+00 -1.11192D-22 -1.10604D-22 -3.34531D-20  0.00000D+00 
 0.00000D+00  0.00000D+00  0.00000D+00  0.00000D+00  4.19252D-27  4.32262D-25 
-4.61443D-22 -4.60446D-22 -5.06663D-20  0.00000D+00  0.00000D+00  0.00000D+00 
 0.00000D+00  0.00000D+00  5.69277D-27  4.91689D-25 -4.65253D-22 -4.64116D-22 
-5.06978D-20  0.00000D+00  0.00000D+00  0.00000D+00  0.00000D+00  0.00000D+00 
 5.68629D-25  6.21778D-24 -5.68741D-22 -5.63965D-22 -5.23844D-20  0.00000D+00 
 0.00000D+00  0.00000D+00  0.00000D+00  0.00000D+00  4.72911D-21  6.88790D-21 
-1.96713D-21 -1.98605D-21 -5.13612D-20  0.00000D+00  0.00000D+00  0.00000D+00 
 0.00000D+00 -4.71425D-24  4.92788D-20  5.68228D-20 -4.81716D-21 -4.85633D-21 
-1.25842D-20  0.00000D+00  0.00000D+00  0.00000D+00  0.00000D+00 -1.31971D-21 
 1.43703D-19  1.58065D-19 -8.58509D-21 -8.68746D-21 -8.48544D-22  0.00000D+00 
 0.00000D+00  0.00000D+00  0.00000D+00 -3.98892D-19  1.30651D-18  1.34024D-18 
-3.68822D-20 -3.49213D-20 -1.46231D-18  0.00000D+00  0.00000D+00  0.00000D+00 
 0.00000D+00 -9.09668D-18  7.40800D-18  7.39792D-18 -1.45355D-19 -1.40664D-19 
-2.82111D-17  0.00000D+00  0.00000D+00  0.00000D+00  0.00000D+00 -7.91930D-17 
 3.06834D-17  3.03083D-17 -4.77421D-19 -5.29773D-19 -1.05596D-16  0.00000D+00 
 0.00000D+00  0.00000D+00  0.00000D+00 -4.21865D-16  9.96629D-17  9.43376D-17 
-2.50281D-18 -2.34989D-18 -1.89688D-16  0.00000D+00  0.00000D+00  0.00000D+00 
 0.00000D+00 -1.56680D-15  2.37992D-16  1.92643D-16 -1.43846D-17 -8.48206D-18 
-1.21587D-15  0.00000D+00  0.00000D+00  0.00000D+00  0.00000D+00 -4.07321D-15 
 1.02984D-16 -1.51540D-16 -1.48485D-17 -2.28382D-17 -2.20445D-15  0.00000D+00 
 0.00000D+00  0.00000D+00  0.00000D+00 -6.47737D-15 -2.48580D-15 -2.26158D-15 
 5.29538D-17 -1.50357D-16 -2.61282D-16  0.00000D+00  0.00000D+00  2.70405D-23 
 1.20816D-21 -6.21673D-15 -3.01462D-15 -2.11494D-15  5.23441D-16 -1.40690D-16 
 1.78598D-15  0.00000D+00  0.00000D+00  1.24892D-21  1.34650D-20 -5.99664D-15 
-3.31662D-15 -5.86644D-15  5.57996D-16  1.24314D-17 -3.49680D-16  0.00000D+00 
-2.09271D-20  3.34065D-18  7.11092D-18 -3.48957D-15 -1.36573D-14 -3.12753D-15 
 4.96429D-16  9.89534D-18  3.64511D-15  0.00000D+00 -2.44180D-19  8.09143D-18 
 1.55636D-17 -2.76984D-15 -1.34219D-14  2.41172D-16  3.25831D-15  2.31267D-18 
-8.90572D-15  0.00000D+00 -3.43998D-15  2.53886D-15  3.25013D-15 -9.36453D-15 
-3.11884D-14 -9.91562D-14  1.44675D-14 -3.13188D-17 -5.93874D-13  0.00000D+00 
-1.43829D-13  6.56788D-14  7.52035D-14 -2.80248D-13 -4.83582D-14  5.54911D-14 
 1.68404D-14 -1.35560D-14 -2.91352D-12  0.00000D+00 -1.57166D-12  6.81026D-13 
 7.43212D-13 -2.12572D-12  7.35349D-13 -1.32211D-12 -4.15339D-13 -3.18325D-13 
 7.28736D-12  0.00000D+00 -9.12075D-12  4.23061D-12  4.51110D-12 -1.00037D-11 
 5.64628D-12 -2.35496D-11 -2.76636D-12 -2.36821D-12  1.11484D-11  0.00000D+00 
-3.57407D-11  1.80872D-11  1.89129D-11 -3.41189D-11 -3.94184D-12  7.45521D-11 
-1.44954D-11 -1.38999D-11 -7.46199D-11  0.00000D+00 -1.03024D-10  5.06380D-11 
 5.08907D-11 -8.78544D-11  3.06884D-11  3.01954D-11 -9.17226D-11 -7.22660D-11 
-3.01971D-10  0.00000D+00 -2.15344D-10  1.75752D-11  7.65640D-13 -1.52288D-10 
-1.77255D-10 -2.50251D-11 -6.20949D-11 -1.23055D-10 -3.10800D-09 -1.43647D-16 
-2.68585D-10 -9.07525D-10 -9.94509D-10 -1.67071D-10 -1.36106D-09 -1.40422D-09 
-1.56153D-09 -9.58237D-10  9.38667D-10 -3.20912D-16 -2.66892D-10 -9.83743D-10 
-1.05294D-09 -1.66061D-10 -1.40140D-09 -1.41783D-09 -1.55714D-09 -1.07506D-09 
 3.84132D-10 -1.45080D-11 -4.14392D-11 -7.93022D-09 -7.98479D-09  2.31575D-12 
-1.01968D-08 -9.62715D-09 -6.35257D-09 -6.15279D-09 -1.15425D-10 -7.94842D-10 
-1.21124D-09 -4.53198D-08 -4.85084D-08 -1.73686D-09 -5.13317D-08 -5.00583D-08 
-1.03098D-09 -2.49196D-08  1.32918D-09 -1.22578D-08 -2.17227D-08 -2.26613D-07 
-2.35149D-07 -2.93192D-08 -2.39888D-07 -3.41910D-07  2.10215D-08 -5.48645D-08 
-1.97760D-08 -1.09185D-07 -1.75612D-07 -9.93212D-07 -1.01975D-06 -1.75078D-07 
-1.15742D-06 -6.18209D-07 -1.33430D-07 -3.02278D-07 -2.17518D-07 -7.16191D-07 
-1.03573D-06 -4.07215D-06 -4.02710D-06 -1.11603D-06 -4.65994D-06 -7.31713D-06 
-6.44874D-07 -1.41021D-06 -1.12322D-06 -3.86058D-06 -4.87569D-06 -1.57969D-05 
-1.53695D-05 -4.76155D-06 -1.50233D-05 -2.78182D-05 -2.63368D-06 -7.28301D-06 
-5.31912D-06 -1.80875D-05 -2.26465D-05 -5.69380D-05 -6.15809D-05 -2.40272D-05 
-6.04804D-05 -2.71175D-05 -1.15141D-05 -4.51874D-05 -2.37262D-05 -7.59790D-05 
-8.58572D-05 -1.92152D-04 -1.34163D-04 -8.81071D-05 -1.88742D-04 -1.85384D-04 
-4.21423D-05  6.53056D-06 -9.06433D-05 -2.90742D-04 -3.22582D-04 -6.17379D-04 
-7.32838D-04 -3.28907D-04 -6.42404D-04 -6.24381D-04 -8.76981D-05  1.86157D-05 
-3.22643D-04 -1.02044D-03 -1.08888D-03 -1.83715D-03 -1.25465D-03 -1.11969D-03 
-1.87133D-03 -1.50281D-03 -3.01445D-04 -6.45256D-04 -1.10683D-03 -3.27941D-03 
-3.44827D-03 -5.08231D-03 -3.92821D-03 -3.43401D-03 -5.03084D-03 -4.06692D-03 
-8.78289D-04 -3.73841D-04 -3.47559D-03 -9.59143D-03 -9.93806D-03 -1.28470D-02 
-1.02728D-02 -9.96178D-03 -1.28786D-02 -9.79186D-03 -1.49848D-03 -2.55249D-03 
-1.00017D-02 -2.52665D-02 -2.58629D-02 -2.93996D-02 -1.98634D-02 -2.59637D-02 
-2.94658D-02 -1.96366D-02 -3.30944D-03 -1.99001D-03 -2.59303D-02 -5.92377D-02 
-6.01098D-02 -6.06576D-02 -3.46893D-02 -6.03037D-02 -6.06254D-02 -3.54882D-02 
-6.45478D-03 -2.03735D-03 -6.04113D-02 -1.21937D-01 -1.23109D-01 -1.12611D-01 
-5.51228D-02 -1.23344D-01 -1.12848D-01 -5.57831D-02 -9.64469D-03 -8.19421D-03 
-1.22086D-01 
