1
3
4
5
8
10
12
14
16
17
19
21
26
30
31
33
35
37
39
43
44
53
61
71
72
77
82
85
90
92
94
96
97
100
107
111
113
127
128
137
138
139
140
142
149
151
153
163
164
180
181
184
185
198
202
204
209
217
218
226
233
236
261
263
264
273
280
306
309
325
326
327
379
387
414
415
417
418
433
434
442
462
468
472
484
504
522
545
552
573
609
615
632
639
667
690
700
705
728
746
763
805
810
843
850
866
888
922
924
939
950
955
977
1013
1033
1048
1066
1087
1102
1122
1138
1169
1176
1191
1194
1209
1243
1244
1258
1265
1283
1332
1340
1354
1360
1365
1370
1382
1386
1396
1443
1459
1469
1471
1523
1545
1548
1558
1571
1612
1652
1699
1701
1741
1788
1813
1830
1940
1958
1971
1991
2019
2053
2060
2105
2132
2163
2236
2245
2252
2268
2271
2276
2283
2296
2297
2332
2341
2357
2365
2381
2407
2423
2430
2446
2519
2552
2557
2583
2597
2613
2625
2641
2646
2648
2665
2702
2735
2745
2754
2755
2784
2791
2792
2824
2829
2834
2836
2843
2844
